296
560
500
42
103 99 3.5342917352885173 1
81 121 0.4663301595172349 0
47 135 6.111379458936394 1
75 150 2.945243112740431 1
114 154 3.6815538909255388 0
56 155 6.086835766330224 0
172 157 4.074252972624263 1
65 169 2.454369260617026 1
148 185 1.030835089459151 0
31 189 5.522330836388308 1
71 191 2.1598449493429825 1
182 211 4.172427743048944 1
81 214 1.055378782065321 1
198 227 4.319689898685965 0
86 232 1.1044661672776617 1
193 234 1.030835089459151 1
41 238 1.521708941582556 0
105 241 4.000621894805752 1
90 273 1.1044661672776617 1
29 278 1.3499030933393643 1
81 287 0.9817477042468103 0
91 300 4.221515128261284 1
141 303 4.246058820867455 0
204 309 4.172427743048944 0
86 312 1.030835089459151 1
49 330 1.1780972450961724 0
167 349 4.049709280018092 0
192 350 4.000621894805752 1
147 359 4.000621894805752 1
178 381 3.730641276137879 0
80 384 4.172427743048944 1
201 386 3.5588354278946874 0
169 390 3.6324665057131984 0
130 399 3.77972866135022 1
197 414 3.3379421944391554 1
91 417 3.902447124381071 0
138 423 3.4606606574700063 1
143 431 3.2643111166206444 0
109 436 0.14726215563702155 1
68 438 3.5833791205008576 0
162 459 3.1906800388021335 1
119 467 3.2888548092268146 0
