296
560
500
54
283 134 0.9817477042468103 0
208 139 0.5890486225480862 1
276 146 4.074252972624263 0
243 148 1.1044661672776617 1
204 159 0.6381360077604268 0
221 169 3.6324665057131984 1
158 170 6.111379458936394 1
203 178 3.313398501832985 1
244 194 4.344233591292136 1
178 202 2.748893571891069 0
128 210 2.2089323345553233 1
172 225 2.2334760271614935 0
180 228 1.6198837120072371 0
94 236 2.1353012567368124 1
173 238 1.9144080232812801 1
247 245 1.8653206380689396 1
181 252 4.73693267299086 1
146 273 1.9389517158874505 1
251 284 5.006913291658733 0
73 286 1.9634954084936207 0
120 295 1.88986433067511 0
246 312 1.8407769454627694 1
265 319 5.006913291658733 1
159 324 5.105088062083414 0
56 347 4.933282213840222 1
18 352 4.663301595172349 0
201 369 4.957825906446392 0
129 372 4.73693267299086 0
45 378 4.540583132141498 0
144 380 4.73693267299086 1
267 383 1.718058482431918 0
86 389 4.491495746929157 1
165 393 4.6878452877785195 1
42 405 0.7853981633974483 1
122 408 4.319689898685965 0
135 408 4.3933209765044765 0
61 410 4.074252972624263 0
238 415 1.6935147898257479 0
272 420 4.859651136021712 1
74 422 4.0987966652304335 0
147 425 4.295146206079795 0
14 428 0.8835729338221293 0
31 435 3.8288160465625602 0
262 436 4.76147636559703 0
120 446 4.074252972624263 0
191 450 4.589670517353839 0
166 452 4.3933209765044765 1
20 457 0.9081166264282996 0
72 461 3.877903431774901 1
99 461 4.025165587411922 0
183 463 4.516039439535327 1
88 475 1.0799224746714913 1
54 482 3.80427235395639 1
29 484 0.859029241215959 0
