296
560
500
29
153 86 3.509748042682347 1
131 108 0.5645049299419159 0
96 120 6.160466844148735 1
127 133 2.9943304979527716 0
104 140 6.234097921967246 0
157 144 3.730641276137879 1
219 148 4.123340357836604 1
118 156 2.6998061866787286 1
82 170 5.71868037723767 0
196 176 1.030835089459151 1
115 177 2.1598449493429825 1
122 213 1.4971652489763858 1
131 223 1.055378782065321 0
79 224 1.4971652489763858 1
119 228 1.3499030933393643 1
131 263 1.1290098598838318 1
74 265 1.3744467859455345 0
176 294 4.319689898685965 1
122 303 1.0799224746714913 0
87 315 1.227184630308513 0
202 345 4.0987966652304335 1
185 348 4.074252972624263 0
114 371 4.246058820867455 1
212 373 3.7551849687440497 0
202 382 3.6815538909255388 0
161 393 3.8533597391687304 0
122 404 3.9760782021995817 0
141 426 0.19634954084936207 1
172 427 3.436116964863836 1
