296
560
500
64
179 67 3.6815538909255388 1
132 83 0.39269908169872414 1
212 87 3.8288160465625602 1
133 92 3.2643111166206444 0
221 110 0.9081166264282996 1
88 114 2.5034566458293663 1
117 120 0.3190680038802134 0
36 128 2.1598449493429825 1
86 136 6.013204688511713 1
209 149 4.000621894805752 1
155 150 3.6570101983193686 0
109 165 2.454369260617026 1
189 181 1.0062913968529805 0
119 187 2.3316507975861747 1
73 188 5.473243451175968 1
222 204 4.147884050442774 1
51 207 1.718058482431918 1
131 217 0.9081166264282996 0
253 218 4.147884050442774 1
232 227 1.0062913968529805 1
145 230 3.8288160465625602 1
121 231 1.3744467859455345 1
81 237 1.4480778637640452 1
56 245 1.8162332528565992 1
50 253 5.031456984264903 1
30 262 1.718058482431918 0
135 272 1.1044661672776617 1
75 277 1.3499030933393643 1
54 279 1.4726215563702154 0
15 284 1.6198837120072371 0
178 300 4.319689898685965 1
242 300 4.172427743048944 0
133 306 1.055378782065321 0
37 328 1.3989904785517047 0
95 331 1.1535535524900022 0
233 345 3.9760782021995817 1
209 350 4.025165587411922 1
191 352 4.000621894805752 0
223 376 3.6570101983193686 0
245 381 3.5588354278946874 0
127 384 4.147884050442774 1
211 385 3.6079228131070282 0
173 395 3.77972866135022 1
88 410 4.0987966652304335 0
135 413 3.902447124381071 0
239 413 3.313398501832985 0
186 416 3.4606606574700063 0
188 427 3.215223731408304 0
98 436 3.706097583531709 1
233 436 3.215223731408304 0
118 438 3.7551849687440497 0
153 438 0.09817477042468103 0
83 450 3.485204350076177 1
208 455 3.1661363461959633 1
244 456 6.209554229361076 1
166 464 3.2643111166206444 0
128 465 3.436116964863836 0
215 475 3.018874190558942 0
136 485 0.0 1
92 492 3.2888548092268146 0
126 493 3.2643111166206444 0
109 496 3.141592653589793 0
154 500 3.1661363461959633 0
148 538 2.945243112740431 0
