296
560
500
64
117 24 1.9389517158874505 0
228 36 4.172427743048944 0
133 47 2.110757564130642 1
138 58 1.1535535524900022 1
153 61 4.0987966652304335 1
129 63 1.3989904785517047 1
92 66 1.521708941582556 0
141 103 1.1535535524900022 1
84 110 1.3744467859455345 0
183 131 4.368777283898306 1
65 134 1.4480778637640452 1
137 135 1.1044661672776617 0
98 160 1.2026409377023426 0
237 179 4.000621894805752 1
213 184 4.049709280018092 1
196 187 4.025165587411922 0
223 210 3.730641276137879 0
129 217 4.196971435655114 1
214 219 3.6324665057131984 0
174 228 3.80427235395639 1
89 242 4.147884050442774 0
139 248 3.902447124381071 0
186 254 3.4606606574700063 1
248 254 3.5833791205008576 1
71 255 0.5890486225480862 1
188 262 3.2643111166206444 0
65 266 0.7853981633974483 1
118 267 3.877903431774901 1
98 269 3.7551849687440497 1
152 272 0.14726215563702155 0
241 275 3.5833791205008576 0
213 292 3.215223731408304 1
125 299 3.485204350076177 0
167 299 3.2888548092268146 0
73 311 1.2026409377023426 1
216 313 3.0925052683774528 0
73 324 5.841398840268521 0
104 324 3.215223731408304 1
123 327 3.2888548092268146 0
204 343 0.1718058482431918 0
257 348 4.6878452877785195 1
104 353 2.945243112740431 0
228 357 3.067961575771282 0
59 360 5.816855147662351 0
104 363 2.675262494072558 1
237 363 1.7916895602504288 0
152 364 2.748893571891069 1
56 376 4.71238898038469 0
125 389 2.356194490192345 0
137 390 1.9880391010997909 1
159 400 1.6935147898257479 1
240 404 5.006913291658733 1
132 406 1.7426021750380885 1
97 421 5.301437602932776 0
57 429 5.154175447295755 1
102 434 2.454369260617026 0
138 447 1.2762720155208536 0
147 451 4.71238898038469 1
100 456 2.3316507975861747 1
46 465 5.006913291658733 0
163 465 4.516039439535327 0
52 471 5.473243451175968 1
136 477 0.9081166264282996 0
173 480 3.9515345095934116 0
