296
560
500
56
196 72 3.730641276137879 1
116 73 0.0 1
150 87 0.44178646691106466 1
225 92 3.8533597391687304 1
150 96 3.3379421944391554 0
103 115 2.5770877236478773 1
236 117 0.9326603190344698 1
133 123 0.39269908169872414 0
100 138 6.062292073724054 1
223 154 4.000621894805752 1
165 156 3.6570101983193686 1
120 170 2.454369260617026 1
202 184 0.9817477042468103 0
131 191 2.3071071049800045 1
84 192 5.473243451175968 1
62 206 1.7671458676442586 1
234 206 4.147884050442774 1
143 220 0.8344855486097889 0
265 220 4.172427743048944 1
246 230 0.9817477042468103 1
158 232 3.706097583531709 1
134 234 1.3499030933393643 1
92 239 1.4480778637640452 1
65 243 1.7916895602504288 1
59 253 5.006913291658733 1
148 272 1.0799224746714913 1
85 278 1.3499030933393643 1
63 280 1.521708941582556 0
256 297 4.147884050442774 0
195 300 4.246058820867455 1
146 306 1.0062913968529805 0
106 331 1.0799224746714913 0
251 343 3.9515345095934116 1
226 346 3.9760782021995817 1
207 349 3.9760782021995817 0
239 372 3.6570101983193686 0
261 376 3.5342917352885173 0
226 380 3.5833791205008576 0
140 382 4.123340357836604 1
190 391 3.6815538909255388 1
257 402 3.2643111166206444 1
97 408 4.074252972624263 0
150 411 3.8288160465625602 0
202 411 3.3870295796514958 0
204 422 3.1661363461959633 0
92 428 0.39269908169872414 0
247 431 3.215223731408304 0
107 433 3.5833791205008576 1
168 435 0.04908738521234052 0
130 436 3.730641276137879 0
222 449 3.141592653589793 1
259 450 0.07363107781851078 1
180 459 3.215223731408304 0
142 462 3.3870295796514958 0
230 470 3.043417883165112 0
180 487 2.9697868053466014 1
