296
560
500
50
121 78 0.5154175447295755 0
124 105 3.4606606574700063 0
175 117 3.7551849687440497 1
123 126 0.4663301595172349 1
124 135 3.3624858870453256 0
204 139 3.902447124381071 1
35 142 5.816855147662351 1
75 153 2.6016314162540475 1
104 161 0.4172427743048944 0
209 161 0.9817477042468103 1
26 167 2.3071071049800045 0
71 176 6.062292073724054 1
135 194 3.6570101983193686 1
195 199 4.074252972624263 1
93 206 2.552544031041707 1
172 227 1.1044661672776617 0
55 228 5.497787143782138 1
102 229 2.429825568010856 1
32 243 1.7916895602504288 1
202 253 4.246058820867455 1
233 270 4.221515128261284 1
125 273 3.9269908169872414 1
60 276 1.521708941582556 1
212 278 1.055378782065321 1
111 313 1.2026409377023426 1
51 316 1.423534171157875 1
31 319 1.5953400194010667 0
153 345 4.368777283898306 1
107 347 1.1290098598838318 0
217 349 4.221515128261284 0
68 373 1.1780972450961724 0
204 392 4.049709280018092 1
180 396 4.074252972624263 1
162 397 4.049709280018092 0
193 419 3.730641276137879 1
95 424 4.221515128261284 1
215 428 3.5588354278946874 0
180 431 3.6815538909255388 0
141 438 3.8533597391687304 1
57 450 4.147884050442774 0
103 455 3.9515345095934116 0
208 458 3.2643111166206444 0
153 460 3.509748042682347 0
154 472 3.2888548092268146 0
61 474 3.80427235395639 1
84 474 3.877903431774901 1
116 479 0.19634954084936207 0
201 482 3.215223731408304 0
172 500 3.1906800388021335 1
129 507 3.313398501832985 0
