296
560
500
57
153 82 2.724349879284899 1
214 99 3.3379421944391554 1
223 118 0.4663301595172349 1
220 125 3.3379421944391554 0
132 136 5.767767762450011 1
173 141 2.6016314162540475 0
210 157 0.5399612373357456 1
125 164 2.2089323345553233 1
178 165 6.135923151542564 1
234 185 3.6570101983193686 1
51 186 5.2768939103266055 1
75 190 2.110757564130642 1
88 203 5.301437602932776 1
156 218 5.546874528994478 1
276 220 1.1290098598838318 1
131 237 1.88986433067511 1
191 239 1.9880391010997909 1
86 243 1.9880391010997909 0
158 268 1.6198837120072371 1
198 272 1.4971652489763858 1
102 287 1.8653206380689396 0
208 287 1.3744467859455345 1
147 303 1.5707963267948966 1
211 304 4.540583132141498 0
125 309 1.6689710972195777 0
205 309 1.2517283229146832 1
77 310 1.7426021750380885 1
74 332 4.933282213840222 0
245 343 4.442408361716817 1
197 344 1.2026409377023426 0
100 354 1.5462526341887264 0
78 366 1.7916895602504288 0
161 368 1.325359400733194 1
67 394 2.110757564130642 0
248 396 4.147884050442774 0
269 398 4.123340357836604 1
82 400 1.6198837120072371 1
178 421 4.319689898685965 1
74 423 1.5953400194010667 1
263 433 3.7551849687440497 0
136 439 4.295146206079795 0
226 441 3.902447124381071 1
95 443 4.147884050442774 1
63 445 5.816855147662351 0
183 453 4.049709280018092 0
234 468 3.5833791205008576 1
97 470 3.1906800388021335 1
143 470 3.902447124381071 1
162 470 4.000621894805752 1
234 474 3.3379421944391554 0
122 477 3.5833791205008576 1
194 480 0.2454369260617026 0
165 503 3.6815538909255388 0
205 508 3.411573272257666 0
134 523 3.436116964863836 1
162 523 3.3870295796514958 1
92 528 3.043417883165112 0
