296
560
500
41
97 103 3.117048960983623 0
197 126 0.6135923151542565 0
237 126 3.80427235395639 1
186 146 3.6079228131070282 1
84 175 2.84706834231575 0
101 210 0.2945243112740431 1
16 227 2.429825568010856 0
55 230 2.5770877236478773 0
40 238 5.743224069843841 1
241 256 0.9081166264282996 1
86 259 2.748893571891069 1
33 268 5.5714182216006485 0
200 284 4.000621894805752 0
83 288 0.44178646691106466 1
244 288 4.074252972624263 1
26 299 5.522330836388308 1
19 322 5.595961914206819 1
128 322 3.8533597391687304 0
69 323 0.2945243112740431 0
153 326 3.9760782021995817 0
102 340 3.5833791205008576 1
58 350 2.7979809571034093 0
25 352 5.8659425328746915 1
173 354 3.730641276137879 1
233 362 3.6815538909255388 0
95 363 3.215223731408304 1
145 363 3.6079228131070282 0
50 374 6.135923151542564 1
15 375 5.890486225480862 0
180 391 3.411573272257666 0
128 395 3.3379421944391554 0
235 412 3.436116964863836 0
193 431 3.2643111166206444 0
47 439 2.9697868053466014 1
46 461 6.258641614573416 0
171 492 3.117048960983623 0
97 522 6.234097921967246 1
121 526 3.1661363461959633 0
153 531 2.478912953223196 1
89 533 0.07363107781851078 0
126 535 0.4663301595172349 1
