296
560
500
35
82 82 3.0925052683774528 1
199 98 3.706097583531709 1
80 119 3.0925052683774528 0
219 136 3.730641276137879 1
179 139 0.5399612373357456 0
168 159 3.5342917352885173 1
71 195 2.82252464970958 0
256 214 0.7853981633974483 0
90 231 0.22089323345553233 1
231 265 0.760854470791278 1
77 281 2.650718801466388 1
24 293 5.546874528994478 0
237 297 3.9760782021995817 1
193 298 3.9515345095934116 0
76 311 0.2945243112740431 1
20 325 5.473243451175968 1
124 341 3.77972866135022 0
150 344 3.877903431774901 0
64 347 0.14726215563702155 0
14 348 5.5714182216006485 1
101 362 3.5342917352885173 1
171 370 3.6815538909255388 1
232 372 3.5833791205008576 0
57 374 2.748893571891069 0
23 379 5.792311455056181 1
145 381 3.5342917352885173 0
94 384 3.117048960983623 1
50 398 6.086835766330224 1
181 406 3.3379421944391554 0
129 414 3.2397674240144743 0
237 421 3.3379421944391554 0
198 443 3.117048960983623 0
51 463 2.9943304979527716 1
54 485 6.209554229361076 0
179 506 3.018874190558942 0
