296
560
500
32
135 132 6.1850105367549055 0
138 154 2.9943304979527716 1
39 175 2.356194490192345 0
75 242 2.1353012567368124 0
112 260 5.939573610693203 1
237 263 3.3624858870453256 1
35 308 1.8653206380689396 1
128 312 1.9634954084936207 1
226 319 3.2643111166206444 0
53 326 1.6198837120072371 1
263 328 3.018874190558942 1
204 332 3.1906800388021335 0
146 336 5.915029918087033 1
97 347 4.8351074434155406 0
247 352 2.8961557275280905 0
195 362 2.8961557275280905 1
54 365 4.7860200582032 0
159 370 5.890486225480862 0
109 379 4.76147636559703 0
209 389 2.454369260617026 0
259 393 2.650718801466388 1
171 398 2.1353012567368124 0
121 400 4.908738521234052 1
68 412 4.7860200582032 0
145 420 5.203262832508095 1
179 421 5.497787143782138 1
152 441 5.301437602932776 0
221 473 2.3071071049800045 1
132 474 5.2768939103266055 1
152 482 2.1353012567368124 0
238 496 5.595961914206819 1
217 533 5.5714182216006485 0
