296
560
500
59
129 8 2.6261751088602177 1
144 8 0.5399612373357456 1
81 15 5.448699758569798 0
162 18 3.5588354278946874 1
255 33 4.025165587411922 0
154 37 0.7853981633974483 0
70 48 5.497787143782138 0
67 72 5.5714182216006485 1
179 72 3.902447124381071 0
117 74 0.2454369260617026 0
205 76 3.9515345095934116 0
153 91 3.5833791205008576 1
109 101 2.7979809571034093 0
75 104 5.841398840268521 1
226 105 3.730641276137879 1
147 115 3.2397674240144743 1
198 115 3.6079228131070282 0
64 126 5.939573610693203 0
101 126 6.111379458936394 1
31 136 5.964117303299373 1
233 142 3.411573272257666 0
180 147 3.3379421944391554 0
38 155 2.945243112740431 0
246 182 3.2397674240144743 0
99 192 3.018874190558942 1
98 221 6.1850105367549055 1
60 237 6.1850105367549055 0
225 243 3.0925052683774528 0
145 285 2.6261751088602177 0
96 289 0.5399612373357456 1
110 289 0.6872233929727672 1
59 291 0.36815538909255385 0
56 318 1.1044661672776617 0
114 325 4.025165587411922 1
219 329 2.086213871524472 1
93 331 3.7551849687440497 1
77 335 4.000621894805752 0
221 342 1.8162332528565992 1
57 347 0.662679700366597 0
62 362 0.2699806186678728 0
164 377 2.478912953223196 0
172 383 1.9389517158874505 1
131 386 2.6261751088602177 0
119 387 3.018874190558942 0
204 391 2.012582793705961 0
141 393 1.8653206380689396 0
119 403 2.380738182798515 0
71 412 5.350524988145116 0
136 418 4.957825906446392 1
150 424 4.933282213840222 1
143 426 1.8407769454627694 0
62 429 4.589670517353839 1
189 441 5.006913291658733 1
70 452 4.638757902566179 1
174 459 4.908738521234052 0
83 467 4.663301595172349 0
114 476 5.178719139901925 1
89 484 4.417864669110647 1
105 487 5.056000676871073 1
