296
560
500
37
199 81 3.6324665057131984 1
82 119 2.9943304979527716 1
225 119 3.6324665057131984 1
29 126 5.964117303299373 0
186 127 0.4908738521234052 0
179 150 3.5588354278946874 1
79 187 2.748893571891069 0
99 223 0.2454369260617026 1
12 250 2.3316507975861747 0
241 252 0.760854470791278 1
82 274 2.552544031041707 1
34 288 5.473243451175968 0
251 289 3.9269908169872414 1
204 290 3.9269908169872414 0
83 305 0.22089323345553233 1
26 319 5.424156065963627 0
73 334 0.19634954084936207 1
133 334 3.77972866135022 0
159 336 3.877903431774901 0
24 345 5.473243451175968 1
112 356 3.5342917352885173 1
182 364 3.6815538909255388 1
246 364 3.509748042682347 0
68 369 2.748893571891069 0
34 374 5.792311455056181 1
154 374 3.5342917352885173 0
104 378 3.067961575771282 1
24 394 5.816855147662351 1
194 394 3.313398501832985 1
57 395 6.013204688511713 1
140 408 3.2397674240144743 0
252 413 3.2397674240144743 0
209 438 3.117048960983623 0
64 461 2.7979809571034093 1
66 492 6.086835766330224 1
194 508 3.067961575771282 1
113 550 6.258641614573416 0
