296
560
500
30
128 180 2.945243112740431 0
228 189 0.44178646691106466 0
74 195 5.939573610693203 0
225 215 3.5342917352885173 1
128 254 2.748893571891069 0
148 284 0.2945243112740431 0
52 288 2.429825568010856 1
63 313 2.2580197197676637 0
133 342 2.675262494072558 1
35 347 5.399612373357457 0
81 354 5.497787143782138 0
250 360 3.9515345095934116 0
129 372 0.2699806186678728 1
72 385 5.448699758569798 0
179 404 3.80427235395639 0
204 406 3.902447124381071 0
119 409 0.1718058482431918 0
70 410 5.522330836388308 1
155 424 3.5588354278946874 1
225 433 3.6815538909255388 1
113 436 2.748893571891069 0
78 441 5.792311455056181 1
198 444 3.5588354278946874 0
149 448 3.1661363461959633 1
105 462 6.037748381117884 1
69 464 5.890486225480862 0
235 469 3.313398501832985 0
184 478 3.2397674240144743 0
252 504 3.043417883165112 0
105 529 2.9206994201342606 1
