296
560
500
34
202 93 0.5399612373357456 0
192 114 3.5588354278946874 1
96 152 2.773437264497239 0
116 182 0.2454369260617026 0
69 212 2.454369260617026 0
260 215 0.7853981633974483 0
55 221 5.66959299202533 1
140 252 3.5588354278946874 1
222 253 3.9269908169872414 0
267 253 3.9515345095934116 1
49 255 5.473243451175968 0
103 274 0.1227184630308513 0
155 298 3.7551849687440497 0
180 299 3.8533597391687304 0
93 305 0.1227184630308513 0
133 319 3.509748042682347 1
202 325 3.6570101983193686 1
263 327 3.5833791205008576 0
87 332 2.6998061866787286 0
177 337 3.5342917352885173 0
50 344 5.767767762450011 0
125 347 3.141592653589793 0
82 356 6.037748381117884 1
214 361 3.313398501832985 0
68 365 2.748893571891069 0
59 369 5.964117303299373 0
162 370 3.2397674240144743 0
270 376 3.313398501832985 0
230 398 3.117048960983623 0
85 421 2.9206994201342606 1
87 443 6.1850105367549055 0
214 468 3.067961575771282 1
132 508 6.258641614573416 0
194 513 6.160466844148735 0
