296
560
500
28
269 109 3.706097583531709 1
153 128 3.067961575771282 0
253 152 0.6381360077604268 0
243 173 3.6570101983193686 1
142 202 2.8716120349219203 0
158 233 0.2945243112740431 0
73 256 2.3316507975861747 0
87 299 5.546874528994478 0
177 304 3.6324665057131984 1
258 314 4.025165587411922 0
139 317 0.2945243112740431 1
77 329 5.473243451175968 0
187 351 3.8288160465625602 0
75 352 5.5714182216006485 1
125 353 0.22089323345553233 0
212 355 3.9515345095934116 0
162 370 3.5833791205008576 1
116 379 2.773437264497239 0
231 383 3.7551849687440497 1
81 388 5.841398840268521 0
153 392 3.1906800388021335 1
205 393 3.6079228131070282 0
110 403 6.135923151542564 1
79 415 2.650718801466388 0
239 419 3.3870295796514958 0
187 424 3.313398501832985 0
252 458 3.215223731408304 0
107 469 3.043417883165112 1
