296
560
500
53
206 10 0.2699806186678728 0
119 19 6.086835766330224 0
128 37 2.748893571891069 1
243 46 3.5342917352885173 0
173 69 3.067961575771282 0
165 84 0.04908738521234052 0
239 101 3.509748042682347 0
41 108 5.424156065963627 0
119 115 2.380738182798515 1
93 134 5.5714182216006485 0
128 149 5.792311455056181 0
187 164 0.5399612373357456 0
38 173 5.178719139901925 0
268 187 1.0799224746714913 0
139 213 5.8659425328746915 1
178 217 0.8835729338221293 0
146 226 2.1598449493429825 1
108 233 5.178719139901925 1
174 253 1.325359400733194 0
166 263 1.7916895602504288 1
219 263 1.325359400733194 1
176 281 1.4480778637640452 0
164 294 1.6444274046134073 1
123 298 5.105088062083414 0
49 316 2.012582793705961 0
119 317 1.7916895602504288 0
221 318 1.3744467859455345 0
157 321 1.6689710972195777 1
248 341 1.1780972450961724 0
36 343 5.129631754689584 0
189 346 1.5953400194010667 1
203 349 1.423534171157875 0
271 356 4.344233591292136 0
271 397 4.319689898685965 0
163 408 4.908738521234052 0
128 419 5.031456984264903 1
217 425 1.3989904785517047 0
240 425 1.1535535524900022 0
259 432 0.9817477042468103 0
205 442 1.7916895602504288 0
73 444 5.325981295538946 0
221 458 1.521708941582556 1
239 461 1.030835089459151 0
252 489 4.196971435655114 1
230 492 5.522330836388308 1
248 499 3.509748042682347 0
188 501 5.203262832508095 1
275 504 3.6570101983193686 0
205 508 5.424156065963627 1
140 514 5.473243451175968 0
160 528 5.71868037723767 1
112 536 5.816855147662351 0
195 545 5.8659425328746915 1
