296
560
500
54
97 16 6.062292073724054 0
105 35 2.773437264497239 1
222 41 3.509748042682347 0
151 67 3.067961575771282 0
140 84 6.258641614573416 0
217 97 3.4606606574700063 0
20 104 5.424156065963627 0
98 116 2.429825568010856 1
70 136 5.546874528994478 0
106 154 5.743224069843841 0
165 167 0.4172427743048944 0
15 169 5.203262832508095 0
249 181 1.030835089459151 0
144 219 0.4663301595172349 0
115 220 5.816855147662351 1
119 226 2.282563412373834 0
83 233 5.350524988145116 1
144 249 0.5645049299419159 1
157 249 3.2643111166206444 1
197 259 1.3008157081270237 1
137 274 2.086213871524472 0
146 277 1.5707963267948966 0
138 291 1.7671458676442586 1
92 295 5.252350217720435 0
20 309 1.9880391010997909 0
130 311 1.7671458676442586 1
88 312 1.8162332528565992 0
197 313 1.423534171157875 0
10 330 5.129631754689584 0
225 333 1.227184630308513 0
177 342 1.4971652489763858 0
161 343 1.6689710972195777 1
249 351 4.368777283898306 0
263 390 1.0799224746714913 0
249 394 4.295146206079795 0
130 398 4.9823695990525625 0
94 411 5.056000676871073 1
211 415 1.1535535524900022 0
186 416 1.423534171157875 0
230 421 0.9572040116406401 0
41 432 5.325981295538946 0
173 432 1.8162332528565992 0
190 449 1.5707963267948966 1
210 454 1.0062913968529805 0
223 481 4.172427743048944 1
198 483 5.546874528994478 1
16 485 5.816855147662351 0
218 490 3.5342917352885173 0
153 491 5.252350217720435 1
171 498 5.473243451175968 1
105 503 5.473243451175968 0
125 517 5.743224069843841 1
77 524 5.841398840268521 0
155 535 5.915029918087033 1
