296
560
500
53
216 17 0.39269908169872414 0
134 18 6.209554229361076 0
138 37 2.8716120349219203 1
254 59 3.6079228131070282 0
182 74 3.2397674240144743 0
171 87 0.19634954084936207 0
48 96 5.522330836388308 0
121 113 2.5280003384355365 1
243 115 3.6570101983193686 0
93 128 5.6941366846315 0
125 149 5.8659425328746915 0
37 159 5.2768939103266055 0
183 171 0.6381360077604268 0
262 201 1.1535535524900022 0
128 216 5.939573610693203 1
156 219 0.662679700366597 0
133 224 2.282563412373834 0
98 228 5.325981295538946 1
161 270 3.9515345095934116 1
205 273 1.3989904785517047 1
150 276 1.5953400194010667 1
157 282 1.4480778637640452 0
146 297 1.7671458676442586 1
101 302 5.203262832508095 0
30 307 2.0371264863121317 0
139 314 1.7916895602504288 1
98 315 1.88986433067511 0
18 329 5.178719139901925 0
203 329 1.4726215563702154 0
229 354 1.2517283229146832 0
167 355 1.6935147898257479 1
182 357 1.521708941582556 0
251 371 4.417864669110647 0
269 409 1.055378782065321 1
134 411 5.006913291658733 0
249 413 4.368777283898306 0
97 419 5.105088062083414 1
255 428 1.030835089459151 0
188 434 1.521708941582556 0
212 435 1.2026409377023426 0
40 437 5.424156065963627 0
174 448 1.88986433067511 0
190 466 1.6198837120072371 1
208 472 1.055378782065321 0
220 501 4.221515128261284 1
196 502 5.546874528994478 1
150 507 5.301437602932776 1
215 509 3.5588354278946874 0
101 514 5.546874528994478 0
167 515 5.546874528994478 1
119 531 5.816855147662351 1
70 533 5.915029918087033 0
152 551 5.939573610693203 1
