296
560
500
34
77 42 6.013204688511713 0
178 46 0.1718058482431918 1
125 53 2.9697868053466014 0
24 100 2.356194490192345 1
146 104 2.84706834231575 0
76 111 2.478912953223196 0
74 135 5.743224069843841 0
216 158 0.5399612373357456 0
50 179 1.9634954084936207 0
136 198 6.013204688511713 0
35 213 5.129631754689584 0
77 216 5.2768939103266055 0
157 247 0.07363107781851078 0
211 252 0.7853981633974483 1
166 262 2.6016314162540475 0
117 263 5.473243451175968 1
123 272 1.8407769454627694 0
148 278 5.964117303299373 0
167 285 2.3316507975861747 1
92 291 4.957825906446392 1
235 295 0.8835729338221293 0
274 301 0.662679700366597 0
170 311 1.227184630308513 1
172 332 1.1780972450961724 1
233 332 0.9572040116406401 0
217 339 1.1044661672776617 1
60 370 1.4726215563702154 0
279 391 0.8835729338221293 0
219 400 4.3933209765044765 0
84 401 1.5953400194010667 1
273 411 1.3008157081270237 0
191 431 4.540583132141498 1
120 453 1.718058482431918 0
281 474 4.884194828627882 1
