296
560
500
41
143 25 3.2888548092268146 0
260 35 0.7363107781851077 1
129 39 0.19634954084936207 0
78 62 2.675262494072558 1
200 66 3.6570101983193686 0
46 75 5.792311455056181 0
78 100 5.964117303299373 0
137 124 0.5890486225480862 0
220 146 1.0799224746714913 0
77 163 6.062292073724054 1
42 169 5.5714182216006485 1
115 170 0.760854470791278 0
79 176 2.429825568010856 1
39 193 1.9144080232812801 1
118 193 3.313398501832985 0
91 195 0.2945243112740431 0
42 210 5.325981295538946 0
106 212 2.9697868053466014 1
160 214 1.3008157081270237 1
49 229 1.7916895602504288 0
56 236 5.227806525114265 1
94 237 1.7426021750380885 1
87 253 1.718058482431918 1
160 269 1.3989904785517047 0
257 288 4.540583132141498 1
268 289 4.589670517353839 1
123 294 1.6689710972195777 1
139 296 1.4726215563702154 0
190 296 1.3499030933393643 0
272 311 4.73693267299086 1
264 317 4.442408361716817 0
236 323 1.3744467859455345 0
229 325 1.4971652489763858 1
198 338 4.565126824747668 0
230 342 4.638757902566179 1
247 346 1.4971652489763858 0
269 346 4.516039439535327 1
97 351 4.884194828627882 1
51 355 5.105088062083414 1
176 355 1.4971652489763858 0
110 378 1.6689710972195777 0
