296
560
500
36
127 146 5.5714182216006485 0
131 195 5.792311455056181 0
267 199 0.19634954084936207 0
191 206 6.1850105367549055 0
201 228 2.945243112740431 1
44 255 5.375068680751287 0
243 265 3.1661363461959633 0
108 280 5.620505606812989 0
230 280 0.04908738521234052 0
49 301 5.424156065963627 0
182 301 2.5770877236478773 0
153 318 5.743224069843841 0
55 320 2.1598449493429825 0
47 331 5.350524988145116 0
92 340 5.399612373357457 0
186 343 5.8659425328746915 0
244 362 0.5154175447295755 0
187 406 5.988660995905543 1
155 409 5.546874528994478 1
226 418 1.0062913968529805 1
191 420 2.454369260617026 1
223 441 3.3870295796514958 1
198 442 0.1718058482431918 0
216 464 3.215223731408304 1
265 464 1.4726215563702154 1
199 476 1.9880391010997909 1
208 480 1.5953400194010667 1
161 481 5.375068680751287 1
74 490 2.086213871524472 0
35 491 2.061670178918302 1
197 491 1.9144080232812801 1
145 500 1.9389517158874505 0
64 507 5.203262832508095 0
187 507 1.88986433067511 1
40 509 2.061670178918302 1
259 517 1.4971652489763858 0
