296
560
500
33
125 167 2.82252464970958 1
104 171 5.988660995905543 0
90 216 5.767767762450011 0
223 222 0.3190680038802134 0
146 226 6.1850105367549055 0
155 246 2.8716120349219203 1
263 262 3.509748042682347 0
198 286 3.2397674240144743 0
184 300 0.19634954084936207 0
67 305 5.497787143782138 0
137 329 2.552544031041707 1
256 330 3.5588354278946874 1
109 344 5.6941366846315 0
18 345 2.3316507975861747 0
53 368 5.325981295538946 0
141 369 5.8659425328746915 0
194 393 0.5399612373357456 0
280 401 0.9081166264282996 0
137 441 5.915029918087033 1
107 448 5.424156065963627 1
174 451 0.9081166264282996 1
143 454 2.356194490192345 1
150 478 0.19634954084936207 0
176 478 3.436116964863836 1
222 491 1.2517283229146832 1
156 507 2.2334760271614935 0
165 512 1.423534171157875 0
28 520 2.184388641949153 0
116 520 5.2768939103266055 1
152 528 1.8162332528565992 1
222 540 1.4480778637640452 0
93 542 1.9389517158874505 1
142 546 1.8653206380689396 1
