296
560
500
43
124 112 2.184388641949153 1
64 119 5.620505606812989 0
154 127 3.6324665057131984 0
175 128 3.5833791205008576 0
136 130 3.5342917352885173 0
69 136 1.9880391010997909 0
42 155 2.2089323345553233 0
18 156 5.252350217720435 0
89 156 5.8659425328746915 0
60 161 5.178719139901925 1
72 161 5.66959299202533 0
144 170 6.258641614573416 0
226 172 0.4172427743048944 0
9 175 5.178719139901925 1
50 176 5.350524988145116 0
276 189 4.000621894805752 0
148 195 2.945243112740431 0
280 207 4.0987966652304335 0
259 210 3.5833791205008576 0
189 221 3.1906800388021335 1
37 228 5.252350217720435 1
58 238 5.620505606812989 0
177 240 0.19634954084936207 0
128 258 2.5770877236478773 0
248 270 3.6324665057131984 1
104 272 5.767767762450011 0
14 281 5.2768939103266055 0
38 298 5.448699758569798 0
129 300 5.964117303299373 0
188 324 0.5890486225480862 0
129 365 6.013204688511713 1
126 374 2.405281875404685 0
173 375 1.0062913968529805 0
94 379 5.522330836388308 0
83 397 2.012582793705961 0
170 398 3.411573272257666 0
140 399 0.3436116964863836 0
91 410 5.399612373357457 0
156 416 3.043417883165112 1
207 420 1.4480778637640452 1
155 431 1.5707963267948966 0
143 445 1.7426021750380885 0
130 459 1.8407769454627694 1
