296
560
500
44
125 67 3.5342917352885173 1
85 74 3.2397674240144743 1
164 135 0.4908738521234052 0
193 145 3.6324665057131984 0
214 150 0.4908738521234052 1
230 157 3.6324665057131984 0
49 159 6.111379458936394 0
179 171 0.7853981633974483 0
159 191 3.5833791205008576 1
128 198 0.4663301595172349 0
94 245 0.2699806186678728 1
41 263 2.2580197197676637 0
136 263 0.9817477042468103 0
64 279 5.939573610693203 0
186 289 1.1535535524900022 0
124 292 1.1780972450961724 0
164 303 1.227184630308513 0
113 311 1.3989904785517047 1
160 323 1.3744467859455345 0
134 324 4.319689898685965 1
94 334 1.6935147898257479 0
82 337 1.88986433067511 1
32 359 1.9389517158874505 0
182 381 1.5462526341887264 0
198 402 1.4971652489763858 0
204 417 1.4480778637640452 0
225 427 3.509748042682347 1
191 430 5.227806525114265 0
243 433 3.436116964863836 0
40 441 5.2768939103266055 0
162 443 5.080544369477243 0
177 443 5.2768939103266055 0
101 453 2.2089323345553233 0
223 465 2.6016314162540475 0
155 479 5.399612373357457 0
60 481 2.086213871524472 0
59 494 5.105088062083414 0
39 495 5.448699758569798 0
87 499 5.350524988145116 0
171 500 5.620505606812989 0
94 513 5.424156065963627 0
116 513 5.473243451175968 0
201 539 5.767767762450011 0
132 546 5.64504929941916 1
