296
560
500
41
84 128 3.0925052683774528 0
104 144 3.067961575771282 0
63 154 6.135923151542564 1
187 204 0.39269908169872414 0
219 212 3.5342917352885173 0
237 212 0.39269908169872414 1
76 237 6.013204688511713 0
204 238 0.6381360077604268 0
188 260 3.509748042682347 1
158 269 0.39269908169872414 0
127 317 0.14726215563702155 1
169 333 0.8835729338221293 1
76 339 2.2334760271614935 0
224 350 0.9817477042468103 0
100 352 5.8659425328746915 0
30 353 2.0371264863121317 0
159 357 1.0062913968529805 0
203 365 1.0799224746714913 0
201 386 1.227184630308513 0
150 391 3.730641276137879 1
167 391 1.2762720155208536 0
136 398 1.3499030933393643 1
181 398 4.295146206079795 0
17 401 5.080544369477243 0
125 401 1.8162332528565992 1
173 408 4.344233591292136 0
77 429 1.9389517158874505 0
230 436 1.423534171157875 0
249 457 1.4726215563702154 0
256 474 3.411573272257666 0
155 480 2.110757564130642 0
243 483 5.301437602932776 0
276 483 3.117048960983623 0
215 497 5.031456984264903 0
229 497 5.227806525114265 0
143 500 5.227806525114265 0
89 509 5.227806525114265 0
148 509 2.110757564130642 1
209 533 5.350524988145116 0
115 542 2.1598449493429825 0
74 548 2.1598449493429825 1
