296
560
500
46
129 86 0.4172427743048944 0
144 96 3.509748042682347 1
106 98 3.0925052683774528 0
62 107 6.160466844148735 1
185 162 0.4172427743048944 0
218 171 3.5588354278946874 0
237 172 0.44178646691106466 1
74 189 6.062292073724054 0
202 198 0.6872233929727672 0
183 218 3.5588354278946874 1
153 226 0.44178646691106466 0
120 273 0.2454369260617026 1
159 291 0.9572040116406401 1
68 293 2.2334760271614935 0
22 306 2.012582793705961 0
91 308 5.8659425328746915 0
213 312 1.0799224746714913 0
151 318 1.1044661672776617 0
192 327 1.2026409377023426 0
126 332 2.9943304979527716 0
110 338 6.1850105367549055 1
188 348 1.325359400733194 0
169 357 4.319689898685965 0
111 361 1.8407769454627694 1
64 385 1.9634954084936207 0
212 402 1.521708941582556 0
229 425 1.5462526341887264 0
235 443 3.5342917352885173 0
132 449 2.086213871524472 0
222 449 5.424156065963627 0
255 455 3.2397674240144743 0
127 460 5.129631754689584 0
194 462 5.031456984264903 0
208 463 5.252350217720435 0
73 466 5.252350217720435 0
133 475 2.184388641949153 0
254 487 2.6016314162540475 0
187 499 5.375068680751287 0
93 504 2.1598449493429825 0
52 512 1.718058482431918 1
71 519 5.473243451175968 0
90 519 5.178719139901925 0
120 523 5.325981295538946 0
202 524 5.595961914206819 0
149 535 5.448699758569798 0
127 537 5.399612373357457 0
