296
560
500
37
251 118 3.6079228131070282 1
215 138 0.4908738521234052 0
257 151 3.706097583531709 0
281 153 0.6872233929727672 0
176 209 0.5154175447295755 0
281 253 0.9817477042468103 0
67 276 2.6261751088602177 0
215 291 1.055378782065321 0
271 291 1.227184630308513 0
107 293 2.7979809571034093 0
248 304 4.172427743048944 1
163 307 0.9572040116406401 1
29 309 5.71868037723767 0
117 320 0.1718058482431918 0
180 346 1.5707963267948966 1
115 355 0.9326603190344698 1
158 360 1.7671458676442586 0
48 369 2.5280003384355365 0
132 375 4.319689898685965 0
97 376 2.429825568010856 1
140 391 2.086213871524472 0
185 394 1.88986433067511 0
212 399 1.8162332528565992 0
145 404 5.056000676871073 0
131 408 5.154175447295755 0
169 408 1.9880391010997909 0
154 467 2.2089323345553233 0
48 483 2.748893571891069 0
151 493 2.1353012567368124 1
101 510 5.595961914206819 0
15 515 5.8659425328746915 0
135 515 6.111379458936394 0
160 516 4.246058820867455 1
113 518 5.841398840268521 0
78 530 5.915029918087033 1
161 532 3.485204350076177 0
26 542 6.086835766330224 0
