296
560
500
33
119 17 2.2580197197676637 0
212 25 1.0799224746714913 1
71 32 2.012582793705961 0
141 35 5.939573610693203 0
264 51 1.2517283229146832 0
201 52 1.2517283229146832 0
239 61 1.325359400733194 0
57 80 5.105088062083414 0
234 85 1.4480778637640452 0
157 94 1.88986433067511 1
212 94 4.516039439535327 0
110 116 1.9634954084936207 0
250 141 1.5707963267948966 0
264 166 1.5462526341887264 0
171 188 2.1353012567368124 0
271 191 3.6570101983193686 0
257 195 5.473243451175968 0
59 200 5.252350217720435 1
164 200 5.203262832508095 0
114 202 5.2768939103266055 0
227 210 5.105088062083414 0
245 213 5.448699758569798 1
172 215 2.184388641949153 0
54 221 2.3316507975861747 0
223 244 5.350524988145116 0
68 247 5.424156065963627 0
110 250 5.546874528994478 0
159 260 5.325981295538946 0
238 268 5.595961914206819 0
165 276 5.399612373357457 0
185 278 5.448699758569798 0
197 310 5.71868037723767 1
119 316 5.64504929941916 0
