296
560
500
32
87 132 3.215223731408304 0
127 135 0.3436116964863836 0
147 146 3.485204350076177 1
109 149 3.043417883165112 0
66 159 6.111379458936394 1
185 216 0.39269908169872414 0
220 224 3.5342917352885173 0
244 226 0.5890486225480862 1
75 244 6.111379458936394 0
198 258 0.5890486225480862 1
184 280 3.6079228131070282 1
151 285 0.5154175447295755 0
117 330 0.36815538909255385 1
62 350 2.2334760271614935 0
154 353 1.0062913968529805 1
81 358 5.964117303299373 1
21 359 2.1598449493429825 0
213 371 1.1044661672776617 1
144 380 1.2026409377023426 0
183 387 1.2026409377023426 0
179 410 1.3499030933393643 0
161 419 4.442408361716817 1
100 422 1.9144080232812801 1
53 443 2.012582793705961 0
201 464 1.6198837120072371 0
216 484 1.4480778637640452 0
208 512 5.448699758569798 0
242 517 3.1906800388021335 0
56 520 5.375068680751287 0
176 526 5.129631754689584 0
190 527 5.350524988145116 0
113 535 2.2334760271614935 0
