296
560
500
38
139 86 3.5833791205008576 1
95 88 2.9943304979527716 0
54 100 6.062292073724054 1
175 157 0.4663301595172349 0
207 168 3.6079228131070282 0
237 178 0.4663301595172349 1
63 184 6.062292073724054 0
188 193 0.7363107781851077 0
173 217 3.6079228131070282 1
140 223 0.4663301595172349 0
106 269 0.2699806186678728 1
144 290 1.030835089459151 1
47 294 2.184388641949153 0
74 303 5.890486225480862 0
199 311 1.1780972450961724 1
134 317 1.227184630308513 0
172 325 1.2517283229146832 0
168 347 1.3744467859455345 0
146 351 4.417864669110647 0
90 360 1.8407769454627694 1
44 389 1.9634954084936207 0
188 403 1.5462526341887264 0
203 427 1.5953400194010667 0
208 451 3.6324665057131984 0
196 456 5.424156065963627 0
228 459 3.117048960983623 0
251 459 3.436116964863836 0
53 467 5.227806525114265 0
166 469 5.080544369477243 0
184 473 5.424156065963627 1
109 478 2.1598449493429825 0
227 492 2.6016314162540475 0
161 505 5.350524988145116 0
51 517 5.448699758569798 0
97 523 5.301437602932776 0
177 527 5.595961914206819 0
103 537 5.399612373357457 0
124 538 5.448699758569798 0
