296
560
500
48
90 86 3.1906800388021335 0
128 86 3.5588354278946874 1
164 155 0.4908738521234052 0
194 166 3.6324665057131984 0
215 173 0.5399612373357456 1
50 178 6.086835766330224 0
239 182 3.6815538909255388 1
176 191 0.7363107781851077 0
161 213 3.6079228131070282 1
128 218 0.4908738521234052 0
93 255 0.3190680038802134 0
40 282 2.184388641949153 0
132 283 1.030835089459151 1
63 295 5.939573610693203 0
120 307 1.1780972450961724 0
183 308 1.1780972450961724 0
160 318 1.2517283229146832 0
122 342 1.423534171157875 0
156 342 1.3744467859455345 0
93 346 1.5707963267948966 1
79 350 1.8407769454627694 1
134 350 4.491495746929157 0
125 356 4.491495746929157 0
34 379 1.9389517158874505 0
176 398 1.5707963267948966 0
267 402 4.147884050442774 0
190 420 1.5462526341887264 0
266 425 4.000621894805752 1
100 435 2.110757564130642 0
196 445 3.6079228131070282 0
183 450 5.424156065963627 0
217 456 3.2397674240144743 0
239 456 3.4606606574700063 0
86 459 5.203262832508095 0
41 460 5.203262832508095 0
154 462 5.080544369477243 0
92 467 2.1353012567368124 1
172 467 5.448699758569798 1
215 487 2.650718801466388 0
144 495 5.350524988145116 1
60 497 2.1598449493429825 0
21 500 2.2089323345553233 1
38 510 5.522330836388308 0
58 511 5.129631754689584 0
85 517 5.252350217720435 0
162 523 5.595961914206819 0
90 532 5.375068680751287 0
111 532 5.448699758569798 0
