296
560
500
30
225 129 0.02454369260617026 0
163 155 6.086835766330224 0
90 222 2.454369260617026 0
192 239 0.07363107781851078 1
205 281 0.5154175447295755 0
246 300 0.8099418560036186 0
62 303 2.3071071049800045 0
111 306 5.522330836388308 0
238 314 0.9572040116406401 0
131 318 2.282563412373834 1
141 330 5.64504929941916 1
117 334 5.424156065963627 1
188 349 1.5953400194010667 0
183 357 2.1598449493429825 1
202 362 1.6444274046134073 1
233 367 1.3744467859455345 1
275 387 1.055378782065321 0
245 398 1.6689710972195777 1
162 421 5.375068680751287 1
258 421 1.88986433067511 0
41 437 5.595961914206819 0
276 437 1.8407769454627694 0
122 451 5.64504929941916 0
56 454 5.792311455056181 1
234 463 5.424156065963627 0
182 506 5.816855147662351 1
114 514 5.988660995905543 0
84 516 5.988660995905543 0
82 538 0.0 1
176 539 6.037748381117884 1
