296
560
500
38
139 77 6.135923151542564 0
182 97 3.067961575771282 1
176 108 0.1227184630308513 0
210 123 3.3379421944391554 0
109 139 6.013204688511713 0
218 156 0.4172427743048944 1
231 198 3.436116964863836 0
44 216 2.356194490192345 0
142 220 6.209554229361076 1
266 231 0.6872233929727672 0
165 260 0.3190680038802134 0
204 276 0.662679700366597 1
203 286 0.8344855486097889 0
29 299 2.2334760271614935 0
76 299 5.375068680751287 0
98 309 2.1598449493429825 1
110 318 5.497787143782138 1
86 326 5.301437602932776 1
160 329 1.4726215563702154 0
155 337 1.9880391010997909 1
205 340 1.2517283229146832 1
176 341 1.5707963267948966 1
251 358 1.0062913968529805 0
221 369 1.521708941582556 1
237 391 1.7671458676442586 0
145 403 5.203262832508095 1
250 404 1.5462526341887264 1
247 429 5.5714182216006485 0
219 434 5.301437602932776 0
23 437 5.546874528994478 0
108 440 5.497787143782138 0
43 452 5.6941366846315 1
175 485 5.64504929941916 1
110 503 5.841398840268521 0
80 509 5.8659425328746915 0
170 520 5.939573610693203 1
91 539 0.07363107781851078 0
163 545 6.135923151542564 0
