296
560
500
35
105 79 6.037748381117884 0
128 105 6.234097921967246 0
169 132 3.215223731408304 1
158 148 0.1227184630308513 1
194 159 3.3870295796514958 0
90 163 6.135923151542564 0
194 194 0.44178646691106466 1
17 226 2.6261751088602177 0
256 226 3.6570101983193686 1
202 236 3.5588354278946874 0
110 247 0.04908738521234052 1
250 247 0.6135923151542565 0
230 268 0.662679700366597 0
127 288 0.4908738521234052 0
169 306 0.760854470791278 0
36 319 5.448699758569798 0
162 320 0.9081166264282996 0
55 331 2.2089323345553233 1
67 340 5.595961914206819 1
43 346 5.375068680751287 1
114 357 1.5462526341887264 0
109 365 2.110757564130642 1
129 370 1.6198837120072371 1
159 373 1.3008157081270237 1
204 394 1.0062913968529805 0
173 403 1.5707963267948966 1
188 426 1.7916895602504288 0
92 430 5.301437602932776 1
200 439 1.5462526341887264 1
52 465 5.5714182216006485 0
197 465 5.546874528994478 0
222 465 3.3379421944391554 1
166 471 5.375068680751287 0
29 477 2.773437264497239 0
119 516 5.743224069843841 1
