296
560
500
37
67 52 1.8653206380689396 0
71 67 1.5462526341887264 1
181 81 5.522330836388308 1
203 85 5.252350217720435 0
162 93 5.988660995905543 1
149 131 4.270602513473625 0
118 150 5.546874528994478 1
185 158 3.485204350076177 0
209 158 0.7853981633974483 1
14 184 5.546874528994478 0
82 222 2.552544031041707 1
31 224 5.6941366846315 0
116 231 2.6998061866787286 0
242 235 3.0925052683774528 0
78 239 5.841398840268521 0
202 248 2.945243112740431 1
135 263 6.013204688511713 1
210 272 6.1850105367549055 0
167 290 2.84706834231575 0
32 296 5.595961914206819 0
206 301 6.258641614573416 0
101 355 5.71868037723767 1
182 368 0.14726215563702155 0
139 381 6.062292073724054 0
186 383 0.3190680038802134 0
261 415 0.39269908169872414 0
216 427 0.760854470791278 1
188 442 1.0799224746714913 1
243 442 1.0062913968529805 1
268 451 1.2026409377023426 0
286 453 1.030835089459151 1
101 455 1.6689710972195777 1
117 456 5.006913291658733 1
99 475 4.81056375080937 1
89 492 1.9634954084936207 0
274 499 4.8351074434155406 0
190 515 4.7860200582032 1
