296
560
500
34
121 129 5.939573610693203 0
175 135 3.018874190558942 0
122 137 2.748893571891069 1
141 141 6.062292073724054 0
104 148 5.841398840268521 0
165 167 6.234097921967246 0
206 195 3.215223731408304 1
193 211 0.1227184630308513 1
228 222 3.3624858870453256 0
126 225 6.160466844148735 0
227 257 0.4172427743048944 1
46 284 2.478912953223196 0
234 299 3.509748042682347 0
282 309 0.5154175447295755 0
142 312 0.07363107781851078 1
261 331 0.662679700366597 0
155 355 0.44178646691106466 0
197 371 0.7363107781851077 0
60 377 5.595961914206819 0
189 384 0.9081166264282996 0
80 390 2.356194490192345 1
91 402 5.66959299202533 1
66 404 5.497787143782138 1
153 428 1.5953400194010667 1
184 435 1.325359400733194 1
229 455 1.0062913968529805 0
198 464 1.6198837120072371 1
212 486 1.8407769454627694 0
113 489 5.399612373357457 1
225 501 1.6444274046134073 1
69 519 5.71868037723767 0
220 525 5.64504929941916 0
248 526 3.313398501832985 1
189 529 5.399612373357457 0
