296
560
500
35
148 99 3.018874190558942 0
114 105 6.086835766330224 0
77 112 5.8659425328746915 0
141 130 0.0 0
179 159 3.2397674240144743 1
170 168 0.22089323345553233 0
100 187 6.160466844148735 0
202 187 3.411573272257666 0
201 221 0.44178646691106466 1
21 245 2.650718801466388 0
263 252 3.6079228131070282 1
208 263 3.5588354278946874 0
117 271 0.09817477042468103 1
254 272 0.6381360077604268 0
234 295 0.6135923151542565 0
132 311 0.5890486225480862 0
172 332 0.8099418560036186 0
266 334 1.1535535524900022 1
36 338 5.522330836388308 0
164 345 0.9572040116406401 0
56 350 2.3071071049800045 1
68 359 5.64504929941916 1
42 365 5.448699758569798 1
129 391 1.718058482431918 1
158 396 1.325359400733194 1
204 417 0.9572040116406401 0
172 426 1.5953400194010667 1
187 447 1.8407769454627694 0
90 449 5.350524988145116 1
200 459 1.5953400194010667 1
224 476 3.509748042682347 0
47 478 5.71868037723767 0
197 482 5.522330836388308 0
165 488 5.399612373357457 0
118 531 5.8659425328746915 0
