296
560
500
23
211 156 0.07363107781851078 0
238 196 0.19634954084936207 0
169 211 6.234097921967246 0
85 265 2.5770877236478773 0
270 294 3.6324665057131984 0
178 296 0.1718058482431918 1
190 337 0.6381360077604268 0
50 341 2.356194490192345 0
94 357 5.595961914206819 0
229 361 0.859029241215959 0
110 373 2.356194490192345 1
221 374 1.055378782065321 0
102 381 5.522330836388308 1
124 381 5.6941366846315 1
168 402 1.4726215563702154 0
162 410 2.2334760271614935 1
176 417 1.8407769454627694 0
211 426 1.4726215563702154 1
221 457 1.7671458676442586 1
232 478 1.88986433067511 0
140 479 5.399612373357457 0
91 502 5.71868037723767 0
204 521 5.64504929941916 0
