296
560
500
21
152 115 2.6016314162540475 1
135 128 5.816855147662351 0
231 183 5.620505606812989 1
57 192 2.380738182798515 1
166 202 6.111379458936394 0
89 263 2.5280003384355365 0
183 287 0.07363107781851078 1
197 329 0.4908738521234052 0
57 342 2.356194490192345 0
238 345 0.760854470791278 0
103 352 5.546874528994478 0
229 359 0.9572040116406401 0
121 366 2.3316507975861747 1
112 375 5.497787143782138 1
133 375 5.66959299202533 1
193 408 1.6935147898257479 1
224 412 1.3744467859455345 1
231 448 1.88986433067511 0
154 471 5.399612373357457 0
107 496 5.6941366846315 0
43 502 5.841398840268521 0
