296
560
500
45
145 24 2.5770877236478773 0
73 43 2.2334760271614935 0
174 46 6.062292073724054 1
20 59 2.110757564130642 1
45 71 5.424156065963627 1
101 71 5.5714182216006485 0
180 80 2.650718801466388 0
236 87 0.5399612373357456 1
46 106 2.086213871524472 0
50 123 5.252350217720435 1
63 131 2.012582793705961 1
210 132 3.018874190558942 0
252 145 0.8835729338221293 1
186 157 6.234097921967246 1
161 163 5.66959299202533 0
129 184 5.375068680751287 1
165 187 5.816855147662351 1
214 190 1.0062913968529805 0
32 203 5.203262832508095 0
193 205 0.9572040116406401 1
208 222 1.5953400194010667 0
164 224 6.013204688511713 1
262 236 1.6198837120072371 1
204 239 4.516039439535327 0
167 243 2.061670178918302 1
53 282 5.129631754689584 0
18 290 5.105088062083414 0
256 306 1.7671458676442586 0
201 312 1.9634954084936207 1
100 314 5.080544369477243 1
122 325 2.110757564130642 1
169 370 2.110757564130642 1
35 378 5.473243451175968 0
210 405 2.1598449493429825 0
71 409 5.5714182216006485 0
134 426 5.375068680751287 0
46 428 2.478912953223196 0
69 430 5.743224069843841 0
175 430 5.2768939103266055 0
185 439 5.350524988145116 0
106 441 5.620505606812989 0
201 444 5.375068680751287 0
228 447 5.2768939103266055 0
115 468 5.743224069843841 0
149 470 5.6941366846315 0
