296
560
500
46
107 80 2.650718801466388 0
31 97 2.3316507975861747 0
133 103 6.135923151542564 1
58 123 5.66959299202533 0
135 136 2.724349879284899 0
194 148 0.6381360077604268 1
19 179 2.061670178918302 1
164 180 3.0925052683774528 1
207 200 0.9817477042468103 0
137 205 0.07363107781851078 1
110 211 5.743224069843841 0
256 215 1.0062913968529805 0
80 230 5.399612373357457 1
114 232 5.915029918087033 1
163 238 1.0799224746714913 0
142 250 1.0062913968529805 1
272 257 1.1044661672776617 0
112 269 5.988660995905543 1
208 296 1.5707963267948966 1
127 305 1.5707963267948966 0
255 309 1.423534171157875 0
129 321 4.6878452877785195 1
116 325 1.9634954084936207 1
269 330 1.2517283229146832 1
108 340 5.056000676871073 0
242 364 1.4971652489763858 1
54 366 5.056000676871073 1
152 366 1.9144080232812801 1
206 366 1.718058482431918 0
76 377 2.061670178918302 1
267 381 1.2762720155208536 1
125 423 2.086213871524472 1
254 431 1.4480778637640452 1
167 465 2.1353012567368124 0
92 483 5.325981295538946 0
132 490 5.252350217720435 0
240 493 5.2768939103266055 1
203 499 5.227806525114265 0
143 500 5.325981295538946 0
63 502 5.522330836388308 0
189 505 5.448699758569798 0
159 507 5.350524988145116 0
220 507 5.620505606812989 0
73 529 5.743224069843841 0
109 531 5.6941366846315 0
164 544 5.890486225480862 1
