296
560
500
48
98 64 2.552544031041707 0
124 85 6.062292073724054 1
53 111 5.5714182216006485 0
134 117 2.650718801466388 0
189 118 0.5645049299419159 0
163 162 2.9943304979527716 1
18 170 1.9634954084936207 1
207 177 0.859029241215959 0
258 184 0.9326603190344698 0
136 193 6.1850105367549055 1
112 199 5.64504929941916 0
83 220 5.325981295538946 1
117 222 5.816855147662351 1
166 224 0.9326603190344698 0
280 226 0.9572040116406401 0
146 240 0.8344855486097889 1
117 260 5.939573610693203 1
107 263 2.086213871524472 0
101 272 5.2768939103266055 0
219 273 1.4726215563702154 1
266 275 1.325359400733194 0
124 276 1.9634954084936207 1
137 296 1.718058482431918 0
283 299 1.2026409377023426 1
135 307 4.81056375080937 0
16 330 5.031456984264903 0
258 332 1.3989904785517047 1
222 338 1.6444274046134073 0
167 345 1.8407769454627694 1
284 348 1.2517283229146832 1
67 352 4.9823695990525625 1
90 362 1.9880391010997909 1
274 400 1.3499030933393643 1
144 404 2.012582793705961 1
190 439 2.061670178918302 0
115 465 5.252350217720435 0
263 466 5.227806525114265 1
156 468 5.203262832508095 0
228 471 5.203262832508095 0
168 477 5.252350217720435 0
245 478 5.595961914206819 0
214 479 5.350524988145116 0
89 486 5.424156065963627 0
187 489 5.325981295538946 1
240 493 6.013204688511713 1
135 512 5.620505606812989 0
101 513 5.620505606812989 0
191 521 5.816855147662351 1
