296
560
500
21
116 290 2.7979809571034093 0
140 310 0.07363107781851078 0
59 326 5.767767762450011 0
131 346 2.8716120349219203 0
189 361 0.760854470791278 0
12 375 2.2089323345553233 1
153 396 3.2643111166206444 0
96 412 5.915029918087033 0
121 416 0.14726215563702155 0
194 418 1.0799224746714913 0
66 429 5.497787143782138 1
96 434 6.013204688511713 1
242 443 1.1290098598838318 0
144 446 1.1535535524900022 0
122 455 1.0799224746714913 1
91 467 6.209554229361076 1
109 486 1.7671458676442586 1
255 488 1.2026409377023426 0
96 492 1.88986433067511 0
186 511 1.5953400194010667 1
239 532 1.423534171157875 1
