296
560
500
47
173 72 2.773437264497239 0
95 80 2.454369260617026 0
65 100 5.620505606812989 1
195 100 6.209554229361076 1
123 108 5.767767762450011 0
58 134 2.282563412373834 0
200 134 2.9206994201342606 0
249 145 0.7363107781851077 0
65 151 5.522330836388308 0
76 161 2.2580197197676637 0
213 190 3.313398501832985 0
186 204 0.3436116964863836 1
159 208 5.964117303299373 1
119 209 5.5714182216006485 1
137 209 5.66959299202533 0
255 212 1.1044661672776617 0
123 217 2.405281875404685 0
163 217 0.04908738521234052 0
25 224 5.350524988145116 0
93 234 5.546874528994478 0
185 250 1.3008157081270237 0
198 251 1.2762720155208536 1
80 255 2.086213871524472 0
139 256 6.013204688511713 0
160 265 2.5034566458293663 0
159 280 1.9144080232812801 1
142 286 2.1353012567368124 0
27 305 5.2768939103266055 0
238 312 1.7671458676442586 1
131 325 2.2089323345553233 1
124 333 5.350524988145116 1
69 338 5.203262832508095 1
78 362 2.3071071049800045 1
161 367 1.8162332528565992 1
220 376 1.8407769454627694 1
265 386 1.5707963267948966 0
116 423 2.2334760271614935 1
24 446 5.448699758569798 0
169 470 2.2334760271614935 0
17 473 5.6941366846315 0
78 476 5.424156065963627 0
51 489 5.620505606812989 0
122 493 5.448699758569798 0
134 506 5.5714182216006485 0
154 516 5.66959299202533 0
57 522 5.8659425328746915 0
93 532 5.841398840268521 0
