296
560
500
28
116 22 2.8961557275280905 1
142 40 0.19634954084936207 1
61 46 5.8659425328746915 0
134 73 2.9943304979527716 0
188 100 0.859029241215959 1
152 122 3.313398501832985 1
94 141 5.939573610693203 0
122 146 0.39269908169872414 0
58 150 5.5714182216006485 0
191 158 1.1780972450961724 0
91 165 6.086835766330224 1
237 183 1.2026409377023426 0
140 184 1.2762720155208536 0
122 186 1.227184630308513 0
64 209 5.66959299202533 0
82 209 2.110757564130642 0
248 231 1.1290098598838318 0
92 238 1.8162332528565992 0
173 256 1.718058482431918 1
86 268 5.006913291658733 1
223 277 1.423534171157875 0
13 291 5.056000676871073 1
239 302 1.1535535524900022 1
28 314 2.012582793705961 1
104 328 1.9389517158874505 1
166 329 1.6444274046134073 0
203 337 1.3008157081270237 0
76 379 1.9634954084936207 1
