296
560
500
45
220 24 2.9206994201342606 0
90 50 2.2580197197676637 1
238 78 3.313398501832985 0
184 96 5.939573610693203 1
210 96 0.3436116964863836 0
148 105 5.5714182216006485 1
273 106 1.1535535524900022 1
182 112 6.111379458936394 1
166 127 2.380738182798515 0
228 130 1.3008157081270237 0
205 136 1.227184630308513 1
152 140 5.595961914206819 0
152 156 5.66959299202533 0
170 164 2.2089323345553233 1
180 181 2.0371264863121317 0
201 187 2.061670178918302 0
44 198 5.325981295538946 0
256 198 1.9144080232812801 1
194 200 5.129631754689584 0
166 208 5.178719139901925 0
81 237 5.325981295538946 1
103 246 2.3071071049800045 1
182 251 2.1598449493429825 1
235 262 1.9880391010997909 0
265 272 1.7671458676442586 0
284 291 1.521708941582556 0
138 303 2.3316507975861747 1
264 337 1.6198837120072371 1
18 350 5.841398840268521 1
92 353 5.546874528994478 0
168 354 2.405281875404685 0
54 368 5.767767762450011 0
128 370 5.497787143782138 0
133 385 5.5714182216006485 0
147 388 5.5714182216006485 1
197 396 5.424156065963627 0
57 397 5.964117303299373 0
169 398 5.5714182216006485 1
91 407 5.890486225480862 0
134 431 2.5034566458293663 1
104 434 2.7979809571034093 1
117 441 2.2334760271614935 0
119 441 2.1353012567368124 0
164 441 2.3071071049800045 0
135 445 1.9144080232812801 0
