296
560
500
40
158 128 2.7979809571034093 0
178 150 0.04908738521234052 0
101 165 5.792311455056181 0
177 188 2.8961557275280905 0
39 201 5.546874528994478 1
232 203 0.8099418560036186 0
55 216 2.3071071049800045 0
197 235 3.2643111166206444 1
140 255 5.939573610693203 0
166 260 0.2699806186678728 0
233 261 1.1290098598838318 0
101 266 5.595961914206819 0
138 277 6.111379458936394 1
280 281 1.1044661672776617 0
184 293 1.227184630308513 0
161 301 1.1535535524900022 1
108 320 5.71868037723767 0
139 339 1.9880391010997909 0
123 349 2.061670178918302 0
159 353 2.086213871524472 0
217 360 1.88986433067511 1
154 362 5.105088062083414 0
124 371 5.154175447295755 0
263 374 1.6198837120072371 0
104 381 5.252350217720435 0
40 395 5.350524988145116 1
273 397 1.521708941582556 1
62 406 2.380738182798515 1
142 413 2.184388641949153 1
198 423 1.9880391010997909 0
232 428 1.718058482431918 0
254 440 1.5707963267948966 0
96 463 2.380738182798515 1
132 508 2.405281875404685 0
50 509 5.595961914206819 0
20 511 5.767767762450011 1
91 524 5.522330836388308 0
99 535 5.620505606812989 0
168 544 5.448699758569798 0
119 549 5.64504929941916 1
