296
560
500
48
154 43 0.7853981633974483 0
150 66 3.77972866135022 0
181 78 3.9515345095934116 1
103 80 3.411573272257666 1
160 92 0.8835729338221293 0
47 101 2.773437264497239 1
144 105 0.9817477042468103 1
112 113 0.859029241215959 1
144 156 4.147884050442774 1
74 164 2.9943304979527716 0
75 190 2.5770877236478773 1
27 193 2.0371264863121317 0
109 213 4.196971435655114 0
234 213 1.1290098598838318 0
205 214 1.2762720155208536 0
80 217 1.3989904785517047 0
58 222 1.5707963267948966 0
107 246 1.6935147898257479 1
146 254 1.5707963267948966 1
15 256 1.3499030933393643 0
167 263 1.4971652489763858 0
201 265 1.325359400733194 0
121 269 1.7426021750380885 1
241 277 1.1290098598838318 0
86 300 3.1906800388021335 1
122 315 1.8407769454627694 0
101 322 2.110757564130642 1
86 329 2.675262494072558 0
235 352 1.5707963267948966 0
265 357 1.227184630308513 0
64 358 3.0925052683774528 1
104 376 2.1353012567368124 0
242 387 1.7671458676442586 0
224 388 4.7860200582032 0
116 397 2.380738182798515 1
96 400 5.227806525114265 0
273 415 1.6935147898257479 0
135 438 5.399612373357457 1
274 442 2.3316507975861747 1
181 446 5.448699758569798 0
225 451 5.350524988145116 0
73 463 5.767767762450011 0
238 465 5.6941366846315 0
37 470 2.9206994201342606 0
169 477 5.816855147662351 0
73 480 5.915029918087033 0
199 511 5.939573610693203 1
199 521 2.748893571891069 0
