296
560
500
53
176 72 3.411573272257666 0
194 97 0.6381360077604268 0
193 120 3.6324665057131984 0
226 128 3.77972866135022 1
150 139 3.2643111166206444 1
208 151 0.7363107781851077 1
194 158 0.8344855486097889 1
101 164 2.724349879284899 1
165 170 0.7117670855789375 1
36 183 2.478912953223196 0
71 193 5.816855147662351 0
44 205 2.282563412373834 1
202 207 4.000621894805752 1
225 213 0.9817477042468103 0
240 213 4.049709280018092 1
131 220 2.84706834231575 0
137 244 2.478912953223196 1
90 251 1.9634954084936207 0
140 258 1.7671458676442586 1
269 260 1.1780972450961724 0
173 264 4.074252972624263 0
82 290 1.5462526341887264 0
22 296 1.718058482431918 0
174 297 1.6444274046134073 1
212 302 1.4726215563702154 1
233 310 1.3744467859455345 0
269 311 1.2517283229146832 0
145 313 4.491495746929157 0
189 316 1.6935147898257479 1
148 328 4.270602513473625 0
155 351 3.0925052683774528 1
193 363 1.7671458676442586 0
177 374 2.061670178918302 0
155 376 2.773437264497239 1
126 411 3.485204350076177 1
137 411 2.8716120349219203 1
9 418 1.030835089459151 0
178 425 2.110757564130642 0
51 431 0.859029241215959 0
191 444 2.3071071049800045 1
170 450 5.227806525114265 0
12 451 4.074252972624263 1
59 451 4.0987966652304335 0
47 462 3.8288160465625602 0
29 466 3.5833791205008576 1
83 473 3.436116964863836 1
210 486 5.375068680751287 1
254 495 5.473243451175968 0
147 515 5.743224069843841 0
73 521 3.067961575771282 0
112 521 2.945243112740431 0
148 531 5.915029918087033 0
240 535 5.841398840268521 1
