296
560
500
44
169 72 3.313398501832985 0
223 81 3.8288160465625602 1
124 83 0.04908738521234052 0
272 93 4.246058820867455 0
214 118 1.3008157081270237 1
265 119 1.325359400733194 0
245 126 1.423534171157875 1
108 141 2.478912953223196 0
163 144 3.5342917352885173 0
85 166 2.0371264863121317 0
152 168 3.1906800388021335 1
223 169 4.638757902566179 1
121 186 1.9634954084936207 0
240 190 1.521708941582556 0
252 196 4.638757902566179 1
169 202 4.663301595172349 0
155 235 2.184388641949153 1
121 245 5.056000676871073 0
258 250 1.718058482431918 0
160 258 2.184388641949153 1
186 259 1.9389517158874505 1
284 260 1.5462526341887264 0
115 270 3.6079228131070282 1
202 276 1.88986433067511 0
234 294 1.7671458676442586 0
105 297 3.141592653589793 0
121 303 2.6016314162540475 0
59 304 4.049709280018092 1
141 304 2.3316507975861747 0
68 312 3.5588354278946874 1
267 321 1.6198837120072371 0
101 346 2.650718801466388 0
80 366 5.743224069843841 0
105 369 2.84706834231575 1
223 385 2.0371264863121317 1
26 403 0.1227184630308513 0
202 414 5.252350217720435 0
99 417 5.964117303299373 1
23 419 0.1718058482431918 0
220 420 2.3071071049800045 0
137 445 5.988660995905543 0
105 469 0.09817477042468103 1
175 469 5.841398840268521 0
91 499 3.2397674240144743 1
