296
560
500
42
44 14 5.66959299202533 0
105 24 3.067961575771282 1
174 32 3.9760782021995817 1
103 48 2.9206994201342606 0
111 73 2.6016314162540475 1
61 76 1.9880391010997909 0
280 80 1.0799224746714913 1
243 84 1.1290098598838318 0
111 87 1.718058482431918 1
145 92 4.074252972624263 0
147 125 1.6198837120072371 1
192 130 1.4971652489763858 0
207 136 1.325359400733194 0
245 136 1.227184630308513 0
122 137 4.442408361716817 1
54 138 1.2762720155208536 0
162 144 1.6198837120072371 1
121 154 4.147884050442774 0
129 179 3.141592653589793 1
168 190 1.7671458676442586 0
152 200 2.061670178918302 0
133 206 2.6261751088602177 0
110 237 3.0925052683774528 1
20 250 0.8344855486097889 0
154 250 2.110757564130642 0
276 264 4.81056375080937 0
169 267 2.3316507975861747 1
33 275 4.049709280018092 0
147 275 5.178719139901925 0
20 286 3.5588354278946874 0
60 295 3.3379421944391554 1
187 311 5.399612373357457 1
26 315 3.1661363461959633 0
233 328 5.522330836388308 1
122 338 5.767767762450011 0
50 344 3.067961575771282 0
88 344 2.9206994201342606 0
124 354 5.915029918087033 0
216 360 5.841398840268521 1
226 389 2.748893571891069 1
206 397 5.915029918087033 1
157 408 2.6998061866787286 0
