296
560
500
23
143 315 3.5833791205008576 1
193 349 3.77972866135022 0
144 358 3.485204350076177 0
271 374 0.8099418560036186 1
158 381 0.6135923151542565 0
157 403 3.6079228131070282 0
189 409 3.7551849687440497 1
114 424 3.313398501832985 1
172 433 0.6872233929727672 1
158 441 0.7853981633974483 1
67 442 2.7979809571034093 0
128 455 0.662679700366597 1
35 476 5.841398840268521 0
95 484 3.018874190558942 1
167 489 3.9269908169872414 1
206 491 3.9515345095934116 1
192 494 0.859029241215959 0
96 508 2.8961557275280905 0
271 525 0.8835729338221293 0
241 531 1.0799224746714913 0
104 533 2.5770877236478773 1
55 536 2.012582793705961 0
140 546 3.902447124381071 0
