296
560
500
41
183 106 3.902447124381071 0
127 128 3.706097583531709 1
111 165 3.509748042682347 0
173 166 3.8533597391687304 0
249 193 0.8099418560036186 1
137 198 0.7363107781851077 0
137 215 3.730641276137879 1
163 227 3.77972866135022 1
88 236 3.3870295796514958 1
145 244 0.7853981633974483 0
40 257 2.945243112740431 1
130 257 0.859029241215959 1
101 268 0.7853981633974483 1
65 294 3.0925052683774528 1
137 308 4.025165587411922 1
62 319 2.9697868053466014 0
65 342 2.454369260617026 1
18 344 2.1353012567368124 0
238 344 0.8344855486097889 0
205 352 0.9817477042468103 0
70 357 1.7671458676442586 1
104 363 4.049709280018092 0
50 375 1.4726215563702154 0
86 380 1.6444274046134073 1
104 393 1.5953400194010667 1
81 397 4.73693267299086 1
212 397 1.030835089459151 0
153 400 1.3499030933393643 0
262 401 1.055378782065321 0
171 405 1.1780972450961724 0
17 408 1.227184630308513 1
79 408 4.589670517353839 1
121 415 1.5462526341887264 1
88 447 3.0925052683774528 1
134 455 1.6444274046134073 0
112 465 1.9880391010997909 1
96 475 2.650718801466388 0
79 504 2.9943304979527716 1
62 511 3.509748042682347 0
130 512 2.1353012567368124 0
140 528 2.1353012567368124 0
