296
560
500
43
130 105 3.509748042682347 0
147 133 0.6381360077604268 0
146 155 3.6815538909255388 0
178 164 3.80427235395639 1
102 175 3.3624858870453256 1
158 187 0.7117670855789375 1
146 195 0.8344855486097889 1
55 198 2.8716120349219203 1
117 208 0.7363107781851077 1
22 223 5.939573610693203 0
82 236 3.0925052683774528 1
152 243 3.9760782021995817 1
190 247 4.025165587411922 1
176 249 0.9081166264282996 0
81 260 2.9697868053466014 0
41 283 2.061670178918302 0
86 283 2.454369260617026 1
253 283 0.9817477042468103 0
222 288 1.0799224746714913 0
122 298 3.9269908169872414 0
96 312 1.3008157081270237 0
127 333 1.6198837120072371 1
167 336 1.423534171157875 1
226 338 1.1780972450961724 0
190 344 1.325359400733194 0
31 347 1.2762720155208536 0
271 348 1.1044661672776617 0
102 349 4.442408361716817 1
143 353 1.6198837120072371 1
107 388 3.141592653589793 1
150 399 1.8407769454627694 0
132 410 2.1598449493429825 0
107 412 2.82252464970958 1
269 427 1.521708941582556 0
90 449 2.8716120349219203 0
74 450 3.485204350076177 0
132 458 2.1353012567368124 0
258 464 4.81056375080937 0
147 476 2.380738182798515 1
125 481 5.227806525114265 0
35 513 3.3870295796514958 0
165 517 5.448699758569798 1
214 524 5.448699758569798 0
