296
560
500
37
185 126 0.662679700366597 0
184 148 3.6324665057131984 0
214 157 3.8533597391687304 1
142 168 3.3870295796514958 1
198 179 0.8099418560036186 1
178 189 0.8344855486097889 0
93 190 2.8961557275280905 1
154 199 0.7363107781851077 1
117 226 2.9943304979527716 1
189 233 3.9515345095934116 1
212 240 0.9572040116406401 0
227 240 4.049709280018092 1
120 249 2.8961557275280905 0
124 273 2.454369260617026 1
78 278 2.012582793705961 0
256 286 1.1535535524900022 0
127 287 1.718058482431918 1
159 288 3.9760782021995817 0
110 308 1.4480778637640452 0
162 325 1.6198837120072371 1
256 331 1.2517283229146832 0
207 333 1.4971652489763858 0
68 334 1.2762720155208536 0
222 338 1.3499030933393643 0
138 342 4.466952054322987 1
178 345 1.6444274046134073 1
142 374 3.2397674240144743 0
183 394 1.8162332528565992 0
161 403 2.1353012567368124 1
146 409 2.675262494072558 0
125 438 3.067961575771282 1
110 444 3.5588354278946874 0
170 450 2.1353012567368124 0
177 468 2.454369260617026 0
162 475 5.424156065963627 0
133 502 2.650718801466388 1
201 512 5.424156065963627 1
