296
560
500
23
111 127 0.2454369260617026 0
187 150 3.80427235395639 0
126 164 3.411573272257666 0
97 189 2.82252464970958 0
83 200 6.013204688511713 0
176 202 0.5645049299419159 0
230 205 3.80427235395639 0
139 217 3.411573272257666 0
160 224 0.5645049299419159 0
229 231 3.730641276137879 1
25 254 2.6016314162540475 0
245 272 3.8288160465625602 0
61 283 2.675262494072558 0
121 322 2.9943304979527716 0
236 337 0.8835729338221293 1
41 355 2.2334760271614935 0
139 371 3.313398501832985 0
67 378 2.086213871524472 0
84 402 1.8162332528565992 0
127 411 1.0799224746714913 0
29 426 1.7426021750380885 0
204 448 4.221515128261284 1
162 506 4.000621894805752 0
