296
560
500
37
168 59 0.44178646691106466 0
68 132 2.5034566458293663 0
134 156 2.84706834231575 0
250 166 0.859029241215959 1
60 202 2.1353012567368124 0
157 203 3.1906800388021335 0
89 220 1.9634954084936207 0
108 242 1.6689710972195777 0
149 243 1.055378782065321 0
145 253 1.2762720155208536 1
35 264 1.7916895602504288 0
56 275 1.5953400194010667 0
11 278 1.6935147898257479 1
224 278 4.196971435655114 1
50 322 1.1290098598838318 0
241 329 3.9269908169872414 0
192 333 3.9760782021995817 1
253 352 3.5342917352885173 0
161 359 3.9269908169872414 1
64 362 3.730641276137879 0
39 364 0.0 1
256 367 3.2888548092268146 0
127 377 3.8533597391687304 1
173 377 3.6079228131070282 0
242 381 3.1906800388021335 0
120 392 3.6815538909255388 0
95 394 3.5342917352885173 0
169 396 3.411573272257666 1
243 403 3.043417883165112 1
146 412 3.3379421944391554 0
199 413 3.141592653589793 1
108 421 3.2397674240144743 0
45 428 3.018874190558942 0
55 435 6.209554229361076 1
121 441 3.067961575771282 1
209 460 2.9943304979527716 1
180 504 6.111379458936394 0
