296
560
500
34
167 61 0.5154175447295755 0
128 77 3.313398501832985 0
152 84 0.5154175447295755 0
51 150 2.5770877236478773 0
112 182 2.8961557275280905 0
227 196 0.8099418560036186 1
38 219 2.1598449493429825 0
131 230 3.2397674240144743 0
64 242 1.9880391010997909 0
116 261 1.7671458676442586 1
81 266 1.6935147898257479 0
116 278 1.3008157081270237 1
11 281 2.012582793705961 0
31 291 1.6935147898257479 0
195 307 4.221515128261284 1
23 338 1.227184630308513 0
211 360 3.9515345095934116 0
158 365 4.000621894805752 0
33 378 4.172427743048944 0
222 381 3.5342917352885173 0
130 386 3.9760782021995817 1
224 396 3.313398501832985 0
95 399 3.902447124381071 1
141 403 3.6570101983193686 0
209 409 3.215223731408304 0
64 413 3.6079228131070282 0
89 414 3.7551849687440497 0
137 421 3.4606606574700063 1
211 430 3.067961575771282 1
162 438 3.1906800388021335 1
111 439 3.436116964863836 1
77 440 3.313398501832985 0
87 460 3.1661363461959633 1
174 484 3.067961575771282 1
