296
560
500
29
106 135 2.282563412373834 0
171 139 2.429825568010856 0
207 180 2.945243112740431 0
71 184 1.9144080232812801 1
117 205 1.8653206380689396 0
146 217 1.6444274046134073 0
208 218 0.7117670855789375 0
169 229 1.3499030933393643 0
108 270 1.4726215563702154 0
130 277 1.3008157081270237 0
95 291 1.6444274046134073 0
275 292 3.706097583531709 1
138 321 0.859029241215959 0
260 324 3.5833791205008576 0
133 337 1.4726215563702154 1
269 339 3.2888548092268146 0
140 348 1.1780972450961724 1
225 348 3.5588354278946874 0
161 356 3.313398501832985 0
268 359 3.117048960983623 1
139 368 6.037748381117884 0
220 369 3.411573272257666 0
196 378 3.313398501832985 0
119 383 5.375068680751287 0
248 385 3.018874190558942 1
225 398 2.9697868053466014 0
236 414 2.748893571891069 1
278 423 2.356194490192345 0
170 427 5.964117303299373 1
