296
560
500
26
191 122 0.5645049299419159 0
84 167 2.7979809571034093 0
141 211 3.117048960983623 0
55 233 2.429825568010856 0
81 256 2.2580197197676637 0
153 262 3.4606606574700063 0
96 281 2.012582793705961 0
33 293 1.9634954084936207 0
133 299 1.3008157081270237 0
191 351 4.540583132141498 1
140 402 4.295146206079795 0
191 408 4.246058820867455 0
66 412 4.172427743048944 1
106 412 4.246058820867455 1
28 415 3.80427235395639 0
52 422 4.000621894805752 0
110 431 3.9515345095934116 0
33 446 3.5588354278946874 0
97 446 3.8288160465625602 1
68 455 3.706097583531709 1
174 459 3.5588354278946874 0
17 465 0.2454369260617026 0
35 469 3.3870295796514958 1
116 470 3.509748042682347 1
167 476 3.313398501832985 1
18 488 0.6872233929727672 1
