296
560
500
31
116 239 2.82252464970958 0
45 246 2.5280003384355365 0
30 255 5.64504929941916 1
140 284 3.2397674240144743 0
40 285 2.1353012567368124 0
17 292 2.2580197197676637 0
68 302 1.9634954084936207 0
88 322 1.6935147898257479 0
130 323 1.0062913968529805 0
125 335 1.2026409377023426 1
14 348 1.88986433067511 0
210 357 4.172427743048944 1
34 358 1.6198837120072371 0
27 403 1.1044661672776617 0
226 409 3.9515345095934116 0
14 418 1.9880391010997909 0
171 418 3.9760782021995817 0
21 430 1.2517283229146832 1
147 437 3.877903431774901 0
40 442 3.80427235395639 0
103 454 3.8533597391687304 1
152 454 3.5588354278946874 0
227 463 3.2888548092268146 0
95 469 3.6570101983193686 0
70 472 3.509748042682347 0
147 474 3.436116964863836 1
179 490 3.1661363461959633 1
119 493 3.3379421944391554 1
88 499 3.215223731408304 0
99 518 2.9943304979527716 1
188 540 3.067961575771282 1
