296
560
500
26
42 234 2.552544031041707 0
107 265 2.84706834231575 0
30 309 2.1353012567368124 0
131 313 3.2397674240144743 0
59 329 1.9880391010997909 0
78 351 1.6935147898257479 0
120 352 1.030835089459151 0
116 365 1.2762720155208536 1
23 383 1.6444274046134073 0
200 389 4.221515128261284 1
15 428 1.2026409377023426 0
216 440 3.902447124381071 0
160 450 3.9760782021995817 0
25 467 4.025165587411922 0
129 471 3.9269908169872414 1
90 486 3.877903431774901 1
139 487 3.6079228131070282 0
217 497 3.1906800388021335 1
81 500 3.706097583531709 0
56 501 3.5833791205008576 0
131 506 3.436116964863836 1
160 522 3.141592653589793 1
101 524 3.3870295796514958 1
69 528 3.313398501832985 0
17 534 0.1227184630308513 1
82 547 3.1661363461959633 1
