296
560
500
44
216 102 3.313398501832985 1
175 104 6.234097921967246 0
236 120 3.6079228131070282 1
135 134 5.6941366846315 0
130 149 5.424156065963627 0
249 150 3.80427235395639 0
241 155 3.5588354278946874 1
265 171 4.025165587411922 1
164 185 6.013204688511713 1
269 188 4.123340357836604 1
271 202 4.172427743048944 1
161 211 6.111379458936394 0
223 215 3.313398501832985 1
161 227 0.3190680038802134 1
185 235 0.04908738521234052 1
276 237 4.344233591292136 1
192 244 0.3436116964863836 0
244 246 3.6815538909255388 0
276 248 4.368777283898306 1
187 253 3.730641276137879 1
245 257 3.509748042682347 1
205 264 0.44178646691106466 1
252 270 3.8533597391687304 1
109 281 2.8716120349219203 0
132 329 3.2643111166206444 0
58 345 1.9880391010997909 0
117 363 1.7916895602504288 1
78 365 1.718058482431918 0
117 380 1.3008157081270237 1
19 392 1.7671458676442586 1
199 407 4.246058820867455 1
212 460 4.000621894805752 0
159 467 4.000621894805752 0
133 486 3.9515345095934116 0
89 501 3.877903431774901 1
137 504 3.6570101983193686 0
210 513 3.2643111166206444 0
80 516 3.706097583531709 0
58 518 3.6079228131070282 0
130 522 3.436116964863836 1
216 538 3.067961575771282 0
159 541 3.1906800388021335 1
103 542 3.411573272257666 1
73 546 3.3870295796514958 0
