296
560
500
51
125 39 0.36815538909255385 1
181 56 3.706097583531709 1
51 71 2.6261751088602177 0
207 90 3.7551849687440497 0
34 96 5.816855147662351 1
92 100 2.9206994201342606 0
148 103 3.509748042682347 1
30 110 2.773437264497239 1
46 112 6.013204688511713 0
197 138 0.8099418560036186 1
96 220 2.5034566458293663 0
14 221 2.405281875404685 0
53 234 2.086213871524472 0
31 242 2.1598449493429825 0
207 248 1.055378782065321 0
194 255 4.172427743048944 1
233 278 4.172427743048944 0
252 288 0.9817477042468103 0
40 290 1.9880391010997909 0
55 305 1.7916895602504288 0
177 305 4.172427743048944 1
110 312 1.8407769454627694 0
22 320 1.9389517158874505 0
273 334 4.0987966652304335 0
34 354 1.4726215563702154 0
71 358 4.614214209960009 1
229 360 4.123340357836604 0
153 370 4.074252972624263 1
188 372 4.147884050442774 1
23 375 1.521708941582556 1
18 387 1.2026409377023426 1
53 402 4.246058820867455 1
30 407 4.221515128261284 0
155 415 3.77972866135022 1
228 416 3.902447124381071 0
225 433 3.6570101983193686 0
81 435 4.000621894805752 0
35 438 3.4606606574700063 1
186 440 3.6324665057131984 1
140 446 3.5588354278946874 0
190 452 3.3870295796514958 0
69 453 3.7551849687440497 1
229 465 3.313398501832985 0
81 486 3.509748042682347 0
39 487 3.1906800388021335 1
16 489 0.02454369260617026 0
179 492 3.1661363461959633 0
147 498 3.067961575771282 0
50 517 3.2397674240144743 1
91 532 3.1661363461959633 0
198 534 2.8716120349219203 0
