296
560
500
59
82 25 5.915029918087033 1
183 32 0.3436116964863836 1
235 44 3.6079228131070282 1
106 65 2.6016314162540475 0
268 81 3.730641276137879 0
90 89 5.792311455056181 1
154 89 2.9206994201342606 0
211 95 3.5342917352885173 1
107 102 5.939573610693203 0
85 103 2.748893571891069 1
40 114 5.743224069843841 0
26 115 5.448699758569798 0
46 119 5.8659425328746915 1
17 127 5.350524988145116 1
256 129 0.8099418560036186 1
17 138 5.350524988145116 1
148 203 2.5280003384355365 1
67 208 2.3071071049800045 0
107 220 2.1598449493429825 0
84 226 2.184388641949153 0
263 243 1.030835089459151 0
247 246 4.196971435655114 1
90 275 2.012582793705961 0
105 290 1.8407769454627694 0
227 299 4.221515128261284 1
158 304 1.88986433067511 0
71 305 2.0371264863121317 0
161 318 1.2026409377023426 1
81 339 1.4971652489763858 0
117 344 4.71238898038469 1
280 357 4.123340357836604 0
69 358 1.6198837120072371 1
199 365 4.123340357836604 1
235 368 4.196971435655114 1
63 369 1.6935147898257479 1
28 381 5.424156065963627 1
97 387 4.319689898685965 1
45 389 6.062292073724054 1
75 391 4.025165587411922 0
198 408 3.80427235395639 1
273 411 3.9269908169872414 0
26 416 6.135923151542564 1
127 418 4.049709280018092 1
77 422 3.509748042682347 1
269 428 3.6815538909255388 0
229 434 3.6570101983193686 1
110 438 3.7551849687440497 1
181 438 3.6079228131070282 0
233 445 3.3870295796514958 0
272 461 3.3624858870453256 0
56 471 0.07363107781851078 0
79 471 3.2888548092268146 1
119 472 3.5833791205008576 0
218 478 3.215223731408304 1
28 488 0.09817477042468103 0
186 489 3.141592653589793 0
87 502 3.313398501832985 1
239 516 0.1718058482431918 0
127 519 3.2397674240144743 0
