296
560
500
37
203 79 3.313398501832985 0
174 86 0.19634954084936207 1
164 93 3.411573272257666 0
177 108 0.3436116964863836 0
96 123 3.3624858870453256 0
223 126 3.485204350076177 0
271 156 3.9760782021995817 1
92 180 2.9697868053466014 0
94 207 2.748893571891069 0
121 208 2.6998061866787286 1
167 225 3.215223731408304 1
74 252 2.6016314162540475 0
40 267 2.6016314162540475 0
80 274 2.380738182798515 0
32 301 2.0371264863121317 0
232 308 4.73693267299086 1
9 313 2.086213871524472 1
247 315 1.6689710972195777 0
65 324 5.325981295538946 1
187 345 4.81056375080937 1
250 350 4.7860200582032 0
21 352 4.81056375080937 1
262 369 1.5707963267948966 0
130 389 4.71238898038469 1
36 396 4.466952054322987 1
157 408 4.7860200582032 1
207 418 4.6878452877785195 1
107 424 4.319689898685965 1
253 424 4.638757902566179 0
75 440 4.123340357836604 0
115 462 4.0987966652304335 0
169 464 4.417864669110647 0
117 474 4.147884050442774 0
157 476 4.172427743048944 0
50 487 3.706097583531709 0
82 500 3.730641276137879 0
140 504 3.8533597391687304 0
