296
560
500
52
132 23 2.5770877236478773 0
176 47 2.82252464970958 0
234 47 3.411573272257666 1
117 48 5.767767762450011 1
113 63 2.748893571891069 1
131 63 5.915029918087033 0
58 65 5.522330836388308 0
69 74 5.71868037723767 0
80 78 5.816855147662351 1
48 85 5.792311455056181 1
39 116 5.6941366846315 1
190 164 2.478912953223196 0
103 169 2.2580197197676637 0
145 172 2.110757564130642 1
122 187 2.110757564130642 0
16 194 2.0371264863121317 1
132 236 1.9880391010997909 0
144 245 1.7916895602504288 1
272 248 4.196971435655114 1
208 255 1.9144080232812801 0
113 266 2.012582793705961 0
164 297 4.6878452877785195 1
125 298 1.4971652489763858 0
248 316 4.147884050442774 1
114 318 1.5707963267948966 1
283 320 4.196971435655114 1
107 333 1.6444274046134073 1
35 343 5.399612373357457 1
72 345 5.375068680751287 1
144 346 4.246058820867455 1
90 351 6.037748381117884 1
121 352 4.025165587411922 0
247 360 3.8533597391687304 1
176 375 3.9760782021995817 1
71 380 6.111379458936394 1
123 383 3.436116964863836 1
276 385 3.6570101983193686 1
232 392 3.5833791205008576 0
14 396 5.792311455056181 0
159 397 3.706097583531709 1
51 400 6.062292073724054 0
128 431 3.215223731408304 1
171 431 3.5342917352885173 0
103 432 0.04908738521234052 0
273 439 3.215223731408304 0
235 444 3.117048960983623 0
80 448 0.1227184630308513 0
135 461 3.2888548092268146 1
176 474 3.141592653589793 0
39 477 2.9943304979527716 0
159 496 0.760854470791278 1
174 522 4.663301595172349 1
