296
560
500
30
96 194 3.313398501832985 0
206 202 3.80427235395639 0
148 222 3.4606606574700063 1
19 229 6.013204688511713 1
116 244 0.3190680038802134 1
230 246 3.877903431774901 1
169 255 3.6079228131070282 1
44 274 2.6998061866787286 0
256 292 3.902447124381071 0
196 294 3.706097583531709 1
24 298 5.841398840268521 1
85 302 2.8961557275280905 0
142 305 3.4606606574700063 1
20 312 2.84706834231575 1
37 315 5.988660995905543 0
188 335 0.7363107781851077 1
260 365 0.8835729338221293 1
274 404 4.049709280018092 0
90 422 2.5034566458293663 0
48 433 2.1353012567368124 0
22 443 2.2334760271614935 0
205 445 0.9326603190344698 0
190 449 4.0987966652304335 1
232 471 4.049709280018092 0
252 478 0.8835729338221293 0
32 491 1.9880391010997909 0
175 503 4.123340357836604 1
45 504 1.8162332528565992 1
110 519 1.7426021750380885 1
14 520 2.086213871524472 0
