296
560
500
53
173 19 3.411573272257666 1
145 35 0.2945243112740431 0
198 52 3.6079228131070282 1
59 77 2.6261751088602177 0
224 92 3.77972866135022 1
107 97 2.84706834231575 0
42 100 5.792311455056181 1
168 100 3.485204350076177 1
34 109 2.82252464970958 0
58 113 5.939573610693203 0
216 133 0.8099418560036186 1
111 215 2.478912953223196 0
18 223 2.429825568010856 0
66 229 2.1353012567368124 0
39 240 2.2089323345553233 0
226 244 1.0062913968529805 0
212 250 4.172427743048944 1
251 271 4.123340357836604 0
271 284 0.9326603190344698 0
51 285 2.086213871524472 0
63 296 1.8162332528565992 1
192 300 4.196971435655114 1
29 316 2.061670178918302 0
81 343 4.7860200582032 1
41 347 1.4726215563702154 0
248 351 4.123340357836604 1
28 367 1.5707963267948966 1
167 370 4.123340357836604 1
197 372 4.172427743048944 0
21 380 1.4971652489763858 1
58 392 4.270602513473625 1
35 399 3.9269908169872414 0
239 410 3.8533597391687304 0
165 412 3.77972866135022 1
91 424 4.000621894805752 1
235 427 3.5833791205008576 0
37 430 3.3870295796514958 1
192 441 3.5833791205008576 0
146 442 3.5833791205008576 0
69 448 3.6570101983193686 0
197 452 3.313398501832985 1
236 457 3.2397674240144743 0
81 475 3.485204350076177 0
38 477 3.043417883165112 1
18 482 6.160466844148735 0
184 483 3.141592653589793 0
149 489 3.117048960983623 0
245 499 3.018874190558942 0
49 500 3.018874190558942 0
201 518 2.84706834231575 1
98 521 3.117048960983623 0
152 550 6.062292073724054 0
198 551 6.086835766330224 0
