296
560
500
44
113 118 2.478912953223196 0
216 137 3.3870295796514958 1
96 138 5.64504929941916 0
161 138 2.7979809571034093 0
94 153 2.650718801466388 0
113 157 5.8659425328746915 0
65 172 5.792311455056181 1
177 257 2.6016314162540475 0
90 259 2.2580197197676637 0
129 264 2.1598449493429825 1
109 275 2.1598449493429825 0
272 286 4.0987966652304335 0
117 322 1.9634954084936207 0
129 333 1.7916895602504288 1
258 336 4.172427743048944 1
195 347 2.012582793705961 0
99 352 1.9880391010997909 0
110 385 1.4726215563702154 0
148 386 4.6878452877785195 1
233 403 4.0987966652304335 1
99 407 1.3499030933393643 1
264 410 4.221515128261284 0
89 414 1.9389517158874505 0
57 433 5.375068680751287 1
128 433 4.295146206079795 1
23 439 5.399612373357457 0
92 444 1.0799224746714913 0
234 448 3.77972866135022 1
82 449 2.061670178918302 1
94 465 1.1290098598838318 0
159 469 3.9760782021995817 0
60 472 5.964117303299373 0
72 473 5.6941366846315 0
264 474 3.6324665057131984 1
95 476 3.9269908169872414 0
106 477 3.5833791205008576 0
220 481 3.5588354278946874 0
36 489 5.939573610693203 0
143 492 3.706097583531709 0
110 518 3.1906800388021335 1
156 518 3.509748042682347 0
63 519 0.07363107781851078 0
62 537 0.07363107781851078 0
116 546 3.1906800388021335 1
