296
560
500
43
171 86 0.2945243112740431 0
105 129 2.6016314162540475 0
89 154 5.792311455056181 1
149 157 2.9206994201342606 0
205 157 3.411573272257666 1
84 162 2.6998061866787286 0
103 169 5.988660995905543 0
43 176 5.767767762450011 0
50 180 5.939573610693203 1
253 187 0.760854470791278 1
73 273 2.356194490192345 0
157 280 2.6016314162540475 0
113 287 2.1598449493429825 0
88 295 2.184388641949153 0
269 303 1.030835089459151 0
250 311 4.123340357836604 0
96 344 2.061670178918302 0
108 355 1.8407769454627694 1
236 364 4.196971435655114 1
171 371 1.9880391010997909 0
75 374 2.061670178918302 0
87 404 1.4971652489763858 0
126 410 4.6878452877785195 1
75 423 1.3499030933393643 1
210 429 4.0987966652304335 1
246 430 4.147884050442774 1
64 431 2.012582793705961 0
65 449 1.423534171157875 0
104 452 4.295146206079795 1
33 453 5.497787143782138 0
81 456 4.000621894805752 0
49 462 6.135923151542564 0
211 472 3.77972866135022 1
138 483 3.9515345095934116 1
31 487 6.1850105367549055 0
80 494 3.485204350076177 0
241 495 3.6079228131070282 1
194 501 3.5588354278946874 0
118 503 3.730641276137879 1
246 508 3.3870295796514958 0
81 533 3.215223731408304 1
58 534 0.04908738521234052 0
127 535 3.5342917352885173 0
