296
560
500
55
159 40 5.988660995905543 0
134 52 2.5034566458293663 0
64 65 5.375068680751287 0
99 69 5.620505606812989 0
200 78 0.07363107781851078 1
219 131 0.5399612373357456 1
213 177 0.8835729338221293 1
186 191 0.5399612373357456 1
155 198 5.497787143782138 1
286 199 1.3008157081270237 1
92 212 1.88986433067511 0
188 214 1.4726215563702154 0
116 221 1.7671458676442586 1
141 243 1.4971652489763858 0
159 246 1.2517283229146832 1
226 250 1.7671458676442586 1
187 251 4.71238898038469 1
19 253 5.129631754689584 0
65 254 1.8653206380689396 0
207 271 2.5280003384355365 1
189 273 5.129631754689584 0
238 273 1.8162332528565992 1
189 274 5.129631754689584 0
128 279 1.3499030933393643 0
112 289 1.423534171157875 1
254 289 1.6444274046134073 0
167 296 0.5154175447295755 0
279 310 1.6198837120072371 1
76 320 1.7671458676442586 0
111 323 1.2762720155208536 1
248 342 1.88986433067511 1
102 343 1.325359400733194 1
240 353 2.478912953223196 1
95 362 1.521708941582556 0
248 363 4.884194828627882 1
194 368 5.964117303299373 1
95 390 1.3989904785517047 1
142 392 3.9269908169872414 1
174 394 3.6079228131070282 0
247 395 5.301437602932776 0
55 404 5.399612373357457 1
282 405 5.350524988145116 1
77 408 5.915029918087033 1
108 411 2.945243112740431 1
130 422 3.3379421944391554 1
84 423 6.062292073724054 1
120 432 0.19634954084936207 0
239 443 5.988660995905543 1
43 446 5.6941366846315 0
225 488 3.1906800388021335 1
167 489 0.1227184630308513 0
248 511 6.086835766330224 0
166 517 3.2643111166206444 1
216 529 2.9697868053466014 0
151 536 0.09817477042468103 1
