296
560
500
62
147 27 3.018874190558942 0
112 32 6.111379458936394 0
81 46 2.5034566458293663 0
46 62 5.64504929941916 0
149 70 0.1227184630308513 1
167 116 0.5399612373357456 0
160 166 0.859029241215959 1
135 180 0.5890486225480862 1
103 190 5.448699758569798 1
234 190 1.2762720155208536 1
259 193 1.2026409377023426 1
138 206 1.4726215563702154 0
40 207 1.8162332528565992 0
64 215 1.718058482431918 1
176 231 1.6689710972195777 1
91 236 1.4971652489763858 0
108 237 1.2026409377023426 1
259 238 1.325359400733194 1
136 241 4.71238898038469 1
14 249 1.9144080232812801 0
158 261 2.454369260617026 1
188 262 1.7671458676442586 1
138 264 5.178719139901925 0
138 266 5.129631754689584 0
78 271 1.3499030933393643 0
205 278 1.6198837120072371 0
63 282 1.423534171157875 1
123 284 0.2699806186678728 1
229 299 1.5707963267948966 1
27 315 1.7426021750380885 0
63 316 1.2762720155208536 1
268 328 1.2517283229146832 0
200 330 1.8407769454627694 1
252 332 1.5462526341887264 1
53 338 1.2517283229146832 1
192 343 2.454369260617026 1
143 353 5.988660995905543 0
200 355 4.884194828627882 1
47 357 1.4971652489763858 0
277 362 1.2026409377023426 1
272 380 1.8162332528565992 0
48 385 1.3744467859455345 1
96 385 3.877903431774901 1
128 385 3.5342917352885173 0
200 386 5.2768939103266055 0
235 397 5.227806525114265 1
31 403 5.890486225480862 1
63 405 2.8961557275280905 1
85 416 3.313398501832985 1
37 419 6.037748381117884 1
75 427 0.1227184630308513 0
276 432 5.915029918087033 0
196 440 5.939573610693203 0
185 479 3.1661363461959633 1
124 482 0.09817477042468103 0
207 503 6.135923151542564 0
124 510 3.2397674240144743 1
174 522 2.9943304979527716 0
101 538 2.8716120349219203 0
113 538 0.0 0
175 542 0.1227184630308513 0
89 545 6.135923151542564 0
