296
560
500
53
127 34 2.6261751088602177 0
176 53 2.9206994201342606 0
137 64 5.964117303299373 0
113 76 2.429825568010856 0
43 91 5.350524988145116 0
78 96 5.5714182216006485 0
177 103 6.258641614573416 1
200 150 0.5154175447295755 0
194 203 0.859029241215959 1
169 218 0.5645049299419159 1
267 219 1.227184630308513 1
138 226 5.448699758569798 1
166 227 0.9572040116406401 0
70 239 1.7916895602504288 1
172 243 1.4726215563702154 0
99 251 1.718058482431918 1
125 271 1.4971652489763858 0
210 271 1.6935147898257479 1
142 272 1.2517283229146832 1
170 278 4.71238898038469 1
50 283 1.8653206380689396 0
192 298 2.478912953223196 1
222 298 1.7671458676442586 1
112 308 1.325359400733194 0
238 314 1.5953400194010667 0
98 318 1.4480778637640452 1
152 325 0.44178646691106466 0
264 335 1.5953400194010667 1
63 349 1.7426021750380885 0
97 351 1.2762720155208536 1
287 359 1.5707963267948966 1
234 367 1.8653206380689396 1
89 374 1.3008157081270237 1
226 379 2.454369260617026 1
234 389 4.884194828627882 1
82 392 1.521708941582556 0
181 395 5.939573610693203 1
83 420 1.423534171157875 1
129 421 3.902447124381071 1
161 422 3.5833791205008576 0
234 422 5.252350217720435 0
270 430 5.203262832508095 1
43 433 5.399612373357457 1
65 437 5.915029918087033 1
98 441 2.9697868053466014 1
118 452 3.3379421944391554 1
71 453 6.086835766330224 1
109 462 0.19634954084936207 0
230 476 5.915029918087033 0
218 515 3.141592653589793 1
157 518 0.09817477042468103 0
240 538 6.037748381117884 0
155 546 3.2397674240144743 1
