296
560
500
62
187 41 0.8344855486097889 1
262 58 1.227184630308513 1
131 60 5.546874528994478 1
160 63 0.5890486225480862 0
158 72 1.7671458676442586 1
60 74 1.8407769454627694 1
90 84 1.7426021750380885 1
288 101 1.2517283229146832 1
111 103 1.4480778637640452 1
203 103 1.6689710972195777 1
135 112 1.1535535524900022 1
37 113 1.8653206380689396 0
163 114 4.6878452877785195 1
163 130 4.957825906446392 1
185 132 2.478912953223196 1
216 135 1.8162332528565992 1
104 142 1.2762720155208536 0
233 145 1.6198837120072371 0
89 152 1.3989904785517047 1
149 155 0.19634954084936207 1
258 168 1.5953400194010667 1
52 179 1.7426021750380885 0
89 184 1.227184630308513 1
280 196 1.5462526341887264 1
228 198 1.8653206380689396 1
79 203 1.2762720155208536 1
220 210 2.454369260617026 1
171 214 5.964117303299373 1
228 220 4.884194828627882 1
73 223 1.4971652489763858 0
229 250 5.2768939103266055 0
74 251 5.66959299202533 1
123 252 3.8533597391687304 1
156 253 3.5588354278946874 0
264 260 5.203262832508095 1
55 263 5.6941366846315 0
34 265 5.399612373357457 1
91 271 2.9206994201342606 1
111 281 3.2888548092268146 1
62 286 6.037748381117884 1
103 292 0.1718058482431918 0
223 298 5.964117303299373 1
215 343 3.141592653589793 1
153 347 0.09817477042468103 0
233 367 6.135923151542564 0
274 369 6.209554229361076 0
153 376 3.2643111166206444 1
142 394 0.07363107781851078 1
197 394 3.043417883165112 1
126 403 3.0925052683774528 0
190 409 6.258641614573416 0
184 417 3.141592653589793 1
158 431 3.0925052683774528 0
214 437 3.067961575771282 1
109 444 3.2397674240144743 1
253 447 2.3071071049800045 0
87 485 0.44178646691106466 1
127 494 6.258641614573416 1
87 504 0.36815538909255385 0
127 504 3.2643111166206444 0
116 515 0.04908738521234052 1
90 522 0.4663301595172349 1
