296
560
500
41
45 32 2.061670178918302 0
29 63 5.129631754689584 0
67 83 1.8162332528565992 1
30 90 4.933282213840222 0
138 118 1.1044661672776617 1
147 129 0.8099418560036186 1
162 148 0.8835729338221293 0
29 154 4.859651136021712 0
211 159 1.055378782065321 1
46 173 1.6444274046134073 1
89 180 1.3008157081270237 1
266 252 3.8533597391687304 0
103 255 2.8716120349219203 1
121 255 0.0 1
138 292 3.117048960983623 0
100 294 6.1850105367549055 0
76 298 2.724349879284899 0
38 312 5.792311455056181 1
126 337 0.14726215563702155 1
262 382 0.9817477042468103 0
140 389 0.5645049299419159 1
129 432 0.859029241215959 1
102 445 0.5890486225480862 1
71 449 5.595961914206819 1
204 452 1.227184630308513 1
231 457 1.1780972450961724 1
30 463 1.8407769454627694 1
104 471 1.4726215563702154 0
49 489 1.4971652489763858 1
143 495 1.6935147898257479 1
230 498 1.3499030933393643 1
74 500 1.1780972450961724 1
263 503 4.319689898685965 0
102 504 4.73693267299086 1
123 522 2.552544031041707 1
40 524 1.3499030933393643 0
102 526 5.203262832508095 0
155 529 1.88986433067511 1
23 530 1.521708941582556 1
166 541 1.5953400194010667 1
86 543 0.44178646691106466 1
