296
560
500
50
146 66 6.209554229361076 1
116 78 2.773437264497239 0
160 101 2.9943304979527716 0
93 111 2.429825568010856 1
130 111 6.013204688511713 1
34 126 5.448699758569798 1
65 136 5.546874528994478 1
163 144 0.1227184630308513 1
182 191 0.5399612373357456 0
176 240 0.8835729338221293 1
151 254 0.6135923151542565 1
121 258 5.546874528994478 1
248 264 1.227184630308513 1
274 268 1.2026409377023426 1
53 273 1.8653206380689396 0
80 277 1.7671458676442586 1
153 281 1.4971652489763858 0
100 300 1.521708941582556 1
190 306 1.6935147898257479 1
25 309 1.9634954084936207 0
273 310 1.3989904785517047 1
123 311 1.227184630308513 1
171 334 2.478912953223196 1
91 339 1.3744467859455345 0
201 341 1.8407769454627694 1
75 350 1.4726215563702154 1
218 353 1.6935147898257479 0
136 358 0.1718058482431918 1
35 376 1.8162332528565992 0
240 378 1.6689710972195777 1
73 385 1.3008157081270237 1
61 400 1.3744467859455345 1
277 401 1.3744467859455345 0
209 407 1.9144080232812801 1
260 408 1.6198837120072371 1
201 417 2.429825568010856 1
54 421 1.5953400194010667 0
208 429 4.933282213840222 1
156 433 5.964117303299373 1
283 438 1.325359400733194 1
52 452 5.767767762450011 1
98 459 3.9269908169872414 0
209 459 5.252350217720435 0
32 462 5.743224069843841 0
129 464 3.730641276137879 1
267 470 5.227806525114265 1
242 472 5.178719139901925 1
67 473 3.018874190558942 1
39 484 6.160466844148735 1
198 518 5.939573610693203 0
