296
560
500
49
159 94 3.067961575771282 0
125 97 6.160466844148735 0
92 100 2.552544031041707 1
58 118 5.743224069843841 0
157 135 0.1718058482431918 1
168 185 0.5645049299419159 1
159 228 0.859029241215959 1
104 247 5.522330836388308 1
133 250 0.6135923151542565 0
240 255 1.325359400733194 0
129 260 1.718058482431918 1
40 262 1.8407769454627694 0
261 263 1.227184630308513 1
65 270 1.7916895602504288 1
88 293 1.4971652489763858 0
174 294 1.6689710972195777 1
107 299 1.2517283229146832 1
13 300 2.086213871524472 0
135 303 4.71238898038469 1
255 304 1.3499030933393643 0
155 323 2.5280003384355365 1
136 327 4.196971435655114 0
185 329 1.8407769454627694 1
75 332 1.3744467859455345 0
59 340 1.4726215563702154 1
202 342 1.6935147898257479 0
117 343 0.3436116964863836 1
226 363 1.5953400194010667 1
23 366 1.7671458676442586 0
58 376 1.3008157081270237 1
195 392 1.8653206380689396 1
52 393 1.3499030933393643 0
266 393 1.325359400733194 0
249 397 1.5953400194010667 1
186 407 2.5034566458293663 1
136 408 5.988660995905543 1
41 415 1.2762720155208536 0
194 417 4.933282213840222 1
274 428 1.2026409377023426 1
88 446 3.9269908169872414 1
269 446 1.6198837120072371 0
121 448 3.6079228131070282 0
193 450 5.325981295538946 0
46 453 3.9515345095934116 0
230 463 5.252350217720435 1
54 471 3.1661363461959633 0
188 499 5.988660995905543 1
177 544 3.1661363461959633 1
113 545 0.09817477042468103 0
