296
560
500
52
151 56 3.0925052683774528 0
116 59 6.160466844148735 0
84 64 2.5280003384355365 1
56 85 5.620505606812989 1
149 100 0.14726215563702155 1
162 152 0.5890486225480862 1
153 196 0.9326603190344698 1
95 212 5.5714182216006485 1
125 215 0.7117670855789375 0
231 223 1.325359400733194 0
31 225 1.9144080232812801 0
120 226 1.7671458676442586 1
253 229 1.2762720155208536 1
55 234 1.8162332528565992 1
78 257 1.5462526341887264 0
163 264 1.7671458676442586 1
96 266 1.2517283229146832 1
123 269 4.7860200582032 1
250 270 1.423534171157875 1
143 290 2.5770877236478773 1
63 295 1.3744467859455345 0
173 297 1.8653206380689396 1
48 302 1.521708941582556 1
106 310 0.3190680038802134 1
189 311 1.6935147898257479 0
10 328 1.8407769454627694 0
214 334 1.6935147898257479 1
45 338 1.325359400733194 1
34 354 1.423534171157875 1
245 359 1.3989904785517047 1
181 362 1.9634954084936207 1
234 366 1.6444274046134073 1
122 374 6.037748381117884 1
26 375 1.4726215563702154 0
171 375 2.552544031041707 1
178 386 4.9823695990525625 1
20 400 1.8162332528565992 0
73 409 3.9269908169872414 1
104 412 3.6570101983193686 0
28 413 3.5833791205008576 0
176 418 5.350524988145116 0
41 427 3.141592653589793 1
212 429 5.2768939103266055 1
242 432 5.154175447295755 0
58 438 3.411573272257666 1
47 448 0.2454369260617026 0
167 465 6.013204688511713 1
87 507 0.1718058482431918 0
152 510 3.2397674240144743 1
60 530 3.3379421944391554 0
169 534 6.160466844148735 0
89 537 3.3870295796514958 1
