296
560
500
49
111 109 6.135923151542564 1
221 110 0.5645049299419159 0
97 119 2.748893571891069 0
107 126 6.160466844148735 1
141 126 3.067961575771282 0
83 157 2.6261751088602177 1
137 157 0.09817477042468103 1
219 164 3.5342917352885173 0
124 199 0.14726215563702155 0
190 234 0.8344855486097889 1
62 239 2.356194490192345 0
139 242 3.0925052683774528 1
248 265 1.1535535524900022 0
227 275 4.123340357836604 0
116 278 0.02454369260617026 0
108 295 2.2334760271614935 0
181 309 1.3744467859455345 0
125 323 2.1353012567368124 1
162 325 1.6198837120072371 0
154 328 4.319689898685965 1
143 349 2.086213871524472 1
100 360 5.2768939103266055 1
185 367 1.4971652489763858 0
169 374 1.7426021750380885 1
122 376 2.405281875404685 1
143 384 2.2580197197676637 1
158 389 2.0371264863121317 0
59 394 5.350524988145116 0
91 400 5.546874528994478 0
213 413 1.3008157081270237 0
166 418 2.1598449493429825 1
118 419 5.424156065963627 0
173 427 1.718058482431918 0
46 439 5.6941366846315 0
220 440 4.466952054322987 0
76 443 5.66959299202533 0
122 450 5.522330836388308 0
170 455 5.767767762450011 1
200 459 4.344233591292136 0
186 467 3.7551849687440497 0
107 480 5.767767762450011 1
17 481 6.086835766330224 1
127 494 6.013204688511713 0
220 498 4.049709280018092 0
49 500 6.209554229361076 0
25 515 0.14726215563702155 0
181 518 3.3379421944391554 0
98 525 6.234097921967246 0
220 538 3.8288160465625602 0
