296
560
500
51
144 97 6.037748381117884 0
113 130 5.988660995905543 1
148 140 2.8716120349219203 0
102 142 2.552544031041707 0
112 147 5.988660995905543 1
145 168 6.209554229361076 0
231 168 3.411573272257666 0
93 177 2.429825568010856 0
143 217 6.234097921967246 0
214 241 0.7117670855789375 1
165 256 2.9206994201342606 1
89 266 2.2089323345553233 0
256 277 3.9760782021995817 0
31 282 5.2768939103266055 1
147 296 6.111379458936394 0
144 314 2.1353012567368124 0
215 316 1.227184630308513 0
263 317 1.1044661672776617 0
199 336 1.423534171157875 0
165 339 1.9880391010997909 1
193 339 4.123340357836604 1
184 363 1.8653206380689396 1
228 376 1.325359400733194 0
217 380 1.521708941582556 0
167 387 2.184388641949153 0
36 389 5.227806525114265 0
143 392 5.227806525114265 0
194 400 2.086213871524472 0
206 401 1.88986433067511 0
110 420 5.203262832508095 0
222 423 1.7916895602504288 0
144 426 5.301437602932776 1
229 436 1.3499030933393643 1
171 437 5.2768939103266055 0
43 459 5.399612373357457 0
226 466 5.6941366846315 1
104 467 5.546874528994478 0
133 467 5.546874528994478 0
179 467 5.375068680751287 0
245 474 4.466952054322987 0
48 481 5.620505606812989 1
72 486 5.767767762450011 1
166 495 5.64504929941916 0
31 502 5.890486225480862 0
191 512 5.841398840268521 0
81 516 5.890486225480862 1
113 523 6.062292073724054 1
25 532 0.0 0
92 542 0.0 1
53 546 0.04908738521234052 1
168 548 6.037748381117884 0
