296
560
500
48
95 83 5.6941366846315 1
138 103 6.111379458936394 1
202 119 0.19634954084936207 0
18 143 5.66959299202533 0
102 144 5.964117303299373 1
138 153 2.8961557275280905 0
92 154 2.552544031041707 0
101 160 5.964117303299373 1
135 179 6.234097921967246 0
220 180 3.411573272257666 0
82 188 2.405281875404685 0
133 226 0.0 0
202 251 0.6872233929727672 1
154 265 2.8961557275280905 1
78 275 2.2089323345553233 0
244 285 3.9515345095934116 0
20 292 5.2768939103266055 1
136 304 6.160466844148735 0
133 322 2.1353012567368124 0
250 323 1.0799224746714913 0
204 326 1.2026409377023426 0
188 346 1.423534171157875 0
177 347 3.9515345095934116 0
173 369 1.8407769454627694 1
217 383 1.3008157081270237 0
206 387 1.4971652489763858 0
23 397 5.252350217720435 0
154 397 2.184388641949153 0
130 401 5.252350217720435 0
196 407 1.88986433067511 0
183 409 2.1353012567368124 0
97 429 5.227806525114265 0
212 432 1.8407769454627694 0
132 433 5.325981295538946 1
219 442 1.3008157081270237 1
159 446 5.2768939103266055 0
28 466 5.448699758569798 0
217 470 5.6941366846315 1
121 473 5.546874528994478 0
92 474 5.522330836388308 0
168 474 5.399612373357457 0
34 487 5.66959299202533 1
60 492 5.767767762450011 1
155 501 5.66959299202533 0
182 515 5.8659425328746915 0
70 520 5.939573610693203 1
102 527 6.086835766330224 1
85 551 0.07363107781851078 0
