296
560
500
39
36 15 5.399612373357457 1
160 40 6.111379458936394 1
155 51 2.184388641949153 0
229 58 1.2762720155208536 0
197 69 3.706097583531709 0
206 80 1.4726215563702154 1
194 100 1.9389517158874505 1
238 120 1.4480778637640452 0
227 121 1.6198837120072371 0
36 123 5.301437602932776 0
172 127 2.282563412373834 0
147 131 5.325981295538946 0
213 142 1.9634954084936207 0
200 143 2.2334760271614935 0
110 158 5.325981295538946 0
144 159 5.399612373357457 0
227 173 1.9144080232812801 0
174 176 5.350524988145116 0
238 181 1.3499030933393643 0
39 190 5.473243451175968 0
102 203 5.595961914206819 0
133 204 5.595961914206819 0
180 207 5.448699758569798 0
43 212 5.71868037723767 1
228 214 5.792311455056181 1
69 219 5.816855147662351 1
261 219 4.270602513473625 0
246 225 3.730641276137879 0
164 235 5.743224069843841 0
25 236 5.8659425328746915 0
81 241 5.988660995905543 0
187 255 5.988660995905543 0
110 266 6.086835766330224 0
83 278 0.04908738521234052 1
46 281 0.09817477042468103 1
160 290 6.1850105367549055 0
213 294 3.0925052683774528 0
195 295 6.234097921967246 0
116 326 0.19634954084936207 1
