296
560
500
37
143 202 6.160466844148735 0
212 220 0.4663301595172349 0
122 231 6.209554229361076 0
93 242 2.6261751088602177 0
138 244 2.9697868053466014 0
104 247 6.086835766330224 1
80 271 2.454369260617026 1
133 272 0.04908738521234052 0
216 279 3.509748042682347 0
127 328 6.258641614573416 1
197 350 0.760854470791278 1
145 362 2.9697868053466014 1
70 364 2.2334760271614935 0
257 377 1.055378782065321 0
6 383 5.375068680751287 1
239 390 4.025165587411922 0
129 405 6.234097921967246 1
123 417 2.1598449493429825 0
197 425 1.227184630308513 0
245 432 1.1780972450961724 0
166 434 3.6815538909255388 0
144 442 2.012582793705961 1
175 445 1.423534171157875 1
254 459 4.344233591292136 1
164 465 1.8407769454627694 1
209 485 1.3499030933393643 0
199 488 1.5953400194010667 0
144 493 2.2334760271614935 0
121 495 5.252350217720435 0
169 505 2.1598449493429825 1
186 507 1.9144080232812801 0
84 524 5.2768939103266055 0
120 530 5.350524988145116 1
245 531 1.2762720155208536 0
202 537 1.7916895602504288 0
145 538 5.350524988145116 1
213 544 1.4726215563702154 0
