296
560
500
52
74 109 2.6261751088602177 0
120 109 2.9206994201342606 0
87 113 6.062292073724054 1
200 143 3.509748042682347 0
61 145 2.454369260617026 0
115 145 6.234097921967246 1
109 196 6.209554229361076 1
179 213 0.7117670855789375 1
129 229 2.8716120349219203 1
55 236 2.3316507975861747 0
260 239 4.123340357836604 0
243 241 1.0062913968529805 0
224 253 4.000621894805752 0
110 263 6.086835766330224 1
108 286 2.1598449493429825 0
180 288 1.2026409377023426 0
164 308 1.4480778637640452 0
157 310 4.0987966652304335 1
126 311 1.9880391010997909 1
153 331 1.9144080232812801 0
186 347 1.5707963267948966 1
193 348 1.3499030933393643 0
104 361 5.2768939103266055 0
130 362 2.2334760271614935 1
153 366 2.1353012567368124 1
169 369 1.9144080232812801 0
69 389 5.2768939103266055 0
228 391 1.1290098598838318 0
104 394 5.375068680751287 1
185 396 1.88986433067511 0
197 403 1.2026409377023426 0
132 405 5.301437602932776 0
264 412 1.055378782065321 0
241 419 4.270602513473625 0
142 431 5.399612373357457 0
62 433 5.5714182216006485 0
93 433 5.5714182216006485 0
191 433 5.743224069843841 1
221 437 4.246058820867455 0
208 445 3.706097583531709 0
32 448 5.816855147662351 1
130 457 5.6941366846315 0
154 474 5.964117303299373 0
45 476 5.915029918087033 1
78 490 6.037748381117884 0
210 497 3.313398501832985 0
53 503 6.258641614573416 1
130 509 6.160466844148735 0
237 509 0.5890486225480862 0
165 512 0.04908738521234052 0
181 513 3.1661363461959633 0
87 548 0.07363107781851078 1
