296
560
500
54
130 98 2.84706834231575 0
82 102 2.552544031041707 0
94 105 5.988660995905543 1
211 121 3.3624858870453256 0
129 125 6.1850105367549055 0
76 135 2.405281875404685 0
127 180 6.209554229361076 1
196 196 0.6872233929727672 1
147 212 2.84706834231575 1
73 221 2.2580197197676637 0
238 229 3.9515345095934116 0
10 239 5.350524988145116 1
130 253 6.111379458936394 0
244 268 1.1780972450961724 0
126 269 2.1353012567368124 0
198 272 1.227184630308513 0
181 290 1.4480778637640452 0
174 292 4.0987966652304335 1
146 294 2.012582793705961 1
253 297 4.319689898685965 1
170 310 1.8162332528565992 0
209 327 1.3499030933393643 0
198 330 1.5462526341887264 0
146 340 2.184388641949153 0
16 345 5.301437602932776 1
123 345 5.252350217720435 0
175 351 2.110757564130642 0
187 351 1.88986433067511 0
243 365 1.1780972450961724 0
203 374 1.7916895602504288 0
87 375 5.252350217720435 0
122 379 5.350524988145116 1
209 384 1.227184630308513 1
150 389 5.301437602932776 0
255 404 4.319689898685965 1
202 407 1.7916895602504288 0
110 418 5.5714182216006485 0
157 418 5.399612373357457 0
80 420 5.546874528994478 0
236 420 4.147884050442774 1
210 422 3.436116964863836 0
226 425 3.80427235395639 0
21 433 5.6941366846315 1
51 443 5.767767762450011 0
146 444 5.64504929941916 0
61 456 5.964117303299373 0
171 458 5.915029918087033 0
91 471 6.062292073724054 1
202 493 2.8961557275280905 0
145 495 6.086835766330224 0
29 498 6.258641614573416 1
69 498 6.1850105367549055 0
177 504 5.988660995905543 1
104 535 0.04908738521234052 1
