296
560
500
45
158 109 5.816855147662351 1
193 114 2.6998061866787286 0
149 123 2.478912953223196 0
72 126 5.473243451175968 0
161 126 5.841398840268521 1
194 151 6.013204688511713 1
144 158 2.3316507975861747 0
199 200 6.135923151542564 1
270 211 0.6381360077604268 1
219 232 2.773437264497239 1
147 245 2.2334760271614935 0
50 265 2.2580197197676637 1
86 266 5.252350217720435 1
205 274 6.062292073724054 0
274 288 1.2026409377023426 0
201 291 2.1353012567368124 0
222 313 2.012582793705961 1
245 327 1.7426021750380885 0
286 344 1.227184630308513 0
275 349 1.5707963267948966 0
29 353 2.3316507975861747 0
222 360 2.184388641949153 0
199 365 5.252350217720435 0
89 369 5.227806525114265 0
263 369 1.88986433067511 0
250 372 2.110757564130642 0
279 395 1.8407769454627694 0
163 397 5.252350217720435 0
198 399 5.350524988145116 1
225 410 5.2768939103266055 0
96 435 5.399612373357457 0
233 438 5.399612373357457 0
188 439 5.522330836388308 0
158 441 5.522330836388308 0
101 456 5.64504929941916 1
128 459 5.743224069843841 1
221 465 5.64504929941916 0
66 480 5.841398840268521 0
246 480 5.939573610693203 0
141 481 5.841398840268521 0
165 495 6.037748381117884 1
80 507 6.1850105367549055 0
144 515 6.209554229361076 1
219 518 6.062292073724054 0
105 519 0.07363107781851078 1
