296
560
500
41
109 67 0.4663301595172349 0
65 101 0.2945243112740431 0
184 104 3.706097583531709 1
113 106 3.485204350076177 0
258 126 3.8288160465625602 0
80 136 3.3624858870453256 1
236 143 0.8835729338221293 1
62 156 0.5154175447295755 0
246 167 4.025165587411922 1
78 174 3.6570101983193686 0
247 180 0.7117670855789375 0
203 191 3.8288160465625602 0
259 191 3.8288160465625602 0
235 196 0.7853981633974483 0
111 257 3.6324665057131984 0
210 263 1.055378782065321 1
33 266 2.9697868053466014 0
167 273 1.0799224746714913 0
79 275 0.7117670855789375 0
258 293 0.6381360077604268 1
25 300 0.14726215563702155 0
270 303 3.877903431774901 1
263 311 0.7117670855789375 0
88 319 1.2026409377023426 1
113 323 1.1780972450961724 0
28 333 1.8653206380689396 1
28 346 1.6198837120072371 1
233 346 0.9326603190344698 1
218 375 1.1044661672776617 0
66 381 1.6689710972195777 0
153 408 1.4480778637640452 0
244 415 1.0062913968529805 0
127 416 1.5953400194010667 0
97 417 1.6689710972195777 1
31 432 2.086213871524472 1
205 433 1.227184630308513 0
46 438 1.9880391010997909 1
262 458 1.0799224746714913 0
215 460 4.368777283898306 0
189 466 1.3499030933393643 1
55 522 2.282563412373834 0
