296
560
500
29
175 32 0.39269908169872414 0
252 64 3.6815538909255388 1
136 67 0.2454369260617026 0
182 70 3.436116964863836 0
150 100 3.313398501832985 1
136 122 0.44178646691106466 0
152 138 3.5833791205008576 0
277 151 3.77972866135022 0
190 220 3.6079228131070282 0
112 230 2.945243112740431 0
246 235 0.9817477042468103 0
19 239 2.2580197197676637 0
161 239 0.7117670855789375 0
108 263 0.1227184630308513 0
172 284 1.1780972450961724 1
198 288 1.1290098598838318 0
153 339 1.6689710972195777 0
88 355 4.859651136021712 0
242 366 1.3989904785517047 0
186 372 1.6935147898257479 1
216 373 1.5707963267948966 0
117 380 2.282563412373834 1
133 385 2.110757564130642 1
44 413 0.2945243112740431 1
277 427 1.4726215563702154 1
95 461 2.6016314162540475 0
129 472 2.405281875404685 0
43 514 2.9943304979527716 0
103 519 5.64504929941916 0
