296
560
500
34
178 28 0.1718058482431918 0
221 28 3.3870295796514958 0
192 58 3.2643111166206444 1
31 98 5.66959299202533 1
38 123 2.5034566458293663 1
232 179 3.6324665057131984 0
154 187 2.9206994201342606 0
60 196 2.2334760271614935 0
202 198 0.7117670855789375 0
148 213 0.14726215563702155 1
212 243 1.1780972450961724 1
237 246 1.1290098598838318 0
192 298 1.6935147898257479 0
125 313 4.957825906446392 0
34 317 1.3989904785517047 0
281 327 1.423534171157875 0
120 329 4.9823695990525625 1
225 333 1.7426021750380885 1
255 333 1.5953400194010667 0
110 339 5.031456984264903 1
154 340 2.356194490192345 1
18 341 1.4480778637640452 0
172 342 2.1353012567368124 1
80 368 0.2945243112740431 1
128 417 2.6998061866787286 0
162 430 2.5034566458293663 0
71 464 3.141592653589793 0
133 474 5.743224069843841 0
62 506 3.043417883165112 0
239 507 5.6941366846315 1
194 510 5.792311455056181 1
77 519 6.013204688511713 0
210 529 2.724349879284899 0
235 529 5.8659425328746915 1
