296
560
500
24
141 78 3.5342917352885173 0
247 81 0.9081166264282996 0
203 87 0.9081166264282996 0
61 90 2.84706834231575 0
113 97 0.6381360077604268 0
61 123 0.07363107781851078 0
126 140 1.1290098598838318 1
152 141 1.0799224746714913 0
268 187 1.1780972450961724 0
107 194 1.6444274046134073 0
44 217 4.8351074434155406 0
200 220 1.3989904785517047 0
173 228 1.5707963267948966 0
141 231 1.6935147898257479 1
39 235 4.933282213840222 1
31 246 4.908738521234052 1
68 247 2.184388641949153 1
85 251 2.0371264863121317 1
14 268 4.516039439535327 1
22 273 5.056000676871073 0
244 285 1.5707963267948966 0
55 331 2.429825568010856 0
90 340 2.3316507975861747 0
94 386 2.061670178918302 1
