296
560
500
30
67 166 3.067961575771282 0
144 184 0.4172427743048944 0
220 215 3.6324665057131984 1
103 221 0.3190680038802134 0
150 226 3.485204350076177 0
119 258 3.411573272257666 1
271 290 0.662679700366597 0
118 296 3.5833791205008576 0
250 302 3.6570101983193686 0
265 336 0.6872233929727672 0
275 345 3.8288160465625602 0
256 376 0.7853981633974483 0
156 381 3.6079228131070282 0
215 388 0.8835729338221293 0
78 389 3.0925052683774528 0
129 401 0.6872233929727672 0
78 412 0.3436116964863836 1
139 444 1.1290098598838318 1
165 446 1.0799224746714913 0
280 470 1.0062913968529805 0
118 494 1.6444274046134073 0
213 513 1.3989904785517047 0
46 516 5.031456984264903 1
185 524 1.5462526341887264 0
35 525 5.080544369477243 1
154 529 1.7671458676442586 1
78 532 2.454369260617026 1
268 535 1.2762720155208536 0
22 537 4.565126824747668 0
96 540 2.3316507975861747 1
