296
560
500
29
233 117 0.2454369260617026 0
254 161 3.313398501832985 0
207 163 0.19634954084936207 0
76 171 2.650718801466388 1
26 188 5.71868037723767 1
225 198 3.313398501832985 1
83 202 2.6261751088602177 1
53 208 5.8659425328746915 1
62 224 5.71868037723767 1
78 248 2.6016314162540475 1
268 320 3.5833791205008576 0
95 328 2.184388641949153 0
188 329 3.043417883165112 0
238 339 0.6381360077604268 0
15 353 2.0371264863121317 1
186 353 0.2454369260617026 1
248 381 1.1290098598838318 1
275 381 0.9572040116406401 0
39 383 1.9389517158874505 0
47 410 1.7671458676442586 0
227 432 1.7426021750380885 0
72 450 1.3989904785517047 0
153 457 4.9823695990525625 1
261 466 1.8162332528565992 1
143 467 5.006913291658733 1
57 472 1.4726215563702154 0
182 472 2.3071071049800045 1
200 478 2.184388641949153 1
136 504 5.473243451175968 1
