296
560
500
21
98 92 3.3870295796514958 0
135 171 3.5588354278946874 0
190 180 0.9326603190344698 0
56 186 2.8961557275280905 0
105 190 0.6135923151542565 0
57 219 0.04908738521234052 0
145 236 1.0799224746714913 0
122 237 1.1780972450961724 1
253 282 1.227184630308513 0
102 288 1.6689710972195777 0
42 312 4.933282213840222 1
190 312 1.4480778637640452 0
165 319 1.6198837120072371 0
134 324 1.7426021750380885 1
36 328 5.006913291658733 0
27 335 5.105088062083414 0
59 338 2.356194490192345 1
79 339 2.184388641949153 1
15 371 5.448699758569798 1
220 376 1.5953400194010667 1
38 410 2.2089323345553233 0
