296
560
500
45
144 108 0.02454369260617026 0
189 117 3.313398501832985 1
84 134 5.939573610693203 1
123 143 2.773437264497239 0
157 172 0.2699806186678728 0
99 182 2.356194490192345 1
130 183 2.724349879284899 0
107 191 5.939573610693203 1
175 199 3.2888548092268146 1
17 215 5.252350217720435 0
61 216 5.448699758569798 0
211 240 0.9326603190344698 1
86 243 5.546874528994478 0
236 250 3.8288160465625602 0
216 252 3.9760782021995817 1
131 282 2.2580197197676637 0
222 290 0.9326603190344698 0
218 309 3.9269908169872414 1
90 315 5.227806525114265 0
203 336 3.77972866135022 1
162 342 2.6261751088602177 1
74 350 1.8162332528565992 1
141 350 5.71868037723767 0
204 365 3.77972866135022 0
39 370 2.012582793705961 0
144 373 1.8162332528565992 0
204 382 0.9817477042468103 0
200 392 3.509748042682347 1
201 392 1.1044661672776617 1
183 397 1.030835089459151 1
182 419 1.1044661672776617 0
55 423 5.080544369477243 0
262 424 4.172427743048944 1
168 437 4.589670517353839 1
117 453 1.7916895602504288 1
237 455 4.123340357836604 1
206 458 4.074252972624263 0
139 467 4.246058820867455 0
185 467 4.025165587411922 1
120 471 5.522330836388308 1
160 474 3.80427235395639 0
105 483 5.66959299202533 0
190 485 3.5342917352885173 1
212 486 3.4606606574700063 1
179 521 3.1906800388021335 1
