296
560
500
42
136 129 0.1227184630308513 0
178 141 3.3624858870453256 1
78 156 6.013204688511713 0
110 164 2.7979809571034093 0
143 195 0.2699806186678728 0
87 203 2.405281875404685 1
119 212 2.84706834231575 1
94 214 6.013204688511713 1
162 221 3.2888548092268146 1
252 230 3.902447124381071 0
49 235 5.473243451175968 0
74 263 5.620505606812989 0
228 271 3.8288160465625602 1
121 304 2.3071071049800045 0
208 310 0.9081166264282996 0
207 333 3.9269908169872414 1
78 335 5.252350217720435 0
181 350 3.6815538909255388 1
62 370 1.8162332528565992 1
28 387 1.88986433067511 0
189 392 3.730641276137879 1
124 401 1.6689710972195777 1
194 404 0.9081166264282996 0
253 406 0.9081166264282996 0
169 419 0.859029241215959 1
252 434 4.074252972624263 1
47 441 5.031456984264903 0
172 441 0.9326603190344698 0
158 455 4.589670517353839 1
234 472 3.9760782021995817 1
110 474 1.6935147898257479 1
202 478 3.9515345095934116 0
132 486 4.246058820867455 0
180 486 3.9269908169872414 1
116 490 3.4606606574700063 1
155 493 3.7551849687440497 0
100 502 5.64504929941916 0
186 503 3.4606606574700063 1
210 504 3.436116964863836 1
236 511 3.411573272257666 0
77 518 5.473243451175968 0
178 538 3.1661363461959633 1
