296
560
500
48
132 100 0.09817477042468103 0
175 112 3.3870295796514958 1
77 133 5.939573610693203 1
107 134 2.82252464970958 0
140 165 0.2699806186678728 0
83 172 2.380738182798515 1
114 176 2.7979809571034093 0
90 183 5.915029918087033 1
157 191 3.2888548092268146 1
248 202 3.9269908169872414 0
44 207 5.424156065963627 0
195 228 0.760854470791278 0
70 232 5.620505606812989 0
224 242 3.8533597391687304 1
199 244 3.77972866135022 1
113 269 2.282563412373834 1
203 285 0.9326603190344698 1
74 303 5.252350217720435 0
207 303 3.9760782021995817 0
138 326 2.282563412373834 0
183 326 3.80427235395639 1
58 338 1.7916895602504288 1
124 347 5.546874528994478 1
24 361 1.9144080232812801 0
124 364 1.7671458676442586 0
245 378 0.9817477042468103 0
163 388 1.055378782065321 1
167 402 1.1044661672776617 1
244 407 4.123340357836604 1
268 410 4.074252972624263 0
42 413 5.031456984264903 0
149 421 4.6878452877785195 1
102 444 1.6935147898257479 1
194 444 4.049709280018092 1
224 445 4.074252972624263 1
124 456 4.246058820867455 0
172 457 3.9269908169872414 1
107 460 3.436116964863836 1
145 463 3.80427235395639 0
93 473 5.620505606812989 0
176 474 3.485204350076177 1
237 475 3.6815538909255388 0
200 476 3.4606606574700063 1
223 485 3.509748042682347 0
71 491 5.399612373357457 0
170 511 3.1906800388021335 1
79 518 5.792311455056181 0
167 536 2.8961557275280905 1
