296
560
500
51
136 98 0.1227184630308513 0
178 111 3.3870295796514958 1
80 130 5.988660995905543 1
107 132 2.7979809571034093 0
141 164 0.3190680038802134 0
84 170 2.405281875404685 1
116 175 2.82252464970958 0
93 181 5.964117303299373 1
157 191 3.2888548092268146 1
270 198 0.7117670855789375 1
47 200 5.497787143782138 0
248 200 3.9269908169872414 0
196 230 0.7363107781851077 0
69 231 5.66959299202533 0
196 243 3.7551849687440497 1
225 243 3.8533597391687304 1
113 270 2.3316507975861747 1
202 285 0.9326603190344698 1
72 303 5.301437602932776 0
207 311 3.9760782021995817 1
137 327 2.282563412373834 0
182 328 3.80427235395639 1
55 335 1.8407769454627694 1
124 345 5.620505606812989 1
122 365 1.7426021750380885 0
191 369 3.8288160465625602 1
186 374 0.9081166264282996 0
246 377 0.9081166264282996 0
163 388 1.055378782065321 1
167 403 1.0799224746714913 1
244 404 4.0987966652304335 1
267 404 4.049709280018092 0
38 408 5.031456984264903 0
149 424 4.638757902566179 1
101 439 1.718058482431918 1
225 442 4.000621894805752 1
194 443 4.025165587411922 1
240 444 4.025165587411922 0
172 456 3.902447124381071 1
106 457 5.424156065963627 1
258 458 3.8288160465625602 1
119 459 3.8533597391687304 1
145 461 3.9269908169872414 0
91 469 5.620505606812989 0
238 470 3.6570101983193686 0
176 471 3.4606606574700063 1
201 473 3.436116964863836 1
224 480 3.436116964863836 0
69 484 5.473243451175968 0
169 506 3.1661363461959633 1
166 531 2.945243112740431 1
