296
560
500
36
156 130 0.4172427743048944 1
267 131 3.902447124381071 0
216 136 0.760854470791278 0
177 153 3.5342917352885173 0
90 165 6.135923151542564 1
136 169 3.117048960983623 1
246 171 3.9269908169872414 1
137 181 0.39269908169872414 1
158 192 3.509748042682347 0
189 192 0.9081166264282996 1
89 209 0.0 0
174 229 3.730641276137879 1
52 268 5.964117303299373 0
103 274 3.067961575771282 0
13 284 2.380738182798515 1
255 284 4.516039439535327 0
214 307 4.417864669110647 1
171 333 1.5462526341887264 1
168 347 4.6878452877785195 1
132 354 4.368777283898306 1
59 355 2.356194490192345 1
116 388 4.344233591292136 1
80 391 1.3989904785517047 1
107 400 1.423534171157875 1
74 401 1.6935147898257479 0
49 410 5.424156065963627 1
164 425 1.5953400194010667 0
23 442 4.344233591292136 1
145 444 4.663301595172349 1
49 452 4.344233591292136 0
76 455 4.466952054322987 0
164 459 4.663301595172349 0
47 465 4.074252972624263 1
108 468 4.516039439535327 1
67 478 4.000621894805752 1
118 490 4.491495746929157 1
