296
560
500
49
164 124 3.3379421944391554 1
59 132 2.6261751088602177 1
27 147 5.6941366846315 0
124 155 0.04908738521234052 0
168 166 3.3624858870453256 1
70 188 5.988660995905543 1
103 191 2.8716120349219203 0
279 218 3.80427235395639 1
132 221 0.2945243112740431 1
107 245 2.8716120349219203 1
272 247 0.7363107781851077 1
40 251 5.5714182216006485 1
150 256 3.313398501832985 1
246 258 3.8533597391687304 1
60 287 5.743224069843841 1
225 303 3.7551849687440497 1
111 342 2.454369260617026 0
198 348 0.9817477042468103 1
72 360 5.546874528994478 1
201 360 4.0987966652304335 1
44 389 1.9144080232812801 1
135 397 2.552544031041707 0
180 401 3.730641276137879 0
113 411 5.792311455056181 0
265 425 4.025165587411922 0
116 428 1.8162332528565992 0
255 430 1.227184630308513 1
248 445 4.025165587411922 1
260 446 4.368777283898306 0
32 452 5.006913291658733 1
156 460 0.760854470791278 0
260 469 4.025165587411922 1
140 478 4.933282213840222 1
221 493 3.9515345095934116 1
189 496 3.877903431774901 1
90 505 1.1290098598838318 1
111 506 4.270602513473625 0
70 512 2.2334760271614935 1
160 512 3.8288160465625602 0
241 513 3.9269908169872414 0
136 514 3.7551849687440497 0
231 523 3.706097583531709 0
82 524 5.6941366846315 1
171 524 3.411573272257666 1
196 524 3.3870295796514958 1
244 529 4.049709280018092 0
217 531 3.436116964863836 0
54 537 5.375068680751287 0
234 538 3.2643111166206444 0
