296
560
500
41
100 142 2.5280003384355365 1
69 159 5.66959299202533 0
167 159 6.258641614573416 0
213 167 3.2888548092268146 1
13 179 2.2334760271614935 0
117 194 5.964117303299373 1
148 196 2.84706834231575 0
29 200 5.252350217720435 1
189 227 0.2454369260617026 0
129 232 2.429825568010856 1
159 237 2.773437264497239 0
135 245 5.915029918087033 1
200 251 3.215223731408304 1
88 259 5.497787143782138 1
31 268 5.252350217720435 1
109 292 5.64504929941916 1
274 300 3.7551849687440497 1
162 338 2.3316507975861747 0
123 365 5.350524988145116 1
224 381 3.6079228131070282 1
186 391 2.5770877236478773 0
169 398 5.816855147662351 1
99 402 1.8162332528565992 1
57 424 2.012582793705961 1
239 429 3.80427235395639 1
174 436 1.6935147898257479 1
237 442 0.8835729338221293 1
31 446 5.203262832508095 0
217 446 0.9326603190344698 0
84 474 5.031456984264903 0
215 474 0.9081166264282996 0
199 480 4.81056375080937 1
276 501 3.9760782021995817 1
243 507 3.9515345095934116 0
149 509 1.6935147898257479 1
225 517 3.8288160465625602 1
174 518 4.172427743048944 0
197 524 3.730641276137879 0
140 532 5.66959299202533 0
229 534 3.4606606574700063 1
255 534 3.3870295796514958 1
