296
560
500
33
156 143 3.3870295796514958 0
112 177 0.07363107781851078 0
225 178 3.77972866135022 0
222 185 0.7117670855789375 1
156 189 3.3870295796514958 1
87 213 2.9206994201342606 0
258 241 3.8533597391687304 1
122 246 0.2699806186678728 0
98 257 2.8961557275280905 0
249 266 0.6135923151542565 1
229 274 3.877903431774901 0
268 277 3.730641276137879 0
136 278 3.2888548092268146 0
47 310 5.767767762450011 0
202 320 3.730641276137879 0
97 356 2.429825568010856 0
188 361 0.7853981633974483 0
48 380 5.473243451175968 0
194 385 3.877903431774901 0
119 411 2.405281875404685 0
170 411 3.730641276137879 1
101 432 5.5714182216006485 1
235 442 0.7363107781851077 0
104 443 1.8162332528565992 0
173 445 3.706097583531709 1
170 450 0.7363107781851077 0
143 466 0.760854470791278 1
232 468 3.9515345095934116 1
148 483 0.9081166264282996 0
134 502 4.540583132141498 1
216 509 3.8288160465625602 1
181 518 3.80427235395639 0
157 527 3.80427235395639 1
