296
560
500
51
218 42 0.1718058482431918 1
98 59 2.380738182798515 0
160 67 2.748893571891069 0
137 73 5.964117303299373 1
150 115 5.988660995905543 0
146 133 2.454369260617026 0
285 140 0.8835729338221293 1
131 145 5.66959299202533 0
37 155 2.061670178918302 0
239 158 0.8099418560036186 0
276 185 3.9760782021995817 0
107 194 5.399612373357457 0
235 194 1.0799224746714913 0
156 206 2.356194490192345 0
40 211 1.8162332528565992 0
128 214 5.522330836388308 0
139 221 5.64504929941916 0
114 222 5.227806525114265 1
262 222 1.2762720155208536 1
186 236 1.4971652489763858 0
175 252 1.8653206380689396 0
13 259 1.8407769454627694 0
229 259 1.718058482431918 0
163 262 2.110757564130642 1
41 266 1.423534171157875 1
117 274 5.203262832508095 0
107 278 4.884194828627882 1
24 280 1.6198837120072371 0
152 281 5.203262832508095 1
166 288 5.031456984264903 1
114 289 5.227806525114265 0
67 290 1.1290098598838318 1
202 291 2.012582793705961 1
113 310 4.319689898685965 1
105 324 4.123340357836604 1
135 331 2.724349879284899 1
206 333 2.2334760271614935 0
88 341 3.8288160465625602 1
253 353 1.9144080232812801 0
218 355 2.1353012567368124 1
101 364 6.013204688511713 1
60 379 3.5588354278946874 1
91 385 0.1227184630308513 1
162 419 5.8659425328746915 1
241 422 5.301437602932776 0
209 425 5.473243451175968 0
135 431 6.209554229361076 0
251 450 5.66959299202533 0
157 464 6.258641614573416 1
179 464 3.141592653589793 1
187 473 6.160466844148735 0
