296
560
500
47
152 17 5.939573610693203 0
225 62 0.3190680038802134 1
99 71 2.405281875404685 0
160 81 2.84706834231575 0
140 85 6.037748381117884 1
152 124 6.037748381117884 0
36 166 2.086213871524472 0
284 167 0.9326603190344698 1
240 178 0.9572040116406401 0
106 199 5.399612373357457 0
237 208 1.2026409377023426 1
272 209 4.123340357836604 0
133 210 5.66959299202533 0
153 211 2.3316507975861747 0
39 222 1.8162332528565992 0
108 223 5.301437602932776 0
137 226 5.64504929941916 0
182 245 1.5707963267948966 0
255 245 1.3744467859455345 1
196 247 1.521708941582556 0
197 258 4.540583132141498 0
169 260 1.8162332528565992 0
221 276 1.718058482431918 0
45 279 1.521708941582556 0
20 292 1.6444274046134073 0
163 292 4.9823695990525625 1
112 296 5.325981295538946 0
65 302 1.1044661672776617 1
194 304 1.9634954084936207 1
108 318 4.466952054322987 1
103 334 4.0987966652304335 1
131 341 2.675262494072558 1
195 352 2.2089323345553233 0
83 353 3.877903431774901 1
12 375 3.7551849687440497 0
97 378 5.939573610693203 1
205 378 2.1598449493429825 1
239 379 1.9634954084936207 0
54 395 3.5833791205008576 1
81 401 0.14726215563702155 1
145 434 5.939573610693203 0
225 445 5.325981295538946 0
193 448 5.522330836388308 0
120 451 0.0 0
235 474 5.767767762450011 0
163 486 3.067961575771282 1
141 492 6.135923151542564 0
