296
560
500
45
179 81 5.939573610693203 0
248 123 0.2454369260617026 1
126 137 2.405281875404685 0
185 147 2.773437264497239 0
164 152 5.988660995905543 1
179 192 5.988660995905543 0
174 207 2.454369260617026 0
158 220 5.64504929941916 0
64 226 2.1353012567368124 0
268 237 0.8099418560036186 0
133 267 5.399612373357457 0
262 270 1.0799224746714913 0
160 278 5.66959299202533 0
183 278 2.405281875404685 0
23 280 2.184388641949153 0
65 283 1.8653206380689396 0
136 289 5.325981295538946 0
165 293 5.66959299202533 0
211 306 1.4971652489763858 0
226 308 1.521708941582556 0
21 318 1.9880391010997909 0
200 323 1.8653206380689396 0
34 326 1.88986433067511 0
228 332 4.614214209960009 0
254 332 1.6935147898257479 0
69 337 1.521708941582556 0
185 337 2.1353012567368124 1
179 348 5.178719139901925 1
43 349 1.6689710972195777 0
192 355 5.056000676871073 1
138 360 5.375068680751287 0
90 362 1.0799224746714913 1
226 364 2.0371264863121317 1
134 380 4.442408361716817 1
127 394 4.172427743048944 1
159 400 2.724349879284899 1
228 407 2.282563412373834 0
37 409 0.859029241215959 0
110 411 3.80427235395639 1
48 424 4.147884050442774 0
124 433 6.013204688511713 1
237 433 2.2089323345553233 1
77 458 3.5588354278946874 0
103 463 0.07363107781851078 0
169 489 5.988660995905543 0
