296
560
500
46
242 73 3.141592653589793 0
133 108 2.6998061866787286 0
270 111 0.3190680038802134 0
257 143 0.5154175447295755 0
101 154 2.454369260617026 0
181 171 6.062292073724054 0
162 192 5.939573610693203 0
189 197 0.04908738521234052 0
66 199 2.1353012567368124 1
41 202 2.3316507975861747 0
78 227 1.8407769454627694 1
123 234 5.620505606812989 1
133 238 5.8659425328746915 0
202 239 3.141592653589793 1
120 250 5.841398840268521 0
205 256 2.356194490192345 0
170 257 2.6998061866787286 1
186 257 2.5034566458293663 0
102 262 5.178719139901925 1
266 262 1.9144080232812801 0
78 263 4.859651136021712 1
155 265 5.792311455056181 1
89 273 4.3933209765044765 1
74 276 4.3933209765044765 0
161 279 5.620505606812989 1
59 280 4.417864669110647 1
103 295 3.313398501832985 1
48 303 0.3190680038802134 1
214 304 2.429825568010856 0
261 305 2.1353012567368124 1
173 308 2.675262494072558 1
21 321 0.6135923151542565 1
143 344 2.8716120349219203 0
255 356 2.1353012567368124 0
133 370 2.773437264497239 1
49 380 0.3436116964863836 0
21 385 0.5890486225480862 0
158 393 2.552544031041707 0
79 424 6.209554229361076 0
231 427 2.356194490192345 0
16 436 0.5154175447295755 0
108 444 5.964117303299373 0
38 445 3.6324665057131984 1
40 456 0.4908738521234052 0
105 473 0.1227184630308513 0
168 477 5.71868037723767 0
