296
560
500
33
195 20 1.8162332528565992 0
247 37 1.718058482431918 0
30 43 1.7916895602504288 0
138 43 5.178719139901925 0
129 46 4.859651136021712 1
65 51 1.423534171157875 0
188 54 5.006913291658733 1
136 59 5.154175447295755 0
41 67 1.5462526341887264 0
219 69 1.9880391010997909 1
88 71 1.0062913968529805 1
132 80 4.442408361716817 1
128 96 4.000621894805752 1
156 104 2.6261751088602177 1
220 116 2.184388641949153 0
109 119 3.77972866135022 1
25 128 1.030835089459151 0
231 143 2.1353012567368124 1
264 145 1.9389517158874505 0
118 146 5.939573610693203 1
36 156 4.221515128261284 1
20 161 3.6324665057131984 0
105 172 0.07363107781851078 1
81 175 3.5588354278946874 0
169 205 5.890486225480862 0
250 216 5.301437602932776 0
218 219 5.473243451175968 0
144 224 6.234097921967246 0
259 245 5.743224069843841 0
166 266 0.14726215563702155 0
233 271 6.062292073724054 0
77 315 3.2888548092268146 1
98 321 3.1661363461959633 1
