296
560
500
40
159 25 6.160466844148735 0
226 76 0.4663301595172349 1
97 77 2.478912953223196 0
143 89 6.1850105367549055 1
159 89 2.9697868053466014 0
156 128 6.209554229361076 0
285 137 0.9081166264282996 1
28 163 2.2089323345553233 0
132 168 5.890486225480862 0
279 192 1.1290098598838318 1
234 197 1.1290098598838318 0
129 206 5.939573610693203 0
113 210 5.546874528994478 1
25 218 1.9634954084936207 0
221 227 1.3499030933393643 0
262 234 4.295146206079795 0
238 270 1.521708941582556 1
149 271 2.012582793705961 0
23 273 1.6935147898257479 0
85 275 5.105088062083414 1
94 275 5.375068680751287 0
167 283 2.1598449493429825 1
198 292 1.88986433067511 0
40 295 1.227184630308513 1
140 296 5.154175447295755 1
79 311 4.71238898038469 1
262 315 1.4480778637640452 0
166 317 2.184388641949153 1
73 330 4.270602513473625 1
99 339 2.748893571891069 1
52 348 3.9269908169872414 1
163 360 2.3071071049800045 0
58 376 6.013204688511713 1
172 388 2.2334760271614935 1
211 394 2.061670178918302 0
23 405 3.6815538909255388 0
42 409 0.1227184630308513 0
104 441 6.062292073724054 0
79 458 0.07363107781851078 0
154 463 5.64504929941916 0
