296
560
500
41
153 103 0.5399612373357456 1
80 110 3.117048960983623 0
221 129 0.7853981633974483 1
68 147 6.209554229361076 0
220 157 3.9515345095934116 1
204 165 0.8344855486097889 1
43 187 5.841398840268521 0
255 210 4.0987966652304335 1
149 214 1.0799224746714913 0
195 216 1.1044661672776617 1
41 226 5.841398840268521 0
58 231 2.429825568010856 0
14 238 5.375068680751287 0
46 240 5.816855147662351 0
138 243 1.325359400733194 0
66 245 0.5890486225480862 0
77 248 3.117048960983623 0
179 253 4.270602513473625 0
242 270 1.1535535524900022 1
213 272 1.2517283229146832 1
85 277 1.8162332528565992 0
161 284 1.4726215563702154 0
69 285 1.9389517158874505 0
58 290 2.184388641949153 1
13 294 5.325981295538946 0
48 305 5.2768939103266055 1
120 307 1.8407769454627694 0
60 314 5.105088062083414 1
214 316 1.423534171157875 0
90 331 2.1598449493429825 1
186 335 1.521708941582556 1
24 357 2.675262494072558 1
210 373 4.663301595172349 0
86 377 2.3316507975861747 0
86 406 2.3316507975861747 0
125 414 2.086213871524472 0
21 457 6.062292073724054 0
166 479 5.252350217720435 0
67 480 5.6941366846315 0
103 481 5.424156065963627 0
110 508 5.8659425328746915 0
