296
560
500
37
164 112 0.6135923151542565 1
94 115 3.1661363461959633 0
26 125 2.6261751088602177 0
224 145 0.9326603190344698 0
81 150 6.258641614573416 0
226 171 4.049709280018092 1
211 179 0.9081166264282996 1
56 187 5.890486225480862 0
33 221 5.620505606812989 0
154 223 1.1780972450961724 0
49 224 5.890486225480862 0
198 229 1.2026409377023426 1
252 230 4.196971435655114 0
141 252 1.4971652489763858 0
177 266 4.442408361716817 0
87 270 1.88986433067511 0
71 279 2.061670178918302 0
238 285 1.0799224746714913 1
209 286 1.3499030933393643 1
56 289 2.2580197197676637 1
13 290 5.424156065963627 0
158 295 1.6444274046134073 0
46 302 5.350524988145116 1
113 313 1.9144080232812801 0
55 314 5.203262832508095 1
212 332 1.521708941582556 1
82 335 2.2580197197676637 1
170 347 1.5953400194010667 0
243 372 4.6878452877785195 1
251 373 4.638757902566179 0
72 381 2.380738182798515 0
198 388 4.71238898038469 0
70 409 2.356194490192345 0
110 419 2.110757564130642 0
177 438 4.6878452877785195 1
51 468 2.552544031041707 0
93 481 1.7916895602504288 0
