296
560
500
40
172 90 3.141592653589793 1
164 110 0.2454369260617026 0
96 112 5.8659425328746915 0
132 118 2.748893571891069 1
37 148 2.3316507975861747 1
144 163 0.07363107781851078 1
66 170 5.546874528994478 1
90 173 2.2580197197676637 0
251 202 0.662679700366597 0
163 206 3.043417883165112 1
43 215 2.2089323345553233 1
131 249 6.013204688511713 0
93 252 5.2768939103266055 0
108 262 5.375068680751287 1
65 273 5.203262832508095 0
105 288 5.497787143782138 1
105 307 5.5714182216006485 1
23 318 5.448699758569798 0
152 329 3.485204350076177 0
202 331 3.877903431774901 0
117 332 5.546874528994478 1
175 333 3.6079228131070282 0
255 345 3.6815538909255388 0
80 352 5.64504929941916 1
240 365 3.509748042682347 0
133 368 6.013204688511713 0
189 372 3.3624858870453256 1
114 375 5.939573610693203 1
158 384 0.0 1
174 384 3.117048960983623 1
257 391 0.6135923151542565 0
46 411 5.964117303299373 0
168 471 6.209554229361076 0
74 499 3.0925052683774528 1
208 500 3.018874190558942 0
172 503 6.234097921967246 0
104 509 2.9943304979527716 0
171 513 2.724349879284899 1
156 528 5.841398840268521 1
89 530 6.1850105367549055 0
