296
560
500
39
198 100 0.14726215563702155 0
129 107 5.816855147662351 0
168 110 2.748893571891069 1
54 119 5.448699758569798 1
75 148 2.2580197197676637 1
182 153 0.07363107781851078 1
129 166 2.2334760271614935 0
103 167 5.473243451175968 1
201 195 2.945243112740431 1
86 211 2.1598449493429825 1
171 239 5.988660995905543 0
134 244 5.227806525114265 0
146 249 5.350524988145116 0
43 265 2.2580197197676637 1
107 267 5.154175447295755 0
147 278 5.497787143782138 1
147 299 5.522330836388308 1
67 314 5.399612373357457 0
194 320 3.485204350076177 0
245 321 3.8533597391687304 0
160 323 5.497787143782138 1
218 324 3.6324665057131984 0
125 349 5.64504929941916 0
176 359 6.013204688511713 0
55 361 5.767767762450011 0
231 362 3.313398501832985 1
157 366 5.915029918087033 1
275 377 0.5645049299419159 0
90 404 5.915029918087033 0
59 453 6.111379458936394 1
213 462 6.209554229361076 0
74 492 2.8716120349219203 1
118 492 2.84706834231575 1
208 495 6.258641614573416 0
148 500 2.8961557275280905 0
100 504 5.939573610693203 1
140 543 0.1718058482431918 1
164 547 3.2888548092268146 1
192 547 6.209554229361076 1
