296
560
500
29
19 122 2.1598449493429825 0
29 145 5.497787143782138 1
104 151 2.5034566458293663 1
110 172 5.939573610693203 0
89 195 2.2089323345553233 1
52 210 5.325981295538946 0
122 225 5.8659425328746915 1
161 251 2.3316507975861747 1
84 264 1.6935147898257479 0
28 274 1.7671458676442586 1
62 277 4.884194828627882 1
161 302 5.5714182216006485 0
70 325 1.5953400194010667 1
132 325 4.638757902566179 0
144 326 4.7860200582032 0
271 337 3.2397674240144743 0
160 351 4.908738521234052 1
247 353 3.141592653589793 0
203 355 1.7426021750380885 1
120 358 4.565126824747668 0
223 360 2.2089323345553233 0
172 368 4.933282213840222 1
282 379 2.7979809571034093 1
200 384 4.933282213840222 0
235 407 5.5714182216006485 1
179 422 5.129631754689584 0
108 425 4.957825906446392 0
220 427 5.375068680751287 0
178 489 5.399612373357457 0
