296
560
500
49
140 24 2.9943304979527716 1
233 29 0.8099418560036186 1
107 62 5.988660995905543 1
71 68 5.301437602932776 0
82 75 5.448699758569798 0
41 90 5.203262832508095 0
83 103 5.5714182216006485 1
84 122 5.64504929941916 1
113 132 2.405281875404685 1
94 149 5.620505606812989 1
131 149 2.8961557275280905 0
181 152 3.902447124381071 0
152 153 3.6570101983193686 0
234 169 3.730641276137879 0
57 174 5.71868037723767 0
112 185 6.111379458936394 0
217 188 3.5588354278946874 0
165 192 3.3870295796514958 1
90 199 5.964117303299373 0
240 218 6.013204688511713 0
19 230 5.915029918087033 0
236 234 3.411573272257666 0
221 275 3.1906800388021335 1
143 283 0.02454369260617026 1
46 316 0.14726215563702155 1
225 322 2.9697868053466014 0
79 325 2.9206994201342606 0
144 332 2.9697868053466014 1
218 341 2.184388641949153 0
65 368 0.3436116964863836 0
89 373 3.5833791205008576 1
169 376 5.71868037723767 1
210 378 1.8407769454627694 0
72 386 0.2454369260617026 1
54 395 0.8344855486097889 1
214 396 3.8288160465625602 1
58 411 0.8835729338221293 1
159 435 1.7426021750380885 0
177 437 1.7916895602504288 1
191 438 1.325359400733194 1
95 441 1.4480778637640452 0
89 445 4.147884050442774 1
219 461 5.080544369477243 0
184 473 1.6689710972195777 0
109 474 4.76147636559703 1
196 481 4.908738521234052 0
83 483 4.466952054322987 0
98 495 4.196971435655114 0
114 500 5.399612373357457 0
