296
560
500
30
104 125 6.013204688511713 1
158 173 3.141592653589793 1
153 192 0.2699806186678728 0
83 194 5.8659425328746915 0
122 200 2.7979809571034093 1
27 227 2.356194490192345 1
133 244 0.09817477042468103 1
55 252 5.522330836388308 1
79 255 2.282563412373834 0
238 286 0.8099418560036186 0
150 287 2.9697868053466014 1
31 297 2.2580197197676637 1
258 310 3.9515345095934116 1
123 328 6.135923151542564 0
82 333 5.2768939103266055 0
97 343 5.399612373357457 1
52 355 5.227806525114265 0
95 367 5.546874528994478 1
255 383 0.7363107781851077 0
95 387 5.620505606812989 1
140 413 5.473243451175968 0
105 415 5.546874528994478 1
190 416 3.902447124381071 0
163 417 3.6324665057131984 0
242 430 3.6815538909255388 0
69 440 5.6941366846315 0
225 450 3.5342917352885173 0
121 452 6.037748381117884 0
174 457 3.3870295796514958 1
100 466 5.939573610693203 0
