296
560
500
32
178 130 3.1661363461959633 1
170 149 0.2454369260617026 0
102 150 5.841398840268521 0
139 157 2.7979809571034093 1
45 180 2.405281875404685 1
150 201 0.09817477042468103 1
72 208 5.546874528994478 1
97 211 2.3071071049800045 0
257 242 0.7853981633974483 0
169 245 3.067961575771282 1
49 250 2.2580197197676637 1
137 286 6.062292073724054 0
99 290 5.2768939103266055 0
111 296 5.399612373357457 0
70 311 5.227806525114265 0
111 324 5.546874528994478 1
274 338 0.8835729338221293 0
110 346 5.5714182216006485 1
157 368 5.522330836388308 0
123 370 5.5714182216006485 1
208 372 3.877903431774901 0
180 373 3.6570101983193686 0
260 385 3.6815538909255388 0
87 395 5.6941366846315 0
243 405 3.509748042682347 0
139 408 6.013204688511713 0
193 412 3.3379421944391554 1
119 421 5.939573610693203 0
267 433 0.22089323345553233 0
48 448 6.013204688511713 0
174 505 6.258641614573416 1
185 545 6.160466844148735 0
