296
560
500
34
177 125 0.14726215563702155 0
107 133 5.767767762450011 0
147 135 2.748893571891069 1
55 174 2.2580197197676637 1
161 177 0.04908738521234052 1
107 192 2.2089323345553233 0
82 193 5.448699758569798 1
182 219 2.9943304979527716 1
65 238 2.110757564130642 1
152 261 5.988660995905543 0
115 269 5.178719139901925 0
126 273 5.350524988145116 0
88 292 5.154175447295755 0
128 302 5.448699758569798 1
128 323 5.497787143782138 1
162 324 2.2334760271614935 1
186 329 3.0925052683774528 0
50 342 5.325981295538946 0
229 342 3.8288160465625602 0
202 345 3.509748042682347 0
146 348 5.497787143782138 0
109 372 5.595961914206819 0
163 380 5.988660995905543 0
215 382 3.313398501832985 1
143 395 5.8659425328746915 0
190 395 0.0 1
202 395 3.117048960983623 1
77 430 5.8659425328746915 0
203 483 6.1850105367549055 0
143 513 2.84706834231575 1
110 516 2.9697868053466014 1
196 516 0.09817477042468103 0
183 517 2.6016314162540475 0
160 530 2.454369260617026 1
