296
560
500
31
161 104 3.0925052683774528 1
155 124 0.19634954084936207 0
87 127 5.8659425328746915 0
125 133 2.773437264497239 1
32 162 2.3316507975861747 1
137 176 0.1227184630308513 1
58 186 5.522330836388308 1
83 187 2.282563412373834 0
155 220 3.067961575771282 1
38 228 2.2334760271614935 1
123 260 6.062292073724054 0
85 265 5.2768939103266055 0
96 271 5.399612373357457 0
58 285 5.203262832508095 0
97 298 5.522330836388308 1
95 320 5.5714182216006485 1
129 323 2.380738182798515 1
152 329 3.0925052683774528 0
108 343 5.5714182216006485 1
195 344 3.8533597391687304 0
167 345 3.5342917352885173 0
73 368 5.66959299202533 0
126 378 6.086835766330224 0
232 378 3.5342917352885173 0
179 383 3.3379421944391554 1
104 386 5.915029918087033 1
37 422 5.964117303299373 0
160 482 6.234097921967246 0
93 518 3.018874190558942 0
107 518 6.135923151542564 0
161 520 2.945243112740431 0
