296
560
500
64
178 36 0.14726215563702155 0
43 91 5.497787143782138 1
70 99 5.595961914206819 1
28 100 2.1598449493429825 0
132 113 6.135923151542564 0
209 121 3.6079228131070282 1
261 144 0.9326603190344698 1
243 176 4.000621894805752 1
135 179 6.037748381117884 1
243 187 1.055378782065321 0
187 204 1.2026409377023426 1
141 217 0.19634954084936207 1
56 219 1.9389517158874505 0
90 241 1.8653206380689396 1
257 246 1.1290098598838318 0
152 247 1.6689710972195777 1
244 247 1.2026409377023426 0
60 249 5.006913291658733 0
66 266 1.88986433067511 0
186 271 1.6689710972195777 1
243 272 1.2026409377023426 1
134 275 5.178719139901925 0
167 275 1.9880391010997909 1
93 279 1.7671458676442586 1
197 283 1.521708941582556 1
107 284 0.8835729338221293 0
224 301 1.3499030933393643 1
256 307 4.368777283898306 1
97 308 1.2762720155208536 0
149 311 2.7979809571034093 0
252 316 1.1290098598838318 0
113 335 3.3870295796514958 1
230 335 1.4971652489763858 0
206 338 1.9389517158874505 0
94 341 5.375068680751287 1
167 342 2.282563412373834 0
70 354 5.129631754689584 1
259 371 1.3499030933393643 0
89 372 5.816855147662351 0
148 375 5.399612373357457 0
71 376 5.448699758569798 1
166 379 2.552544031041707 0
22 386 5.424156065963627 0
263 389 1.4480778637640452 1
68 395 5.890486225480862 1
106 403 5.988660995905543 1
278 405 3.3870295796514958 1
225 408 5.203262832508095 0
17 411 5.546874528994478 0
178 412 5.448699758569798 1
141 413 5.6941366846315 1
249 414 5.595961914206819 1
31 418 5.6941366846315 0
217 437 5.64504929941916 0
131 443 6.209554229361076 1
169 445 5.890486225480862 1
155 448 3.0925052683774528 1
224 451 5.8659425328746915 0
273 453 6.111379458936394 0
56 458 6.111379458936394 1
17 461 5.792311455056181 0
26 493 6.062292073724054 0
245 499 6.111379458936394 1
141 526 6.1850105367549055 0
