296
560
500
64
32 89 5.64504929941916 1
57 103 5.71868037723767 1
115 127 6.258641614573416 0
191 144 3.706097583531709 1
240 176 1.030835089459151 1
110 195 6.086835766330224 1
159 225 1.3008157081270237 1
26 226 2.086213871524472 0
113 232 0.36815538909255385 1
273 235 4.196971435655114 1
263 238 0.9817477042468103 0
59 251 1.9634954084936207 1
28 253 5.154175447295755 0
116 254 2.086213871524472 0
112 269 2.110757564130642 0
31 273 1.9634954084936207 0
211 276 1.3499030933393643 0
224 277 1.227184630308513 0
95 278 5.301437602932776 1
58 290 1.88986433067511 1
132 290 2.0371264863121317 1
71 292 1.1535535524900022 0
151 294 1.8162332528565992 1
206 298 1.3499030933393643 1
160 305 1.6444274046134073 1
86 306 4.540583132141498 1
59 317 1.3989904785517047 0
185 327 1.4971652489763858 1
109 328 2.9206994201342606 0
216 336 4.466952054322987 1
58 337 1.2517283229146832 1
211 345 1.227184630308513 0
73 348 3.3624858870453256 1
53 352 5.546874528994478 1
124 361 2.356194490192345 0
187 361 1.6198837120072371 0
162 362 2.012582793705961 0
28 363 5.227806525114265 1
78 365 2.82252464970958 1
41 378 5.915029918087033 1
28 384 5.595961914206819 1
102 393 5.473243451175968 0
116 395 2.6998061866787286 1
272 399 4.0987966652304335 0
212 401 1.4726215563702154 0
21 404 5.988660995905543 1
58 415 6.086835766330224 1
215 419 1.5462526341887264 1
91 430 5.816855147662351 1
170 430 5.2768939103266055 1
128 433 5.497787143782138 1
228 435 3.4606606574700063 1
256 438 3.8533597391687304 0
198 442 5.6941366846315 1
77 459 0.0 1
228 460 2.9206994201342606 0
163 462 5.743224069843841 0
116 465 5.988660995905543 1
105 466 3.1661363461959633 1
217 475 0.02454369260617026 1
170 477 5.915029918087033 0
252 482 3.215223731408304 0
188 524 6.234097921967246 1
81 542 0.0 0
