296
560
500
51
83 36 2.6016314162540475 1
115 62 5.890486225480862 1
97 63 2.5770877236478773 0
37 69 5.71868037723767 0
139 80 6.013204688511713 1
190 124 0.2699806186678728 1
25 158 2.552544031041707 0
262 160 3.9760782021995817 1
167 183 0.1718058482431918 1
72 194 2.184388641949153 1
66 210 5.325981295538946 1
153 222 0.4908738521234052 1
95 224 2.282563412373834 1
205 231 1.6198837120072371 1
63 235 2.282563412373834 0
127 257 0.1227184630308513 1
144 258 2.748893571891069 0
83 260 2.110757564130642 1
97 270 1.4480778637640452 0
72 289 2.012582793705961 1
260 293 1.5462526341887264 1
170 295 2.1598449493429825 0
241 298 1.6198837120072371 0
145 308 2.675262494072558 0
70 309 1.5707963267948966 1
177 309 1.9880391010997909 0
123 313 3.1661363461959633 0
231 319 1.718058482431918 1
60 321 5.8659425328746915 1
80 322 3.6079228131070282 1
32 323 5.497787143782138 1
85 335 3.1661363461959633 0
200 338 1.8407769454627694 1
25 343 5.841398840268521 1
41 347 6.209554229361076 0
126 351 2.675262494072558 0
227 353 4.7860200582032 1
164 364 2.3316507975861747 0
221 365 1.5953400194010667 0
191 372 1.9634954084936207 0
97 375 5.816855147662351 0
46 382 0.14726215563702155 1
108 386 2.9206994201342606 0
73 406 6.1850105367549055 1
204 416 1.9634954084936207 0
106 429 5.890486225480862 0
51 431 0.3436116964863836 1
154 440 5.595961914206819 0
77 448 3.485204350076177 1
84 456 0.04908738521234052 0
134 463 6.062292073724054 0
