296
560
500
63
117 14 2.0371264863121317 0
54 17 1.8653206380689396 1
238 21 1.2026409377023426 1
114 29 2.0371264863121317 0
221 30 1.2762720155208536 0
97 39 5.178719139901925 1
28 40 1.88986433067511 0
57 55 1.7671458676442586 1
155 55 1.718058482431918 1
134 57 2.0371264863121317 1
219 57 1.325359400733194 1
72 62 0.9326603190344698 0
162 66 1.5462526341887264 0
88 70 4.466952054322987 1
196 85 1.4480778637640452 1
61 87 1.2517283229146832 0
228 90 4.417864669110647 1
115 92 2.8716120349219203 0
62 105 1.1780972450961724 1
225 105 1.2026409377023426 0
79 115 3.2643111166206444 1
58 121 5.473243451175968 1
200 121 1.5707963267948966 0
89 123 2.724349879284899 0
173 124 1.9634954084936207 0
132 126 2.3316507975861747 0
34 133 5.129631754689584 1
50 149 5.792311455056181 1
34 156 5.5714182216006485 1
112 159 5.424156065963627 0
226 160 1.423534171157875 0
130 164 2.5770877236478773 0
30 178 5.8659425328746915 1
230 179 1.5462526341887264 1
273 183 4.074252972624263 1
68 185 6.013204688511713 1
244 195 3.3624858870453256 1
190 197 5.252350217720435 0
103 198 5.767767762450011 1
141 199 5.497787143782138 1
216 211 5.71868037723767 0
39 212 2.6261751088602177 0
24 223 5.841398840268521 1
180 228 5.66959299202533 0
94 229 6.1850105367549055 1
247 229 2.84706834231575 1
236 236 6.086835766330224 1
18 242 6.160466844148735 1
186 242 5.890486225480862 0
207 290 6.135923151542564 1
251 290 2.405281875404685 1
248 304 2.773437264497239 1
102 314 6.234097921967246 0
142 347 0.04908738521234052 0
98 348 3.0925052683774528 0
213 351 1.9389517158874505 1
41 364 2.8961557275280905 1
34 378 6.135923151542564 0
97 385 3.1661363461959633 0
118 385 0.02454369260617026 0
220 395 1.6935147898257479 1
206 421 1.6198837120072371 0
141 434 2.429825568010856 0
