296
560
500
60
72 37 1.9634954084936207 0
153 73 3.9515345095934116 0
165 75 3.80427235395639 0
143 80 3.117048960983623 1
85 83 4.368777283898306 1
90 103 3.6570101983193686 1
210 107 1.4480778637640452 0
194 111 4.319689898685965 0
184 128 2.3316507975861747 1
212 132 4.3933209765044765 1
225 133 4.71238898038469 1
192 134 1.6444274046134073 0
105 136 0.5645049299419159 0
84 144 0.6135923151542565 1
128 148 0.7853981633974483 1
247 149 4.270602513473625 1
117 151 3.5833791205008576 0
78 154 0.39269908169872414 0
249 162 1.6935147898257479 1
266 165 1.4480778637640452 0
154 185 5.473243451175968 0
68 198 5.325981295538946 0
260 237 3.5833791205008576 0
60 261 5.5714182216006485 1
45 266 2.2580197197676637 0
90 269 5.66959299202533 1
155 290 6.1850105367549055 0
236 304 3.6815538909255388 1
154 358 6.086835766330224 1
12 380 2.3071071049800045 0
206 387 1.1780972450961724 1
67 395 1.9880391010997909 0
156 398 0.19634954084936207 1
102 417 1.8653206380689396 1
67 418 5.105088062083414 1
162 419 1.9880391010997909 0
285 431 1.2517283229146832 1
160 435 2.282563412373834 0
267 438 1.227184630308513 0
75 443 1.88986433067511 0
104 457 1.7671458676442586 1
203 460 1.718058482431918 1
266 462 1.2762720155208536 1
181 463 2.086213871524472 1
119 464 0.9326603190344698 0
214 468 1.521708941582556 1
17 469 2.1598449493429825 0
244 488 1.3989904785517047 1
108 489 1.2762720155208536 0
162 495 2.8716120349219203 0
278 497 4.368777283898306 1
109 507 1.1535535524900022 1
275 511 1.1290098598838318 0
125 517 3.2643111166206444 1
106 523 5.448699758569798 1
135 526 2.6998061866787286 0
250 526 1.521708941582556 0
222 528 1.9144080232812801 0
181 529 2.356194490192345 0
80 537 5.129631754689584 1
