296
560
500
64
77 60 6.135923151542564 1
159 68 3.6570101983193686 1
219 93 1.0062913968529805 0
189 123 4.025165587411922 1
79 125 6.086835766330224 1
195 136 1.1044661672776617 1
252 152 4.123340357836604 1
133 156 1.2026409377023426 1
243 157 0.9081166264282996 0
84 164 0.3190680038802134 1
206 172 1.3008157081270237 1
18 185 1.9144080232812801 0
205 186 4.540583132141498 1
104 195 1.521708941582556 1
84 200 2.1353012567368124 0
191 204 1.227184630308513 0
206 204 1.1535535524900022 0
65 211 5.399612373357457 1
25 222 1.7671458676442586 1
127 222 1.6935147898257479 1
188 224 1.2517283229146832 1
40 229 0.9817477042468103 0
138 233 1.521708941582556 1
55 237 4.540583132141498 1
167 253 1.3989904785517047 1
29 256 1.227184630308513 0
87 267 2.82252464970958 1
203 267 4.368777283898306 1
30 273 1.1290098598838318 1
199 277 1.1044661672776617 0
48 284 3.2643111166206444 1
27 290 5.448699758569798 1
174 294 1.5707963267948966 0
145 295 1.9389517158874505 0
103 296 2.356194490192345 0
58 300 2.748893571891069 1
264 318 4.025165587411922 0
21 323 5.816855147662351 0
101 328 2.5770877236478773 1
81 330 5.473243451175968 0
203 330 1.325359400733194 0
208 348 1.4971652489763858 1
35 355 6.062292073724054 1
223 361 3.2643111166206444 1
252 361 3.706097583531709 0
160 364 5.252350217720435 1
74 369 5.767767762450011 1
116 375 5.497787143782138 0
196 377 5.6941366846315 0
223 386 2.7979809571034093 0
156 395 5.6941366846315 0
66 398 6.258641614573416 1
106 402 5.915029918087033 1
92 404 3.117048960983623 1
251 405 3.0925052683774528 0
166 408 5.8659425328746915 0
221 408 6.111379458936394 0
245 437 2.9697868053466014 0
190 452 6.111379458936394 1
83 483 6.135923151542564 0
29 508 6.234097921967246 0
129 512 6.234097921967246 0
82 516 3.018874190558942 0
221 521 6.160466844148735 0
