296
560
500
42
174 177 6.258641614573416 0
252 188 3.6815538909255388 0
167 248 6.086835766330224 1
220 280 1.2762720155208536 1
80 283 1.9880391010997909 0
168 289 0.09817477042468103 1
111 305 1.9144080232812801 0
83 310 5.105088062083414 0
174 310 1.9880391010997909 0
172 323 2.110757564130642 0
89 328 1.9634954084936207 0
275 328 1.325359400733194 0
115 346 1.7916895602504288 1
158 348 5.203262832508095 0
192 349 2.0371264863121317 1
208 351 1.7916895602504288 0
130 352 1.1044661672776617 0
268 357 1.3008157081270237 0
223 361 1.6198837120072371 1
113 378 1.6198837120072371 1
172 384 2.82252464970958 0
250 385 1.4971652489763858 1
281 390 4.417864669110647 1
277 401 1.2762720155208536 0
109 408 5.620505606812989 0
138 408 3.1906800388021335 1
142 417 2.773437264497239 0
261 419 1.521708941582556 0
222 420 2.012582793705961 1
186 421 2.3316507975861747 0
87 424 5.203262832508095 1
88 452 5.6941366846315 0
166 452 5.448699758569798 0
183 459 2.6016314162540475 0
35 462 4.8351074434155406 0
80 467 5.964117303299373 1
44 473 5.2768939103266055 0
116 478 6.086835766330224 1
53 485 5.71868037723767 0
263 488 1.88986433067511 1
156 498 5.792311455056181 0
197 513 2.5280003384355365 0
