296
560
500
41
88 201 5.595961914206819 1
74 205 2.2334760271614935 0
116 211 5.6941366846315 1
177 237 6.1850105367549055 0
256 241 3.5833791205008576 0
175 308 6.062292073724054 1
227 335 1.2026409377023426 1
90 339 2.012582793705961 0
178 347 0.22089323345553233 1
120 364 1.88986433067511 0
93 367 5.129631754689584 0
184 369 2.012582793705961 0
98 386 1.9634954084936207 0
174 402 4.884194828627882 0
218 402 1.6935147898257479 0
41 403 2.086213871524472 0
202 403 1.9880391010997909 1
125 405 1.7916895602504288 1
281 406 1.227184630308513 0
139 412 0.9572040116406401 0
233 413 1.5462526341887264 1
165 419 4.589670517353839 0
174 422 5.154175447295755 1
156 423 4.466952054322987 1
262 431 1.423534171157875 1
128 435 1.2762720155208536 0
182 441 2.82252464970958 0
121 463 5.620505606812989 0
143 464 3.1906800388021335 1
266 466 1.5707963267948966 0
234 469 2.012582793705961 1
153 472 2.7979809571034093 0
198 474 2.3316507975861747 0
98 478 5.203262832508095 1
113 494 5.8659425328746915 1
98 498 5.743224069843841 1
179 504 5.424156065963627 0
195 509 2.6016314162540475 0
91 517 6.013204688511713 1
129 528 6.111379458936394 1
169 540 5.767767762450011 1
