296
560
500
69
114 12 3.117048960983623 0
118 32 0.2945243112740431 1
50 40 2.380738182798515 0
250 46 0.9326603190344698 1
19 49 5.66959299202533 1
205 56 0.859029241215959 0
34 63 5.546874528994478 0
89 67 2.6261751088602177 1
113 90 2.9206994201342606 1
250 105 4.074252972624263 1
104 109 2.5280003384355365 0
272 113 4.172427743048944 1
150 114 3.5342917352885173 0
84 121 5.792311455056181 0
183 135 4.025165587411922 1
162 136 3.6570101983193686 1
268 136 1.1290098598838318 1
22 138 1.88986433067511 0
128 138 2.5034566458293663 1
208 138 1.1290098598838318 1
106 149 1.8653206380689396 0
134 154 2.061670178918302 1
142 168 1.227184630308513 1
129 169 5.620505606812989 1
122 182 1.5707963267948966 0
134 184 1.3989904785517047 0
249 193 4.368777283898306 1
162 211 4.3933209765044765 1
198 211 1.4726215563702154 1
67 217 1.423534171157875 1
163 233 4.368777283898306 1
11 235 1.6444274046134073 0
85 246 1.2762720155208536 1
207 255 1.3989904785517047 1
176 257 4.442408361716817 1
60 263 1.3989904785517047 1
167 270 4.0987966652304335 1
161 277 0.9326603190344698 0
187 277 4.466952054322987 1
19 280 1.6198837120072371 1
103 292 1.030835089459151 1
214 301 4.3933209765044765 0
70 312 4.466952054322987 1
190 315 4.049709280018092 0
209 317 4.123340357836604 0
271 320 4.0987966652304335 0
29 322 1.3499030933393643 0
146 324 4.049709280018092 1
206 338 3.902447124381071 0
263 350 3.8288160465625602 0
170 365 3.7551849687440497 1
203 368 3.6815538909255388 0
20 380 4.196971435655114 1
259 380 3.6570101983193686 0
36 385 3.877903431774901 1
115 385 3.9269908169872414 0
75 391 4.025165587411922 0
176 397 3.4606606574700063 1
52 403 3.6815538909255388 1
243 403 3.3379421944391554 0
210 404 3.3624858870453256 0
77 413 3.5588354278946874 0
120 420 3.509748042682347 0
34 423 3.117048960983623 0
180 436 3.2397674240144743 0
85 448 3.141592653589793 0
221 474 3.018874190558942 1
187 485 2.8961557275280905 1
160 509 5.988660995905543 0
