296
560
500
66
126 31 0.3190680038802134 0
103 34 3.313398501832985 1
167 70 3.5833791205008576 0
134 71 0.44178646691106466 0
88 75 3.0925052683774528 0
91 96 0.22089323345553233 1
26 104 2.405281875404685 0
274 108 4.049709280018092 1
224 110 0.9572040116406401 1
180 117 0.8099418560036186 0
64 131 2.6016314162540475 1
90 150 2.8716120349219203 1
225 166 4.0987966652304335 1
79 170 2.429825568010856 0
127 173 3.509748042682347 0
245 174 4.196971435655114 1
61 184 5.6941366846315 0
161 194 3.9760782021995817 1
104 196 2.405281875404685 1
242 197 1.2026409377023426 1
186 199 1.1535535524900022 1
141 203 3.706097583531709 0
82 211 1.7671458676442586 0
110 211 1.9144080232812801 1
100 251 1.423534171157875 0
112 251 1.227184630308513 0
226 256 4.3933209765044765 1
141 269 4.368777283898306 1
178 271 1.423534171157875 1
265 273 4.368777283898306 0
49 285 1.423534171157875 1
143 292 4.344233591292136 1
260 304 1.0799224746714913 0
67 313 1.2762720155208536 1
158 317 4.3933209765044765 1
188 317 1.3499030933393643 1
41 326 1.3989904785517047 1
150 332 4.074252972624263 1
174 337 4.540583132141498 0
145 340 0.9326603190344698 0
88 362 0.9817477042468103 1
197 362 4.368777283898306 0
250 378 4.123340357836604 0
175 379 4.049709280018092 0
193 379 4.123340357836604 0
53 381 4.442408361716817 1
131 390 4.025165587411922 1
10 392 1.3008157081270237 0
192 400 3.8533597391687304 0
244 408 3.8288160465625602 0
156 430 3.706097583531709 1
191 432 3.6324665057131984 0
244 439 3.6324665057131984 0
102 455 3.877903431774901 0
165 462 3.411573272257666 1
231 463 3.2888548092268146 0
63 464 3.9269908169872414 0
199 466 3.2643111166206444 0
39 475 3.730641276137879 1
67 485 3.509748042682347 0
110 489 3.4606606574700063 0
29 497 3.1661363461959633 0
171 499 3.117048960983623 0
77 519 3.117048960983623 0
216 534 2.9206994201342606 1
185 547 2.84706834231575 1
