296
560
500
68
134 71 0.2699806186678728 0
111 75 3.1906800388021335 1
177 108 3.5342917352885173 0
144 111 0.4172427743048944 0
101 117 3.067961575771282 0
103 138 0.22089323345553233 1
235 145 0.9081166264282996 1
39 147 2.356194490192345 0
9 156 5.64504929941916 1
192 156 0.760854470791278 0
22 172 5.522330836388308 0
79 174 2.6261751088602177 1
106 194 2.8961557275280905 1
239 204 4.074252972624263 1
259 210 4.147884050442774 1
96 213 2.478912953223196 0
143 216 3.485204350076177 0
76 228 5.6941366846315 0
180 232 3.9760782021995817 0
257 234 1.1780972450961724 1
202 239 1.1535535524900022 1
120 240 2.429825568010856 1
14 246 1.9634954084936207 0
160 247 3.706097583531709 0
100 253 1.8407769454627694 0
127 255 1.9634954084936207 1
137 269 1.227184630308513 1
124 270 5.546874528994478 1
116 286 1.521708941582556 0
128 287 1.3499030933393643 0
241 294 4.3933209765044765 1
282 311 4.344233591292136 0
157 313 4.417864669110647 1
193 314 1.4726215563702154 1
62 326 1.3989904785517047 1
274 333 1.055378782065321 0
158 335 4.3933209765044765 1
80 353 1.2762720155208536 1
202 357 1.3499030933393643 1
172 359 4.3933209765044765 1
54 366 1.3989904785517047 1
163 374 4.0987966652304335 1
182 380 4.491495746929157 1
157 381 0.9081166264282996 0
12 385 1.6198837120072371 1
101 401 0.9817477042468103 1
211 402 4.344233591292136 0
266 414 4.049709280018092 0
187 418 4.025165587411922 0
206 419 4.123340357836604 0
66 420 4.442408361716817 1
24 430 1.325359400733194 0
144 430 4.000621894805752 1
205 440 3.8533597391687304 0
260 444 3.730641276137879 0
168 468 3.706097583531709 1
204 470 3.5833791205008576 0
115 493 3.8533597391687304 0
27 497 4.123340357836604 0
247 497 3.215223731408304 0
75 501 3.9515345095934116 0
211 502 3.215223731408304 0
178 507 3.411573272257666 0
50 511 3.7551849687440497 1
79 522 3.509748042682347 0
123 526 3.436116964863836 0
38 532 3.313398501832985 0
184 536 3.117048960983623 0
