296
560
500
58
234 83 3.6815538909255388 0
223 94 0.8344855486097889 0
271 102 0.9326603190344698 0
180 113 3.215223731408304 0
82 144 2.3316507975861747 0
188 150 3.4606606574700063 1
171 157 3.018874190558942 1
144 164 6.111379458936394 0
209 187 3.9269908169872414 0
177 192 3.1661363461959633 0
150 197 2.2580197197676637 0
176 217 2.6261751088602177 1
233 221 4.491495746929157 0
206 222 4.196971435655114 0
26 226 2.086213871524472 0
163 227 6.086835766330224 1
177 231 1.7426021750380885 1
149 237 1.88986433067511 0
82 240 1.8162332528565992 0
161 241 1.8407769454627694 0
249 242 1.6444274046134073 1
132 247 1.7671458676442586 0
137 264 5.031456984264903 1
16 269 2.012582793705961 1
59 272 1.8407769454627694 0
92 279 1.7671458676442586 1
172 282 4.884194828627882 1
208 301 1.9389517158874505 1
165 303 4.7860200582032 1
258 308 4.908738521234052 1
47 329 4.957825906446392 1
89 330 1.4971652489763858 1
173 332 4.908738521234052 0
155 339 4.516039439535327 1
193 341 1.8407769454627694 0
286 343 5.056000676871073 0
146 344 1.3499030933393643 0
174 352 4.908738521234052 0
271 364 1.6444274046134073 0
114 379 4.466952054322987 1
183 388 4.859651136021712 0
157 390 4.466952054322987 0
172 400 4.589670517353839 0
20 405 4.368777283898306 0
163 418 4.295146206079795 0
55 422 4.270602513473625 1
117 424 4.196971435655114 1
225 427 4.516039439535327 0
9 431 4.123340357836604 1
147 443 4.0987966652304335 0
49 450 3.9269908169872414 0
201 454 4.295146206079795 1
106 461 3.9515345095934116 0
137 477 3.80427235395639 0
213 484 1.1535535524900022 0
167 491 3.80427235395639 0
97 492 3.6570101983193686 0
86 542 3.411573272257666 1
