296
560
500
50
122 14 1.2026409377023426 0
109 21 1.325359400733194 0
96 23 1.3744467859455345 0
230 33 4.368777283898306 1
90 42 1.0799224746714913 1
142 51 4.295146206079795 1
272 51 4.417864669110647 0
33 53 1.3499030933393643 0
100 53 4.270602513473625 1
181 54 1.423534171157875 1
144 72 4.344233591292136 1
263 76 1.1290098598838318 0
62 89 1.227184630308513 1
31 95 1.3499030933393643 1
191 95 1.3989904785517047 1
160 97 4.368777283898306 1
150 111 4.049709280018092 1
170 118 4.491495746929157 1
145 119 0.9081166264282996 0
84 133 0.9817477042468103 1
199 141 4.368777283898306 0
42 155 4.417864669110647 0
175 156 4.025165587411922 0
252 156 4.123340357836604 0
194 158 4.123340357836604 0
130 166 4.025165587411922 1
192 178 3.8533597391687304 0
246 186 3.80427235395639 0
153 204 3.7551849687440497 1
190 207 3.6079228131070282 0
244 216 3.6324665057131984 0
99 225 3.8533597391687304 0
54 230 3.9269908169872414 0
231 239 3.313398501832985 0
30 241 3.6815538909255388 1
199 241 3.2888548092268146 0
163 242 3.4606606574700063 0
58 251 3.485204350076177 0
105 258 3.485204350076177 0
25 263 3.0925052683774528 0
169 272 3.1906800388021335 0
68 285 3.117048960983623 0
211 310 3.018874190558942 1
267 311 3.018874190558942 1
176 320 2.9206994201342606 1
245 336 6.1850105367549055 1
126 367 2.748893571891069 0
196 384 2.773437264497239 0
160 390 2.5280003384355365 0
153 401 1.718058482431918 0
