296
560
500
50
153 76 0.2945243112740431 0
129 81 3.0925052683774528 1
99 89 6.209554229361076 1
202 117 3.5588354278946874 0
169 118 0.4663301595172349 0
124 122 3.1906800388021335 0
126 142 0.3436116964863836 1
250 143 0.760854470791278 1
63 145 2.478912953223196 0
29 154 5.71868037723767 1
44 162 5.66959299202533 1
214 165 0.7853981633974483 0
99 173 2.748893571891069 0
125 205 3.043417883165112 1
258 205 3.9760782021995817 1
282 206 4.000621894805752 1
113 224 2.552544031041707 0
158 227 3.4606606574700063 0
277 234 0.859029241215959 0
95 235 5.816855147662351 0
27 245 1.9144080232812801 0
135 248 2.6261751088602177 0
193 248 3.9760782021995817 1
173 251 3.6079228131070282 1
224 255 1.055378782065321 1
117 264 1.88986433067511 0
146 270 2.061670178918302 1
271 296 4.172427743048944 1
133 300 1.423534171157875 0
74 325 1.3989904785517047 1
218 326 1.3499030933393643 1
179 327 4.319689898685965 1
159 337 0.9081166264282996 0
181 345 4.295146206079795 1
12 346 1.6198837120072371 0
94 355 1.1780972450961724 1
231 364 1.1780972450961724 1
205 368 4.368777283898306 0
66 372 1.3499030933393643 1
192 377 4.000621894805752 0
217 384 4.344233591292136 0
187 391 0.7853981633974483 0
124 401 0.9081166264282996 0
246 406 4.221515128261284 0
240 422 3.9760782021995817 0
219 423 3.902447124381071 0
80 424 4.3933209765044765 1
171 434 3.9269908169872414 1
241 443 3.706097583531709 0
195 472 3.6570101983193686 1
