296
560
500
47
109 134 0.5154175447295755 0
146 136 3.6815538909255388 0
238 174 4.074252972624263 0
197 176 0.9572040116406401 1
154 184 0.8344855486097889 0
63 219 3.043417883165112 1
197 231 4.0987966652304335 1
52 237 2.552544031041707 0
217 239 4.196971435655114 1
93 241 3.4606606574700063 0
31 250 5.767767762450011 0
133 260 4.025165587411922 0
73 262 2.675262494072558 0
214 263 1.1535535524900022 1
102 268 3.5342917352885173 0
159 271 1.1535535524900022 1
52 279 1.8407769454627694 0
80 284 1.9880391010997909 1
91 293 1.3744467859455345 0
68 318 1.3989904785517047 0
199 323 4.368777283898306 1
62 334 1.0799224746714913 1
111 341 4.344233591292136 1
70 342 4.295146206079795 1
149 342 1.3989904785517047 1
93 355 0.9572040116406401 0
260 359 1.2762720155208536 0
113 362 4.344233591292136 1
259 370 4.491495746929157 0
155 383 1.3008157081270237 0
135 385 4.3933209765044765 0
124 396 4.049709280018092 0
146 404 4.417864669110647 0
116 409 0.859029241215959 0
61 413 1.0062913968529805 1
171 429 4.319689898685965 0
226 443 4.074252972624263 0
147 445 4.000621894805752 0
166 446 4.0987966652304335 0
104 463 3.9760782021995817 0
165 466 3.8288160465625602 0
220 472 3.77972866135022 0
128 494 3.730641276137879 1
165 496 3.5833791205008576 0
225 508 3.5342917352885173 1
210 526 3.2888548092268146 0
178 529 3.2643111166206444 0
