296
560
500
50
141 135 0.6135923151542565 0
175 139 3.706097583531709 0
93 147 0.4172427743048944 0
222 185 1.055378782065321 1
62 186 2.773437264497239 1
177 189 0.9326603190344698 0
266 190 4.172427743048944 0
85 208 3.067961575771282 0
25 227 5.620505606812989 1
72 232 2.6998061866787286 0
216 241 4.196971435655114 1
48 243 5.890486225480862 0
114 243 3.6079228131070282 0
236 251 4.295146206079795 1
89 260 2.82252464970958 0
150 264 4.0987966652304335 0
120 271 3.6815538909255388 0
67 273 1.9389517158874505 0
231 273 1.2026409377023426 1
173 275 1.1535535524900022 1
101 297 1.1780972450961724 1
80 311 1.4480778637640452 0
93 314 1.325359400733194 0
73 328 1.2026409377023426 1
213 329 4.368777283898306 1
82 341 4.368777283898306 1
124 344 4.368777283898306 1
251 344 4.3933209765044765 0
162 346 1.423534171157875 1
125 363 4.368777283898306 1
281 365 4.442408361716817 1
244 370 1.1535535524900022 0
147 387 4.417864669110647 0
172 387 1.3499030933393643 1
135 397 4.074252972624263 0
157 407 4.466952054322987 0
127 410 0.9081166264282996 0
181 433 4.368777283898306 0
156 447 4.049709280018092 0
176 449 4.123340357836604 0
234 449 4.123340357836604 0
110 461 4.000621894805752 0
174 469 3.8533597391687304 0
228 479 3.8533597391687304 0
135 495 3.730641276137879 1
173 500 3.6324665057131984 0
146 528 3.411573272257666 1
213 533 3.3379421944391554 0
182 534 3.313398501832985 0
181 549 3.0925052683774528 0
