296
560
500
55
86 10 6.1850105367549055 1
225 19 3.6570101983193686 1
91 29 2.82252464970958 0
184 35 3.436116964863836 0
152 62 0.4172427743048944 0
239 65 3.8533597391687304 0
95 69 6.111379458936394 0
147 89 0.5154175447295755 1
204 102 3.7551849687440497 0
151 103 3.4606606574700063 0
19 139 5.620505606812989 1
265 162 0.9817477042468103 0
100 171 0.14726215563702155 1
18 172 5.5714182216006485 1
113 187 0.662679700366597 1
239 187 4.0987966652304335 0
167 195 1.0062913968529805 1
62 232 5.841398840268521 0
9 260 5.301437602932776 1
79 261 0.44178646691106466 1
159 261 1.227184630308513 1
242 264 1.1044661672776617 0
49 280 5.497787143782138 1
76 299 1.2026409377023426 0
116 299 4.270602513473625 1
277 301 0.9326603190344698 0
271 311 4.246058820867455 1
161 321 1.3499030933393643 0
79 322 1.521708941582556 0
81 340 1.6689710972195777 1
216 345 1.1535535524900022 1
39 366 1.9144080232812801 1
178 368 1.4971652489763858 1
200 377 1.2762720155208536 0
136 400 1.8407769454627694 0
33 403 5.080544369477243 1
224 423 0.9572040116406401 1
276 431 3.9515345095934116 0
216 443 1.6198837120072371 1
53 452 5.325981295538946 0
223 464 1.3989904785517047 1
122 476 5.227806525114265 0
13 479 5.6941366846315 1
246 479 3.313398501832985 1
93 489 5.424156065963627 1
209 492 5.8659425328746915 0
260 495 3.215223731408304 0
197 497 5.522330836388308 0
136 498 5.375068680751287 0
55 511 5.792311455056181 0
166 511 5.448699758569798 1
28 529 5.915029918087033 0
111 540 5.792311455056181 1
86 546 6.013204688511713 0
148 548 5.816855147662351 0
