296
560
500
52
139 11 2.6998061866787286 0
69 47 5.66959299202533 1
206 47 0.3436116964863836 1
149 48 6.111379458936394 0
201 68 0.5154175447295755 1
260 80 3.730641276137879 0
207 83 3.4606606574700063 0
58 86 5.5714182216006485 0
77 118 5.5714182216006485 1
155 148 0.2454369260617026 1
74 150 5.546874528994478 1
170 160 0.760854470791278 0
221 178 1.0799224746714913 1
36 180 2.110757564130642 0
112 206 5.8659425328746915 0
128 233 0.5890486225480862 1
62 235 5.227806525114265 1
27 236 5.178719139901925 1
207 243 1.325359400733194 1
95 254 5.497787143782138 1
161 273 4.295146206079795 1
118 277 0.9817477042468103 0
124 296 1.5953400194010667 0
203 300 1.4480778637640452 0
40 313 2.086213871524472 1
125 313 1.7671458676442586 1
251 331 1.1780972450961724 0
85 336 1.9880391010997909 1
215 349 1.5462526341887264 1
237 359 1.3744467859455345 0
73 376 5.178719139901925 1
172 376 1.9144080232812801 0
257 408 1.0799224746714913 1
13 411 5.497787143782138 1
87 424 5.399612373357457 0
242 426 1.9389517158874505 0
253 450 1.3989904785517047 1
151 454 5.301437602932776 0
52 459 5.620505606812989 0
277 463 3.6324665057131984 0
123 464 5.473243451175968 1
163 477 5.448699758569798 0
235 478 5.915029918087033 0
41 479 2.6998061866787286 0
222 481 5.66959299202533 0
84 486 5.767767762450011 0
191 492 5.522330836388308 1
30 501 5.767767762450011 1
59 502 5.939573610693203 0
109 522 6.062292073724054 0
135 523 5.8659425328746915 0
169 529 5.841398840268521 0
