296
560
500
37
211 73 0.09817477042468103 1
214 96 3.0925052683774528 0
134 102 6.037748381117884 1
110 136 5.964117303299373 0
207 136 0.14726215563702155 0
261 149 0.6872233929727672 1
247 172 0.8099418560036186 1
116 178 6.013204688511713 1
21 181 5.816855147662351 0
247 187 3.706097583531709 0
102 206 6.013204688511713 1
55 214 2.650718801466388 1
169 243 0.662679700366597 1
19 257 5.64504929941916 1
173 265 1.1290098598838318 1
49 276 5.71868037723767 1
104 277 0.02454369260617026 0
222 291 1.4480778637640452 1
112 302 1.0799224746714913 0
69 311 5.939573610693203 1
79 342 1.3989904785517047 0
180 344 1.7671458676442586 1
118 357 4.7860200582032 1
257 360 1.521708941582556 1
72 365 2.061670178918302 1
23 380 2.429825568010856 1
70 380 2.2580197197676637 1
153 397 1.88986433067511 0
191 435 1.6198837120072371 0
147 443 2.012582793705961 1
91 455 2.429825568010856 0
160 458 1.8162332528565992 1
166 502 1.4480778637640452 1
38 514 5.743224069843841 0
143 518 2.405281875404685 0
41 538 5.890486225480862 0
147 539 1.7426021750380885 1
