296
560
500
53
138 18 0.7853981633974483 0
190 36 1.1290098598838318 1
78 63 5.8659425328746915 0
93 89 0.5399612373357456 1
25 92 5.2768939103266055 1
172 99 1.3744467859455345 1
250 100 1.1780972450961724 1
58 110 5.522330836388308 1
123 126 4.368777283898306 1
81 132 1.055378782065321 0
281 148 4.319689898685965 1
82 157 1.718058482431918 1
169 157 1.521708941582556 1
85 171 1.8653206380689396 1
212 186 1.2762720155208536 0
42 193 2.012582793705961 1
175 204 1.6198837120072371 1
196 217 1.423534171157875 0
29 232 5.203262832508095 1
129 233 1.9634954084936207 0
278 234 1.0799224746714913 1
214 265 1.055378782065321 1
39 281 5.448699758569798 0
198 283 1.9634954084936207 0
208 305 1.3744467859455345 1
105 310 5.325981295538946 0
232 317 3.6079228131070282 0
76 320 5.522330836388308 1
116 333 5.497787143782138 0
177 337 5.64504929941916 0
34 342 5.816855147662351 0
143 349 5.5714182216006485 1
61 377 6.062292073724054 0
86 378 5.890486225480862 0
120 384 5.8659425328746915 0
230 386 5.767767762450011 0
179 419 6.160466844148735 1
31 427 6.234097921967246 0
198 428 3.018874190558942 0
82 433 3.067961575771282 0
148 445 2.9206994201342606 1
219 447 2.724349879284899 0
36 451 0.3190680038802134 0
162 462 1.9144080232812801 0
18 464 1.030835089459151 1
201 468 2.5770877236478773 1
70 469 6.160466844148735 0
102 473 6.062292073724054 0
104 479 0.1718058482431918 1
56 488 0.14726215563702155 1
113 497 3.2888548092268146 1
100 514 6.209554229361076 0
142 514 2.9943304979527716 1
