296
560
500
45
153 42 0.2699806186678728 0
218 52 0.7117670855789375 0
79 55 6.209554229361076 1
211 60 3.6570101983193686 1
85 77 2.8716120349219203 0
174 80 3.3379421944391554 0
230 102 3.8288160465625602 1
143 110 0.39269908169872414 0
85 121 6.111379458936394 0
137 141 0.4663301595172349 1
193 147 3.706097583531709 0
142 157 3.436116964863836 0
10 186 5.743224069843841 1
251 203 0.9817477042468103 0
226 232 4.0987966652304335 0
88 234 0.19634954084936207 1
102 252 0.7853981633974483 1
155 255 0.9817477042468103 1
42 288 5.988660995905543 0
225 307 1.1290098598838318 0
60 309 0.662679700366597 0
140 315 1.227184630308513 1
20 327 5.620505606812989 0
258 342 1.030835089459151 0
91 350 4.123340357836604 1
251 350 4.270602513473625 1
140 372 1.4480778637640452 0
54 389 1.7916895602504288 1
189 392 1.1780972450961724 0
11 405 1.9144080232812801 1
152 413 1.5707963267948966 1
174 422 1.3008157081270237 0
107 445 1.9880391010997909 0
198 466 0.859029241215959 1
249 471 4.000621894805752 0
188 481 1.5707963267948966 1
17 493 5.350524988145116 0
197 502 1.2762720155208536 1
221 511 3.509748042682347 0
86 518 5.301437602932776 0
184 529 5.8659425328746915 0
58 530 5.424156065963627 1
233 533 3.215223731408304 0
170 534 5.5714182216006485 0
104 539 5.424156065963627 0
