296
560
500
42
133 32 5.841398840268521 1
141 49 2.552544031041707 0
215 66 0.2454369260617026 0
156 85 5.890486225480862 0
80 93 5.522330836388308 1
74 136 5.424156065963627 0
100 167 5.399612373357457 1
188 189 6.258641614573416 1
105 199 5.399612373357457 1
203 202 0.5399612373357456 1
259 202 0.9572040116406401 1
32 220 5.252350217720435 0
72 230 2.012582793705961 0
161 251 5.792311455056181 0
253 268 1.227184630308513 1
179 280 0.3190680038802134 1
108 285 5.154175447295755 1
69 287 5.105088062083414 1
148 301 5.473243451175968 1
215 311 4.196971435655114 1
13 328 5.178719139901925 0
254 333 1.4480778637640452 0
173 334 1.9880391010997909 1
180 342 1.6444274046134073 0
90 360 2.0371264863121317 1
266 379 1.521708941582556 1
137 385 1.9389517158874505 1
37 406 5.325981295538946 1
226 414 1.8653206380689396 0
129 422 5.080544369477243 1
71 464 5.473243451175968 0
144 471 5.350524988145116 0
207 494 5.252350217720435 0
111 506 5.595961914206819 0
181 506 5.424156065963627 1
276 511 5.325981295538946 0
221 513 5.350524988145116 0
55 518 5.743224069843841 0
142 524 5.71868037723767 1
248 524 5.399612373357457 1
100 527 2.675262494072558 0
120 548 5.915029918087033 0
