296
560
500
31
81 58 2.6998061866787286 0
161 73 0.44178646691106466 0
101 78 6.135923151542564 0
155 98 0.5645049299419159 1
160 112 3.485204350076177 0
211 113 3.7551849687440497 0
28 148 5.5714182216006485 1
105 176 0.19634954084936207 1
22 181 5.522330836388308 1
117 191 0.760854470791278 1
173 207 1.1535535524900022 1
62 233 5.8659425328746915 0
78 252 0.5399612373357456 0
9 264 5.252350217720435 1
156 269 1.325359400733194 1
71 281 1.2517283229146832 0
45 285 5.522330836388308 0
107 298 4.3933209765044765 1
68 318 1.718058482431918 0
156 330 1.4726215563702154 1
70 343 1.8653206380689396 1
201 360 1.1780972450961724 0
23 365 1.9389517158874505 0
164 379 1.5462526341887264 1
186 387 1.3499030933393643 0
117 406 1.9144080232812801 0
20 411 5.080544369477243 0
193 454 1.8162332528565992 0
33 461 5.375068680751287 1
97 494 5.350524988145116 1
105 508 5.473243451175968 1
