296
560
500
46
134 42 6.111379458936394 1
138 60 2.82252464970958 0
66 86 5.767767762450011 1
201 95 0.4908738521234052 0
141 98 6.1850105367549055 0
191 122 0.7853981633974483 1
51 124 5.66959299202533 0
273 128 0.8344855486097889 0
197 133 3.80427235395639 1
247 137 3.80427235395639 0
65 158 5.71868037723767 1
56 190 5.6941366846315 1
135 202 0.3436116964863836 1
15 210 2.356194490192345 0
146 219 0.859029241215959 1
270 229 4.246058820867455 0
198 236 1.1780972450961724 1
85 254 5.988660995905543 0
33 270 5.424156065963627 1
98 281 0.7363107781851077 1
62 296 5.6941366846315 1
175 296 1.4726215563702154 1
256 303 1.2762720155208536 0
82 321 1.2517283229146832 0
128 324 4.540583132141498 0
83 343 1.8407769454627694 0
162 352 1.6444274046134073 0
277 352 4.368777283898306 1
80 361 2.0371264863121317 1
36 373 2.1353012567368124 1
265 383 0.7853981633974483 0
206 386 1.3008157081270237 0
165 403 1.718058482431918 1
187 411 1.4971652489763858 0
22 412 5.2768939103266055 0
116 425 2.086213871524472 0
204 458 0.9572040116406401 1
26 466 5.522330836388308 1
187 475 1.9389517158874505 0
88 498 5.399612373357457 0
199 498 5.522330836388308 1
59 514 5.5714182216006485 0
103 521 5.522330836388308 0
183 523 5.939573610693203 0
19 525 5.841398840268521 0
168 527 5.64504929941916 0
