296
560
500
49
155 135 2.8961557275280905 0
94 139 5.8659425328746915 0
235 146 0.9572040116406401 0
56 154 5.595961914206819 1
123 155 6.013204688511713 1
64 170 2.356194490192345 0
99 170 2.552544031041707 0
251 176 4.049709280018092 0
75 184 5.6941366846315 1
208 188 3.6570101983193686 0
91 197 5.792311455056181 1
19 199 5.448699758569798 1
256 219 1.030835089459151 0
219 224 0.8835729338221293 0
235 227 3.9269908169872414 1
275 231 4.123340357836604 1
42 247 2.282563412373834 1
73 252 5.595961914206819 0
269 262 4.196971435655114 1
127 298 0.1227184630308513 1
14 304 5.350524988145116 1
77 306 2.1598449493429825 1
248 310 4.270602513473625 1
140 314 2.9206994201342606 1
52 325 2.086213871524472 1
109 326 5.915029918087033 0
248 327 1.2517283229146832 0
43 340 5.252350217720435 1
235 340 4.319689898685965 1
47 346 5.2768939103266055 0
68 355 5.2768939103266055 1
187 370 4.344233591292136 1
161 384 3.9760782021995817 1
257 414 4.221515128261284 0
51 423 5.325981295538946 0
199 439 4.123340357836604 1
167 442 3.9515345095934116 0
50 453 5.375068680751287 1
245 456 4.074252972624263 0
181 468 3.77972866135022 1
232 471 4.000621894805752 1
53 479 5.522330836388308 1
77 484 5.890486225480862 0
218 491 3.8288160465625602 1
103 494 0.04908738521234052 0
143 498 3.2888548092268146 0
53 502 5.841398840268521 0
196 506 3.5833791205008576 1
54 527 6.209554229361076 0
