296
560
500
50
161 87 3.043417883165112 0
79 90 2.478912953223196 0
57 111 5.620505606812989 1
37 120 5.64504929941916 1
228 158 0.8099418560036186 0
90 160 5.816855147662351 0
150 161 2.8961557275280905 1
52 173 5.620505606812989 1
118 176 5.988660995905543 1
61 190 2.429825568010856 0
95 191 2.5280003384355365 0
255 191 3.9515345095934116 1
205 201 3.5833791205008576 1
71 206 5.6941366846315 1
16 212 5.522330836388308 1
90 218 5.767767762450011 1
256 231 0.9326603190344698 0
279 235 4.000621894805752 0
217 240 0.8099418560036186 0
233 241 3.80427235395639 1
38 266 2.405281875404685 1
272 271 4.074252972624263 1
74 278 5.595961914206819 1
87 315 2.2334760271614935 1
127 315 0.09817477042468103 0
10 317 5.473243451175968 1
251 320 4.147884050442774 1
138 335 2.84706834231575 1
256 335 1.1535535524900022 1
51 337 2.2089323345553233 0
112 342 6.062292073724054 1
239 353 4.221515128261284 1
37 356 5.350524988145116 0
45 364 5.375068680751287 0
66 376 5.350524988145116 1
90 390 5.620505606812989 1
190 392 4.270602513473625 1
161 404 3.877903431774901 1
47 438 5.424156065963627 0
204 452 4.000621894805752 1
168 458 3.8533597391687304 0
43 466 5.522330836388308 1
186 481 3.6079228131070282 1
46 489 5.71868037723767 1
72 491 5.964117303299373 1
105 507 0.07363107781851078 0
45 509 6.037748381117884 0
139 509 3.215223731408304 0
200 514 3.4606606574700063 1
46 531 0.02454369260617026 0
