296
560
500
52
138 100 2.82252464970958 0
217 102 0.8099418560036186 0
78 105 5.841398840268521 0
40 120 5.5714182216006485 1
107 123 5.939573610693203 1
243 133 3.9515345095934116 1
50 138 2.380738182798515 0
86 143 2.552544031041707 1
193 144 3.5342917352885173 1
59 154 5.743224069843841 1
79 166 5.743224069843841 1
246 174 0.9326603190344698 0
264 181 4.000621894805752 1
206 182 0.760854470791278 0
222 183 3.77972866135022 1
263 214 4.049709280018092 1
30 217 2.282563412373834 1
66 226 5.5714182216006485 1
245 264 4.123340357836604 1
80 265 2.2334760271614935 1
120 269 0.04908738521234052 1
252 281 1.1780972450961724 1
134 284 2.773437264497239 1
45 287 2.061670178918302 0
233 295 4.196971435655114 1
105 302 5.939573610693203 1
35 311 5.178719139901925 1
39 317 5.2768939103266055 0
60 327 5.301437602932776 1
83 335 5.5714182216006485 0
188 339 4.196971435655114 1
159 351 3.8288160465625602 1
261 369 4.196971435655114 0
48 389 5.301437602932776 0
203 399 4.000621894805752 1
168 404 3.8288160465625602 0
249 410 4.025165587411922 0
45 419 5.424156065963627 1
236 426 3.9515345095934116 1
188 430 3.6570101983193686 1
77 442 5.890486225480862 1
49 443 5.620505606812989 1
222 447 3.7551849687440497 1
107 458 0.0 0
143 459 3.1906800388021335 0
202 464 3.509748042682347 1
49 465 5.915029918087033 0
22 474 5.767767762450011 0
54 488 6.234097921967246 0
29 500 6.111379458936394 0
170 532 3.1661363461959633 0
151 537 0.0 0
