296
560
500
37
75 215 2.675262494072558 1
38 241 5.743224069843841 0
56 248 2.5034566458293663 0
149 276 0.2945243112740431 0
185 292 3.4606606574700063 1
245 292 0.4663301595172349 1
79 308 2.356194490192345 0
227 316 3.4606606574700063 0
144 322 3.0925052683774528 1
205 323 0.39269908169872414 0
254 338 0.36815538909255385 0
28 341 5.350524988145116 0
59 343 5.473243451175968 1
193 345 3.3624858870453256 1
177 350 0.2699806186678728 0
238 350 3.5588354278946874 1
49 368 1.9880391010997909 0
20 385 1.8653206380689396 0
33 395 5.129631754689584 1
54 395 5.252350217720435 1
244 397 3.6324665057131984 0
254 414 0.6135923151542565 0
248 434 3.6815538909255388 1
68 453 5.031456984264903 0
38 457 1.8162332528565992 1
136 461 5.890486225480862 1
155 468 2.2089323345553233 1
109 479 1.7426021750380885 1
227 491 3.7551849687440497 1
141 496 5.448699758569798 1
83 514 1.6935147898257479 0
137 519 5.154175447295755 1
37 520 4.957825906446392 1
208 521 3.3379421944391554 0
81 528 4.8351074434155406 0
93 531 4.76147636559703 0
270 536 3.485204350076177 1
