296
560
500
36
117 28 5.841398840268521 0
175 29 2.84706834231575 1
82 42 5.5714182216006485 1
146 45 5.939573610693203 1
89 59 2.356194490192345 0
121 60 2.5034566458293663 0
232 65 3.509748042682347 1
99 74 5.66959299202533 1
49 83 5.473243451175968 1
116 87 5.792311455056181 1
246 102 0.6872233929727672 0
264 102 3.6815538909255388 1
68 133 2.380738182798515 1
26 134 5.522330836388308 0
99 148 5.595961914206819 1
152 184 0.04908738521234052 0
37 185 5.473243451175968 1
121 186 2.3316507975861747 1
78 201 2.2334760271614935 0
165 204 2.82252464970958 1
135 222 5.915029918087033 1
60 224 5.350524988145116 0
69 231 5.375068680751287 0
91 241 5.375068680751287 1
223 250 4.0987966652304335 1
113 251 5.64504929941916 0
188 270 3.6815538909255388 0
73 300 5.424156065963627 0
236 315 4.196971435655114 0
27 316 5.424156065963627 0
201 319 3.8288160465625602 0
67 324 5.522330836388308 0
25 349 5.375068680751287 0
75 352 5.64504929941916 1
103 357 5.939573610693203 0
128 367 0.14726215563702155 0
