296
560
500
63
92 118 5.8659425328746915 0
149 121 2.8716120349219203 1
234 125 0.8344855486097889 0
52 134 5.595961914206819 1
117 138 5.988660995905543 1
63 155 2.380738182798515 1
100 155 2.5770877236478773 1
257 155 4.000621894805752 1
203 161 3.5588354278946874 1
72 165 5.792311455056181 1
16 175 5.497787143782138 1
90 179 5.792311455056181 1
259 200 0.9817477042468103 0
219 204 0.8344855486097889 0
236 207 3.8533597391687304 1
277 208 4.074252972624263 1
37 230 2.3316507975861747 1
85 236 5.66959299202533 0
273 241 4.147884050442774 1
198 250 3.77972866135022 1
201 271 0.9817477042468103 1
90 281 2.2334760271614935 0
12 282 5.424156065963627 1
124 285 0.07363107781851078 1
252 287 4.196971435655114 1
137 300 2.748893571891069 1
53 301 2.110757564130642 0
253 308 1.2026409377023426 0
112 317 5.939573610693203 1
239 319 4.270602513473625 1
42 323 5.203262832508095 1
46 330 5.301437602932776 0
67 339 5.325981295538946 1
84 344 5.497787143782138 0
190 358 4.295146206079795 1
97 360 5.743224069843841 1
71 372 2.184388641949153 1
162 374 4.000621894805752 1
79 387 5.497787143782138 1
262 395 4.246058820867455 0
53 397 5.325981295538946 1
72 398 2.2089323345553233 1
13 407 5.424156065963627 1
60 422 5.375068680751287 1
167 424 3.902447124381071 0
205 424 4.049709280018092 1
247 434 4.0987966652304335 0
215 442 3.9760782021995817 1
51 449 5.5714182216006485 1
187 451 3.6815538909255388 1
79 465 5.964117303299373 0
218 468 3.80427235395639 1
107 477 0.04908738521234052 0
25 479 5.841398840268521 1
49 480 5.988660995905543 0
141 480 3.2643111166206444 0
199 486 3.5342917352885173 1
52 502 0.04908738521234052 0
25 514 6.111379458936394 0
235 522 3.5833791205008576 1
226 528 0.3436116964863836 0
217 551 3.3624858870453256 1
159 552 3.1906800388021335 0
