296
560
500
34
209 160 0.7853981633974483 0
132 169 2.7979809571034093 1
70 173 5.767767762450011 0
37 187 5.546874528994478 1
101 188 5.915029918087033 1
234 188 3.902447124381071 1
48 203 2.3316507975861747 0
191 207 3.509748042682347 1
83 208 2.5280003384355365 1
57 219 5.71868037723767 1
74 232 5.743224069843841 1
202 243 0.6872233929727672 0
220 244 3.730641276137879 1
29 282 2.2580197197676637 1
62 296 5.522330836388308 1
118 332 6.234097921967246 0
85 336 2.2334760271614935 1
47 350 2.1598449493429825 0
131 351 2.724349879284899 1
236 357 4.172427743048944 1
103 371 5.8659425328746915 1
30 375 5.301437602932776 0
38 382 5.301437602932776 0
62 391 5.301437602932776 1
189 395 4.074252972624263 1
83 402 5.595961914206819 0
155 415 3.5833791205008576 0
46 452 5.301437602932776 1
205 464 3.9760782021995817 0
174 467 3.80427235395639 0
50 483 5.399612373357457 1
52 499 5.522330836388308 1
82 506 5.841398840268521 1
111 520 0.02454369260617026 0
