296
560
500
39
104 177 5.841398840268521 0
165 178 2.82252464970958 1
69 191 5.5714182216006485 1
135 195 5.915029918087033 1
79 207 2.380738182798515 0
111 210 2.5280003384355365 0
221 218 3.509748042682347 1
87 224 5.6941366846315 1
34 234 5.473243451175968 1
104 238 5.792311455056181 1
271 249 0.760854470791278 0
248 259 3.80427235395639 1
229 261 0.7853981633974483 1
56 285 2.3316507975861747 1
86 301 5.5714182216006485 1
28 339 5.424156065963627 1
140 339 0.02454369260617026 0
109 340 2.2580197197676637 1
267 340 4.147884050442774 1
266 353 1.1044661672776617 0
69 355 2.184388641949153 0
152 359 2.773437264497239 1
253 369 4.221515128261284 1
52 378 5.350524988145116 0
124 378 5.915029918087033 1
60 387 5.325981295538946 0
82 397 5.325981295538946 1
204 408 4.196971435655114 1
102 409 5.620505606812989 0
171 428 3.706097583531709 0
64 459 5.424156065963627 0
213 476 4.049709280018092 0
183 479 3.8533597391687304 0
56 485 5.546874528994478 0
198 503 3.6815538909255388 1
62 508 5.64504929941916 0
89 519 5.964117303299373 0
118 529 0.04908738521234052 0
156 533 3.2643111166206444 0
