296
560
500
35
190 151 3.5342917352885173 1
101 159 3.043417883165112 0
106 175 0.0 0
70 179 2.748893571891069 0
36 184 5.939573610693203 0
104 196 2.9206994201342606 1
59 205 5.915029918087033 0
242 238 0.9326603190344698 0
201 272 1.1044661672776617 1
32 284 2.012582793705961 0
159 304 1.1780972450961724 1
111 311 1.9389517158874505 1
69 321 1.7916895602504288 0
109 325 1.4971652489763858 1
228 341 1.2762720155208536 0
35 350 1.718058482431918 0
140 380 4.319689898685965 0
46 381 1.423534171157875 0
178 387 1.6689710972195777 0
145 391 4.565126824747668 0
190 397 1.5707963267948966 0
85 398 1.0799224746714913 0
227 398 1.3499030933393643 0
163 412 1.9634954084936207 0
122 415 0.0 1
211 429 1.6689710972195777 0
162 433 4.908738521234052 0
175 438 2.184388641949153 0
75 466 0.8344855486097889 0
150 483 2.945243112740431 1
126 495 3.485204350076177 1
159 517 5.497787143782138 0
117 537 3.3379421944391554 0
144 539 5.522330836388308 0
206 540 5.350524988145116 0
