296
560
500
28
99 171 3.1661363461959633 0
186 171 3.6324665057131984 1
96 187 0.1227184630308513 0
95 211 3.0925052683774528 1
227 259 0.9572040116406401 0
185 292 1.1044661672776617 1
144 324 1.1780972450961724 1
94 331 1.9144080232812801 1
53 336 1.8162332528565992 0
92 347 1.423534171157875 1
212 358 1.2762720155208536 0
29 394 1.423534171157875 0
163 406 1.6198837120072371 0
251 408 1.1780972450961724 1
69 414 1.055378782065321 0
212 415 1.3008157081270237 0
176 417 1.5707963267948966 0
149 431 2.0371264863121317 0
109 435 0.14726215563702155 1
196 443 1.5707963267948966 0
142 451 5.056000676871073 1
161 457 2.2334760271614935 0
241 466 1.423534171157875 1
58 479 0.8099418560036186 0
136 500 2.9943304979527716 1
111 511 3.509748042682347 1
126 534 5.767767762450011 1
149 544 2.650718801466388 0
