296
560
500
32
216 203 3.5342917352885173 1
127 211 3.067961575771282 0
130 227 0.04908738521234052 0
97 230 2.7979809571034093 0
55 236 5.915029918087033 0
128 250 2.9697868053466014 1
82 257 5.939573610693203 0
263 288 0.9081166264282996 0
224 327 1.1044661672776617 1
55 333 2.012582793705961 0
183 359 1.1535535524900022 1
135 367 1.9389517158874505 1
93 374 1.8162332528565992 0
11 376 2.061670178918302 1
133 382 1.4726215563702154 1
251 391 1.2517283229146832 0
58 400 1.7916895602504288 0
68 433 1.423534171157875 0
164 435 4.319689898685965 0
202 441 1.6198837120072371 0
170 445 4.491495746929157 0
251 449 1.325359400733194 0
108 451 1.1044661672776617 0
214 451 1.521708941582556 0
188 468 1.9880391010997909 0
146 470 0.2454369260617026 1
235 481 1.6444274046134073 0
187 487 4.908738521234052 0
200 492 2.2089323345553233 0
95 516 0.8099418560036186 0
172 537 3.018874190558942 1
148 547 3.509748042682347 1
