296
560
500
29
29 56 2.1598449493429825 0
202 62 1.030835089459151 1
159 99 1.1535535524900022 1
65 101 1.9144080232812801 0
108 117 1.2026409377023426 1
27 121 1.8407769454627694 0
232 124 1.227184630308513 0
36 155 1.4726215563702154 0
141 166 4.319689898685965 1
177 173 1.718058482431918 0
12 178 1.6935147898257479 0
147 178 4.540583132141498 1
231 180 1.3499030933393643 0
78 182 1.055378782065321 0
189 183 1.5707963267948966 0
136 195 4.295146206079795 0
161 196 2.012582793705961 0
120 203 6.086835766330224 1
212 211 1.718058482431918 0
158 218 5.006913291658733 0
171 224 2.3071071049800045 0
63 239 0.859029241215959 0
165 251 5.227806525114265 1
178 252 2.454369260617026 0
144 265 3.067961575771282 1
119 274 3.509748042682347 1
152 294 5.620505606812989 0
133 301 2.7979809571034093 0
157 306 2.405281875404685 0
