296
560
500
36
67 111 0.4172427743048944 0
90 122 3.5588354278946874 0
85 137 0.5399612373357456 0
121 160 3.706097583531709 0
186 169 3.877903431774901 0
138 189 0.5890486225480862 0
38 205 3.3870295796514958 0
119 206 3.6324665057131984 1
182 214 3.7551849687440497 1
33 220 0.2945243112740431 0
30 247 3.2888548092268146 1
164 286 0.7363107781851077 0
264 320 4.074252972624263 0
120 328 0.8835729338221293 1
76 367 1.055378782065321 1
21 375 1.6689710972195777 0
158 383 1.0062913968529805 0
232 412 0.9326603190344698 0
210 424 1.1044661672776617 1
246 430 4.049709280018092 0
63 431 4.221515128261284 1
164 431 1.1780972450961724 0
103 437 1.5707963267948966 0
72 441 4.295146206079795 1
125 443 1.521708941582556 1
65 452 3.9760782021995817 0
83 457 2.061670178918302 1
147 463 1.5707963267948966 0
49 465 5.964117303299373 1
199 472 1.3989904785517047 1
84 475 4.884194828627882 1
105 478 2.282563412373834 0
226 490 1.3744467859455345 0
79 512 3.043417883165112 0
57 528 3.3870295796514958 1
78 542 5.743224069843841 0
