296
560
500
42
169 92 6.135923151542564 0
140 93 2.8716120349219203 0
201 109 0.1718058482431918 0
122 139 6.037748381117884 0
256 167 3.436116964863836 1
40 182 5.6941366846315 1
171 183 3.018874190558942 0
177 200 0.0 0
141 204 2.84706834231575 0
109 206 6.013204688511713 0
174 223 2.9697868053466014 1
129 229 5.988660995905543 0
54 259 2.282563412373834 0
272 297 1.0062913968529805 1
105 310 2.1353012567368124 1
228 335 1.1290098598838318 1
53 346 1.9634954084936207 1
135 346 1.8162332528565992 0
99 372 1.7671458676442586 0
116 404 1.521708941582556 1
211 406 4.344233591292136 1
18 407 1.7916895602504288 0
247 416 1.7426021750380885 0
47 417 1.718058482431918 1
216 417 4.589670517353839 1
154 421 1.1290098598838318 1
260 426 1.6689710972195777 0
207 431 4.221515128261284 0
229 441 2.086213871524472 0
188 444 6.209554229361076 1
30 445 4.859651136021712 0
282 455 1.7426021750380885 0
9 458 1.6935147898257479 1
223 459 5.056000676871073 1
240 466 2.2580197197676637 0
27 487 1.4971652489763858 0
135 489 0.8344855486097889 0
235 493 5.227806525114265 1
245 496 2.405281875404685 0
213 510 3.018874190558942 1
185 521 3.6079228131070282 1
203 537 5.767767762450011 0
