296
560
500
34
107 104 6.037748381117884 0
241 128 3.411573272257666 1
157 145 2.9943304979527716 0
161 162 6.258641614573416 0
128 166 2.82252464970958 0
96 169 5.988660995905543 0
162 185 2.945243112740431 1
115 192 5.964117303299373 0
42 223 2.2334760271614935 0
258 258 1.030835089459151 1
93 272 2.1353012567368124 1
215 296 1.2026409377023426 1
166 302 1.9389517158874505 1
124 308 1.8407769454627694 0
41 309 1.9634954084936207 1
164 316 1.521708941582556 1
88 334 1.8407769454627694 0
97 366 1.4971652489763858 0
226 376 1.6444274046134073 1
30 377 1.718058482431918 0
203 382 4.6878452877785195 1
244 384 1.5953400194010667 0
136 386 1.1290098598838318 0
179 400 4.295146206079795 0
216 400 1.9144080232812801 0
191 405 4.71238898038469 0
188 415 4.589670517353839 0
214 422 4.957825906446392 0
227 425 2.184388641949153 0
189 427 4.246058820867455 0
121 450 0.8344855486097889 0
199 471 3.018874190558942 1
171 482 3.5588354278946874 1
191 496 2.8716120349219203 0
