296
560
500
33
114 206 3.043417883165112 0
115 222 6.258641614573416 0
84 226 2.773437264497239 0
48 227 5.890486225480862 1
116 244 2.945243112740431 1
72 251 5.964117303299373 0
213 319 1.055378782065321 1
46 334 2.086213871524472 1
170 354 1.1535535524900022 1
119 361 1.8407769454627694 1
79 368 1.8407769454627694 0
119 374 1.4971652489763858 1
43 393 1.7426021750380885 0
54 425 1.4726215563702154 0
190 432 1.6689710972195777 0
161 439 4.638757902566179 1
207 442 1.6198837120072371 1
93 443 1.0799224746714913 0
174 457 1.9144080232812801 0
132 462 4.295146206079795 1
148 462 4.73693267299086 0
223 473 1.6689710972195777 0
48 476 1.4971652489763858 1
172 479 4.957825906446392 0
157 483 5.105088062083414 0
185 486 2.2089323345553233 0
140 487 4.344233591292136 1
159 502 5.203262832508095 1
80 509 0.8099418560036186 0
141 513 4.000621894805752 0
136 526 4.516039439535327 0
154 535 5.375068680751287 1
210 544 5.546874528994478 0
