296
560
500
47
181 109 3.411573272257666 0
127 156 2.773437264497239 0
193 184 0.5399612373357456 0
64 187 2.110757564130642 0
101 199 5.816855147662351 0
39 200 2.061670178918302 0
226 200 3.6324665057131984 1
175 201 0.5399612373357456 0
251 203 0.6872233929727672 1
172 217 3.2643111166206444 0
95 223 2.061670178918302 0
124 240 1.9880391010997909 0
63 283 1.718058482431918 1
175 303 1.1780972450961724 0
186 304 0.7853981633974483 1
269 305 0.9572040116406401 1
139 316 1.3008157081270237 1
33 317 4.957825906446392 0
182 325 1.030835089459151 1
257 331 0.9572040116406401 0
98 335 1.4480778637640452 0
196 338 0.9081166264282996 1
177 341 4.491495746929157 0
35 343 1.7671458676442586 1
112 349 4.540583132141498 1
189 355 1.1044661672776617 1
280 363 4.0987966652304335 0
96 374 1.4726215563702154 0
57 379 1.6444274046134073 1
283 404 0.8344855486097889 0
127 407 1.2026409377023426 0
141 408 1.1044661672776617 0
99 414 1.2762720155208536 1
87 422 1.4480778637640452 1
150 426 4.270602513473625 0
181 426 1.030835089459151 1
79 454 1.521708941582556 0
196 466 4.147884050442774 1
92 467 1.227184630308513 0
274 474 3.80427235395639 0
172 487 4.049709280018092 0
133 490 4.123340357836604 1
250 495 3.706097583531709 0
163 527 3.730641276137879 0
203 529 3.6815538909255388 0
244 533 3.3624858870453256 0
210 547 3.3624858870453256 0
