296
560
500
56
172 49 3.043417883165112 1
91 79 2.2334760271614935 0
133 81 6.037748381117884 1
63 99 2.061670178918302 1
234 99 0.662679700366597 0
119 108 2.110757564130642 0
212 108 0.7117670855789375 0
201 115 3.485204350076177 0
264 120 3.77972866135022 1
49 124 5.227806525114265 1
148 124 2.086213871524472 0
85 165 1.7671458676442586 1
196 166 3.3379421944391554 0
171 171 6.209554229361076 1
193 200 1.3499030933393643 0
56 203 4.933282213840222 0
205 203 1.030835089459151 1
156 205 1.423534171157875 1
116 219 1.4971652489763858 0
197 222 1.2762720155208536 1
63 233 1.718058482431918 0
286 235 1.1535535524900022 1
128 236 4.589670517353839 1
190 238 4.614214209960009 0
208 241 1.1290098598838318 1
268 255 1.1044661672776617 0
199 258 1.2762720155208536 1
112 265 1.4971652489763858 0
78 268 1.6689710972195777 1
288 296 4.270602513473625 0
139 303 1.325359400733194 0
151 306 1.2517283229146832 0
115 308 1.3989904785517047 1
104 315 1.5462526341887264 1
158 328 4.417864669110647 0
186 332 1.1780972450961724 1
284 334 0.9572040116406401 0
94 349 1.6689710972195777 0
106 366 1.3499030933393643 0
198 376 4.270602513473625 1
284 379 4.172427743048944 0
140 392 4.270602513473625 1
176 394 4.123340357836604 0
270 401 3.9760782021995817 0
94 409 5.66959299202533 0
118 417 3.877903431774901 0
246 418 3.9269908169872414 0
78 427 5.890486225480862 0
165 436 3.9269908169872414 0
143 441 3.706097583531709 0
202 445 3.877903431774901 0
239 458 3.6079228131070282 0
206 466 3.5833791205008576 0
164 469 3.5342917352885173 0
138 474 3.3379421944391554 1
274 475 3.411573272257666 0
