296
560
500
39
125 173 2.9697868053466014 0
56 194 2.282563412373834 0
91 211 5.964117303299373 0
186 212 0.6872233929727672 0
165 225 0.7117670855789375 0
215 233 3.8288160465625602 1
81 234 2.184388641949153 0
159 238 3.411573272257666 0
235 239 0.8835729338221293 1
107 254 2.110757564130642 0
41 290 1.8653206380689396 1
157 327 1.0062913968529805 1
149 330 1.3989904785517047 0
68 345 1.5707963267948966 0
235 347 0.9817477042468103 1
151 349 1.3008157081270237 1
263 357 0.9817477042468103 0
142 363 4.6878452877785195 0
79 364 4.663301595172349 1
160 366 1.055378782065321 1
220 371 0.9817477042468103 0
152 382 1.227184630308513 1
287 386 4.0987966652304335 1
62 389 1.4971652489763858 0
266 394 4.147884050442774 1
242 403 4.123340357836604 0
264 415 4.074252972624263 1
91 427 1.2517283229146832 0
104 429 1.1780972450961724 0
65 432 1.3499030933393643 1
244 441 0.8835729338221293 0
112 448 4.319689898685965 0
142 455 1.030835089459151 1
256 457 4.074252972624263 0
248 486 4.025165587411922 0
160 491 4.147884050442774 0
234 510 3.8533597391687304 0
133 513 4.0987966652304335 0
210 529 3.77972866135022 0
