296
560
500
42
104 77 2.724349879284899 1
136 79 2.82252464970958 0
276 99 4.246058820867455 0
217 101 3.6079228131070282 1
158 112 0.2454369260617026 0
134 125 2.724349879284899 0
73 151 2.356194490192345 1
149 155 2.724349879284899 0
210 164 1.2517283229146832 0
234 166 1.2762720155208536 0
200 170 3.902447124381071 0
249 201 4.417864669110647 1
69 215 2.086213871524472 0
260 219 1.423534171157875 1
109 226 1.9880391010997909 1
71 238 5.203262832508095 0
45 248 2.0371264863121317 0
135 260 1.8653206380689396 1
119 267 5.2768939103266055 0
140 280 1.6444274046134073 0
26 287 1.88986433067511 1
11 289 2.012582793705961 1
119 291 1.7671458676442586 1
48 303 1.8407769454627694 0
205 310 1.5707963267948966 1
181 320 1.5953400194010667 0
255 327 4.638757902566179 0
222 335 1.5462526341887264 0
71 349 1.6198837120072371 0
181 357 4.6878452877785195 0
205 363 4.6878452877785195 1
224 368 4.614214209960009 0
194 382 4.565126824747668 1
71 392 4.6878452877785195 0
162 393 1.3008157081270237 0
40 398 4.565126824747668 0
167 411 4.491495746929157 0
146 431 4.540583132141498 0
125 444 4.270602513473625 0
89 451 4.270602513473625 1
184 455 1.3744467859455345 1
73 479 4.000621894805752 0
