296
560
500
52
132 80 3.0925052683774528 0
261 81 2.8961557275280905 1
229 89 3.77972866135022 0
34 90 4.638757902566179 1
88 96 5.203262832508095 0
72 120 4.9823695990525625 1
66 154 1.8653206380689396 1
69 177 1.8653206380689396 0
36 186 1.7671458676442586 1
50 191 5.056000676871073 0
182 197 0.0 1
219 198 3.141592653589793 1
174 206 2.8716120349219203 0
36 207 4.884194828627882 1
45 209 5.154175447295755 0
270 226 1.2517283229146832 1
266 242 1.6444274046134073 0
246 247 4.000621894805752 0
247 258 4.147884050442774 0
254 258 4.565126824747668 1
60 269 2.8716120349219203 0
32 274 5.939573610693203 1
253 278 4.344233591292136 1
65 283 2.84706834231575 0
32 291 5.915029918087033 1
162 293 3.6079228131070282 0
257 298 4.196971435655114 1
104 325 3.0925052683774528 0
226 332 0.760854470791278 0
258 335 3.902447124381071 0
30 338 2.356194490192345 0
61 354 6.062292073724054 1
155 368 0.8099418560036186 0
134 379 0.760854470791278 0
49 382 2.2334760271614935 0
126 391 3.436116964863836 0
179 393 3.9515345095934116 0
254 393 3.9760782021995817 0
203 400 0.9572040116406401 1
74 404 2.184388641949153 0
112 481 1.4971652489763858 0
73 485 1.4971652489763858 1
31 490 1.6198837120072371 0
251 497 4.0987966652304335 0
113 500 1.3989904785517047 1
198 505 1.055378782065321 1
46 508 4.6878452877785195 0
103 513 4.7860200582032 0
126 515 1.1044661672776617 0
225 519 0.9572040116406401 0
180 524 1.055378782065321 0
113 536 1.2517283229146832 1
