296
560
500
32
77 222 2.8716120349219203 0
173 234 3.6815538909255388 0
114 269 3.215223731408304 0
42 276 2.356194490192345 0
16 287 2.2334760271614935 1
71 295 6.111379458936394 1
166 316 0.7363107781851077 0
59 322 2.282563412373834 0
144 328 0.7853981633974483 0
135 338 3.509748042682347 0
195 339 3.877903431774901 1
217 346 0.859029241215959 1
83 347 2.184388641949153 0
18 366 1.9144080232812801 1
41 428 1.5462526341887264 0
53 446 4.638757902566179 1
125 447 1.227184630308513 1
216 455 1.1044661672776617 1
117 461 4.663301595172349 0
137 465 1.055378782065321 1
36 469 1.6444274046134073 0
243 471 1.055378782065321 0
199 475 1.1535535524900022 0
128 482 1.227184630308513 1
34 507 1.5462526341887264 1
60 510 1.423534171157875 0
244 513 4.270602513473625 1
20 515 1.718058482431918 1
73 517 1.325359400733194 0
219 517 4.270602513473625 0
77 533 4.491495746929157 0
131 545 1.325359400733194 1
