296
560
500
57
137 121 3.043417883165112 1
60 145 2.282563412373834 0
34 158 2.2334760271614935 1
93 167 5.939573610693203 0
187 168 0.6381360077604268 0
167 185 0.662679700366597 0
81 188 2.2089323345553233 0
220 189 3.77972866135022 1
160 199 3.485204350076177 0
106 211 2.184388641949153 0
40 239 1.8653206380689396 1
151 256 3.2643111166206444 0
114 265 5.6941366846315 0
9 267 5.006913291658733 0
142 279 1.6935147898257479 0
156 280 3.3379421944391554 0
106 291 1.3989904785517047 1
14 297 1.718058482431918 0
65 298 1.4480778637640452 0
245 301 0.9572040116406401 1
148 307 1.1535535524900022 1
78 315 4.589670517353839 1
142 323 4.565126824747668 0
228 324 0.9326603190344698 0
162 325 0.9326603190344698 1
29 336 1.5953400194010667 1
63 338 1.3989904785517047 0
153 339 1.1044661672776617 1
253 358 4.074252972624263 0
93 373 1.1535535524900022 0
69 377 1.2517283229146832 1
107 377 1.1290098598838318 0
58 385 1.3499030933393643 1
252 394 0.9572040116406401 0
119 402 4.270602513473625 0
150 406 0.9817477042468103 1
52 412 1.5462526341887264 0
268 416 4.074252972624263 0
66 431 1.1780972450961724 0
167 444 4.0987966652304335 1
256 445 4.147884050442774 0
257 457 4.270602513473625 0
106 459 4.147884050442774 1
143 460 4.049709280018092 0
242 464 3.9269908169872414 0
58 469 1.3499030933393643 0
82 478 3.877903431774901 0
218 482 3.877903431774901 0
43 485 5.939573610693203 0
28 498 5.915029918087033 0
110 502 3.6815538909255388 0
132 505 3.877903431774901 1
172 508 3.8288160465625602 0
211 521 3.5833791205008576 0
175 528 3.6079228131070282 0
132 530 3.5342917352885173 0
107 534 3.3624858870453256 1
