296
560
500
35
80 102 3.0925052683774528 0
204 114 0.8099418560036186 0
37 131 6.037748381117884 1
133 147 0.8344855486097889 0
111 158 0.7853981633974483 0
26 159 2.2580197197676637 0
103 169 3.509748042682347 0
229 172 4.000621894805752 0
157 173 3.9515345095934116 0
51 180 2.1353012567368124 0
182 180 0.9326603190344698 1
90 247 1.7426021750380885 0
102 248 3.3379421944391554 0
54 265 1.423534171157875 1
234 275 4.074252972624263 0
96 281 1.2762720155208536 1
184 284 1.030835089459151 1
28 291 4.614214209960009 0
111 294 1.055378782065321 0
88 295 4.614214209960009 0
210 295 0.9817477042468103 0
166 301 1.0062913968529805 0
100 318 1.2026409377023426 1
231 326 4.0987966652304335 0
213 330 4.147884050442774 1
190 338 4.147884050442774 0
214 346 4.049709280018092 0
89 387 1.055378782065321 1
198 420 3.9760782021995817 0
105 429 4.172427743048944 1
187 444 3.7551849687440497 0
255 448 3.3870295796514958 0
136 458 0.8344855486097889 0
228 462 3.3624858870453256 0
165 471 3.485204350076177 1
