296
560
500
36
115 91 5.64504929941916 0
185 138 1.0062913968529805 1
144 146 2.282563412373834 1
105 171 5.399612373357457 0
190 185 3.77972866135022 0
153 212 0.6135923151542565 0
152 225 1.9144080232812801 1
201 229 1.5462526341887264 1
162 249 1.6935147898257479 1
143 252 1.88986433067511 0
107 268 2.012582793705961 0
91 276 5.178719139901925 1
249 293 1.3744467859455345 0
225 294 1.6935147898257479 1
237 356 1.7671458676442586 0
78 374 2.454369260617026 1
43 404 5.71868037723767 0
215 411 5.252350217720435 0
235 411 5.5714182216006485 0
115 423 5.522330836388308 0
154 423 5.350524988145116 0
221 437 5.816855147662351 0
194 439 5.522330836388308 0
158 442 5.546874528994478 1
203 444 5.8659425328746915 1
62 446 5.816855147662351 0
79 455 5.890486225480862 0
98 460 5.939573610693203 1
150 470 5.8659425328746915 1
177 472 6.1850105367549055 0
125 492 6.160466844148735 1
83 500 2.724349879284899 1
166 513 6.258641614573416 1
141 520 2.6998061866787286 0
108 527 2.282563412373834 0
86 536 1.7426021750380885 0
