296
560
500
50
196 54 0.9817477042468103 0
149 64 2.3071071049800045 1
109 92 5.375068680751287 0
195 104 3.8288160465625602 0
167 121 1.1780972450961724 0
207 141 1.4726215563702154 1
169 166 1.6198837120072371 1
150 169 1.8407769454627694 0
115 189 1.9880391010997909 0
99 198 5.129631754689584 1
228 209 1.5953400194010667 0
255 213 1.4726215563702154 1
249 275 1.718058482431918 0
89 291 2.356194490192345 0
22 327 5.841398840268521 0
61 328 5.595961914206819 0
229 332 5.203262832508095 0
169 346 5.301437602932776 0
134 352 5.448699758569798 1
210 360 5.473243451175968 0
174 365 5.497787143782138 1
236 365 5.743224069843841 1
217 366 5.915029918087033 1
80 378 5.767767762450011 1
97 381 5.841398840268521 0
118 383 5.939573610693203 1
169 393 5.816855147662351 1
193 395 6.135923151542564 0
62 406 0.04908738521234052 1
84 413 3.1906800388021335 1
139 416 6.135923151542564 1
39 419 3.018874190558942 1
116 420 2.7979809571034093 1
145 433 2.8961557275280905 1
42 443 3.067961575771282 0
68 444 2.650718801466388 1
13 448 0.9326603190344698 0
113 463 6.111379458936394 1
25 466 5.252350217720435 0
74 467 5.767767762450011 0
53 470 5.816855147662351 0
122 474 2.9943304979527716 0
149 487 6.135923151542564 1
119 498 6.135923151542564 1
69 500 6.086835766330224 1
108 519 0.02454369260617026 0
129 520 3.1661363461959633 0
211 536 2.8716120349219203 1
24 543 0.36815538909255385 1
67 544 0.1718058482431918 0
