296
560
500
33
52 115 0.22089323345553233 0
15 126 5.743224069843841 0
57 142 0.4172427743048944 0
151 181 0.8344855486097889 0
27 182 1.718058482431918 1
85 187 3.2888548092268146 0
115 209 0.9572040116406401 1
85 232 1.0062913968529805 0
77 238 1.3008157081270237 1
194 245 0.9326603190344698 1
99 255 1.0799224746714913 1
167 255 1.030835089459151 0
84 268 1.227184630308513 0
219 300 1.1290098598838318 0
65 302 1.3989904785517047 0
59 320 4.540583132141498 1
233 360 4.6878452877785195 0
229 396 5.006913291658733 0
244 400 5.203262832508095 0
96 404 1.8162332528565992 0
188 404 4.81056375080937 0
202 416 5.006913291658733 1
157 425 4.9823695990525625 0
236 433 5.522330836388308 0
213 443 5.301437602932776 1
88 451 5.154175447295755 0
164 463 5.375068680751287 1
146 472 5.252350217720435 0
58 473 5.301437602932776 1
129 479 5.227806525114265 1
202 481 5.546874528994478 1
218 492 2.3316507975861747 1
187 495 2.2334760271614935 1
