296
560
500
40
149 27 5.375068680751287 0
211 44 1.1290098598838318 0
234 44 3.8533597391687304 0
207 62 1.6198837120072371 1
246 83 1.5707963267948966 1
206 108 1.6935147898257479 1
187 111 1.8653206380689396 0
151 127 2.012582793705961 0
134 136 5.178719139901925 1
263 154 1.6444274046134073 0
21 182 2.6016314162540475 0
119 228 2.380738182798515 0
49 265 5.816855147662351 0
87 266 5.64504929941916 0
17 281 5.988660995905543 0
158 287 5.497787143782138 0
195 289 5.325981295538946 0
199 309 5.522330836388308 1
105 311 5.792311455056181 0
122 321 5.8659425328746915 0
142 325 5.964117303299373 1
193 338 5.8659425328746915 1
33 345 6.1850105367549055 1
66 362 3.067961575771282 1
26 384 0.662679700366597 1
91 388 2.650718801466388 1
113 390 6.037748381117884 1
22 397 1.4726215563702154 0
95 411 5.8659425328746915 0
74 413 5.8659425328746915 0
91 443 6.111379458936394 1
29 450 0.859029241215959 0
138 450 6.135923151542564 0
30 461 0.44178646691106466 0
154 467 3.117048960983623 0
128 471 6.209554229361076 1
27 476 0.5645049299419159 1
88 488 0.19634954084936207 0
85 506 1.1780972450961724 0
111 507 0.7117670855789375 1
