296
560
500
21
149 197 5.620505606812989 0
129 198 2.2334760271614935 0
216 240 0.9817477042468103 0
171 249 2.282563412373834 1
131 278 5.350524988145116 0
217 289 3.7551849687440497 0
273 321 1.1535535524900022 0
229 326 1.4726215563702154 1
192 355 1.6198837120072371 1
174 357 1.8407769454627694 0
139 376 1.9634954084936207 0
123 385 5.129631754689584 1
250 395 1.5707963267948966 0
277 402 1.4480778637640452 1
113 478 2.3316507975861747 0
84 517 5.595961914206819 0
47 521 5.816855147662351 1
254 524 5.2768939103266055 1
192 531 5.325981295538946 0
156 534 5.424156065963627 0
197 551 5.473243451175968 1
