296
560
500
27
246 145 3.1661363461959633 0
220 150 0.02454369260617026 0
157 163 5.767767762450011 1
192 178 2.5034566458293663 0
96 179 5.522330836388308 1
169 199 5.64504929941916 1
144 203 2.282563412373834 1
204 204 6.258641614573416 0
239 212 0.8099418560036186 0
229 239 0.9572040116406401 0
182 248 2.3071071049800045 1
46 257 2.2089323345553233 0
143 266 5.424156065963627 1
228 284 3.6815538909255388 0
191 306 0.3436116964863836 1
243 318 1.423534171157875 1
196 323 1.9389517158874505 1
204 343 1.5462526341887264 1
186 352 1.8653206380689396 0
149 369 2.110757564130642 0
126 377 5.154175447295755 0
262 386 1.5462526341887264 1
287 444 1.521708941582556 0
116 460 2.2089323345553233 0
92 496 5.424156065963627 1
207 513 5.2768939103266055 0
166 515 5.424156065963627 0
