296
560
500
40
142 22 0.36815538909255385 1
102 50 2.6998061866787286 0
72 65 5.767767762450011 0
48 68 2.282563412373834 0
113 68 0.14726215563702155 1
150 90 0.9326603190344698 0
136 112 1.030835089459151 0
90 118 2.3071071049800045 1
229 142 4.295146206079795 1
48 146 5.375068680751287 0
135 158 3.7551849687440497 0
108 175 1.2026409377023426 0
146 197 1.4971652489763858 1
190 201 1.3989904785517047 0
212 208 1.3008157081270237 1
108 224 1.6444274046134073 1
89 226 1.8653206380689396 0
59 243 2.012582793705961 1
36 254 5.154175447295755 1
166 271 1.5462526341887264 0
193 279 1.3989904785517047 1
200 328 1.2026409377023426 0
189 336 1.6198837120072371 0
25 348 2.061670178918302 0
206 365 1.1780972450961724 0
204 382 5.6941366846315 0
226 391 3.5342917352885173 1
191 399 5.792311455056181 0
176 400 5.203262832508095 1
110 406 5.2768939103266055 0
70 407 5.424156065963627 0
243 415 3.3379421944391554 1
155 424 5.448699758569798 0
120 426 5.424156065963627 1
185 429 5.988660995905543 1
241 430 3.067961575771282 1
166 436 5.890486225480862 0
68 448 5.767767762450011 1
120 456 5.816855147662351 1
146 459 6.111379458936394 0
