296
560
500
29
149 120 5.66959299202533 1
121 125 2.086213871524472 0
193 127 2.5280003384355365 0
93 144 5.325981295538946 1
114 146 5.252350217720435 0
203 146 6.1850105367549055 1
164 149 5.595961914206819 0
143 153 2.1353012567368124 0
244 159 0.7853981633974483 0
235 185 0.9081166264282996 0
190 197 2.184388641949153 1
60 230 2.0371264863121317 0
239 232 3.6570101983193686 0
151 233 5.227806525114265 0
256 265 1.3499030933393643 1
222 298 1.4971652489763858 1
204 305 1.718058482431918 0
177 326 1.8407769454627694 1
285 336 1.3744467859455345 0
156 340 5.006913291658733 1
157 431 2.2580197197676637 0
128 474 5.522330836388308 0
243 476 5.178719139901925 0
205 479 5.375068680751287 0
95 480 5.546874528994478 0
252 494 5.375068680751287 1
156 514 5.595961914206819 0
197 521 5.816855147662351 1
175 522 5.66959299202533 0
