296
560
500
31
185 114 2.8961557275280905 0
149 124 5.988660995905543 0
135 128 2.675262494072558 0
172 136 6.135923151542564 0
70 139 5.743224069843841 0
173 240 2.650718801466388 0
166 262 6.062292073724054 0
229 280 3.411573272257666 1
201 297 2.84706834231575 0
239 322 3.485204350076177 1
180 335 2.3071071049800045 0
222 341 2.8716120349219203 0
131 349 5.497787143782138 1
218 354 2.0371264863121317 0
198 375 1.5953400194010667 0
217 377 1.030835089459151 1
178 388 1.9144080232812801 0
189 407 0.9817477042468103 0
233 413 4.196971435655114 0
182 418 1.4480778637640452 1
181 435 3.80427235395639 0
205 436 4.000621894805752 1
163 439 5.595961914206819 0
216 460 3.436116964863836 1
117 469 5.6941366846315 1
83 482 5.71868037723767 1
180 504 6.258641614573416 1
87 505 5.915029918087033 0
204 529 3.0925052683774528 0
130 536 6.111379458936394 0
112 542 6.209554229361076 0
