296
560
500
32
215 110 2.9206994201342606 0
176 120 6.013204688511713 0
163 122 2.748893571891069 0
97 131 5.767767762450011 0
199 132 6.160466844148735 0
192 230 2.773437264497239 0
46 244 2.429825568010856 0
184 250 6.1850105367549055 0
245 277 3.5588354278946874 1
218 289 3.018874190558942 0
251 319 3.6079228131070282 1
197 328 2.356194490192345 1
145 334 5.522330836388308 1
235 337 3.067961575771282 0
228 355 1.88986433067511 1
207 368 1.6444274046134073 0
226 373 1.1290098598838318 1
187 378 1.9880391010997909 0
197 400 1.0799224746714913 0
189 410 1.5707963267948966 1
246 410 4.172427743048944 1
187 427 3.8533597391687304 0
168 430 5.66959299202533 0
209 430 4.123340357836604 1
121 457 5.767767762450011 1
220 458 3.5588354278946874 1
87 469 5.767767762450011 1
87 493 5.988660995905543 0
178 498 0.07363107781851078 1
126 527 6.1850105367549055 0
110 531 0.02454369260617026 0
201 535 3.2888548092268146 1
