296
560
500
35
147 103 3.043417883165112 0
113 107 6.135923151542564 0
95 109 2.7979809571034093 0
133 121 0.02454369260617026 0
229 195 3.730641276137879 0
115 217 2.773437264497239 0
106 237 6.234097921967246 0
221 237 0.8099418560036186 0
167 263 3.509748042682347 1
139 276 3.018874190558942 0
244 297 1.0799224746714913 1
173 305 3.6079228131070282 1
120 315 2.3071071049800045 1
68 323 5.448699758569798 1
159 323 3.043417883165112 0
152 341 1.7426021750380885 1
133 355 1.5953400194010667 0
153 361 1.055378782065321 1
114 366 1.88986433067511 0
125 387 1.030835089459151 0
175 396 4.0987966652304335 1
118 397 1.4971652489763858 1
117 415 3.80427235395639 0
140 418 4.074252972624263 1
99 419 5.595961914206819 0
152 445 3.509748042682347 1
183 447 3.8533597391687304 1
54 448 5.71868037723767 1
18 463 5.71868037723767 1
20 487 5.915029918087033 0
114 488 0.04908738521234052 1
171 489 3.509748042682347 1
63 518 6.160466844148735 0
138 523 3.215223731408304 1
45 524 6.234097921967246 0
