296
560
500
22
161 205 0.04908738521234052 0
79 212 2.3316507975861747 0
79 237 5.595961914206819 0
53 240 5.448699758569798 0
45 253 2.1598449493429825 0
132 324 2.1353012567368124 0
201 328 2.84706834231575 1
136 346 5.595961914206819 0
186 355 2.2334760271614935 0
235 360 3.043417883165112 1
231 382 2.356194490192345 0
236 397 1.5953400194010667 0
190 400 1.7426021750380885 0
246 416 0.4908738521234052 1
226 427 0.8835729338221293 0
157 438 4.8351074434155406 1
223 445 1.2517283229146832 1
240 457 0.4172427743048944 0
44 461 1.718058482431918 1
268 468 3.436116964863836 0
238 472 0.859029241215959 1
234 500 4.957825906446392 0
