296
560
500
32
204 53 3.6570101983193686 0
255 81 0.5154175447295755 1
86 85 2.748893571891069 0
196 94 0.7117670855789375 0
78 107 6.111379458936394 0
140 128 3.4606606574700063 1
242 136 3.902447124381071 0
115 143 2.9206994201342606 0
223 149 0.8835729338221293 1
153 170 3.5342917352885173 1
96 180 2.2334760271614935 0
139 189 2.945243112740431 0
45 196 5.448699758569798 1
136 208 1.7671458676442586 1
252 214 4.147884050442774 0
117 224 1.4480778637640452 0
137 227 0.9326603190344698 1
99 236 1.8162332528565992 0
113 257 0.8099418560036186 0
164 260 4.000621894805752 1
234 262 4.049709280018092 0
107 266 1.3744467859455345 1
132 278 4.000621894805752 0
107 283 3.77972866135022 0
90 288 5.497787143782138 0
236 288 3.8533597391687304 0
179 305 3.6570101983193686 1
146 307 3.411573272257666 1
47 316 5.6941366846315 1
173 338 3.313398501832985 0
117 349 6.258641614573416 1
144 380 3.117048960983623 1
