296
560
500
38
125 159 3.141592653589793 0
86 161 6.160466844148735 0
70 163 2.84706834231575 0
203 176 3.6815538909255388 1
106 177 0.09817477042468103 0
207 187 0.6135923151542565 0
201 254 3.6079228131070282 0
91 282 2.8716120349219203 1
259 282 3.8288160465625602 1
249 288 0.7853981633974483 0
195 303 0.7117670855789375 1
82 311 6.1850105367549055 0
145 334 3.436116964863836 1
241 338 3.902447124381071 0
117 343 2.945243112740431 1
224 352 0.9081166264282996 1
154 375 3.485204350076177 1
100 390 2.2580197197676637 1
43 400 5.497787143782138 1
140 401 2.9206994201342606 1
134 413 1.6935147898257479 1
252 417 4.147884050442774 0
116 427 1.521708941582556 0
135 427 0.9572040116406401 1
97 440 1.88986433067511 0
110 460 0.8099418560036186 0
163 464 4.025165587411922 1
233 464 4.049709280018092 0
103 471 1.3744467859455345 1
127 480 4.025165587411922 0
88 487 5.546874528994478 0
235 490 3.8288160465625602 0
174 506 3.6570101983193686 1
144 509 3.411573272257666 1
42 516 5.71868037723767 1
226 531 3.6079228131070282 0
167 546 3.3624858870453256 1
113 551 6.234097921967246 1
