296
560
500
31
150 106 6.037748381117884 0
108 113 5.939573610693203 0
94 116 2.945243112740431 0
132 125 6.209554229361076 0
122 225 2.724349879284899 0
230 233 0.7363107781851077 0
117 245 6.1850105367549055 0
179 269 3.509748042682347 1
150 282 2.945243112740431 0
189 310 3.5588354278946874 1
131 317 2.2089323345553233 0
176 329 3.043417883165112 0
78 333 5.350524988145116 0
151 362 1.4726215563702154 0
171 366 0.9817477042468103 1
133 375 1.7916895602504288 0
147 397 0.8835729338221293 0
196 400 4.049709280018092 1
140 406 1.3989904785517047 1
165 420 4.074252972624263 0
140 424 3.7551849687440497 0
122 430 5.522330836388308 0
208 449 3.7551849687440497 1
177 451 3.4606606574700063 1
78 462 5.64504929941916 1
41 478 5.6941366846315 1
200 492 3.411573272257666 1
142 496 6.258641614573416 1
88 525 6.062292073724054 1
168 529 3.1661363461959633 1
77 536 0.0 0
