296
560
500
30
143 110 3.018874190558942 0
105 117 6.062292073724054 0
88 121 2.748893571891069 0
124 130 6.234097921967246 0
119 235 2.748893571891069 0
225 238 0.7363107781851077 0
112 256 6.135923151542564 0
176 277 3.436116964863836 1
147 292 2.8961557275280905 0
188 317 3.485204350076177 1
130 328 2.2580197197676637 0
173 336 2.9206994201342606 0
75 340 5.473243451175968 0
172 350 2.086213871524472 0
151 370 1.521708941582556 0
171 373 0.9817477042468103 1
132 382 1.8407769454627694 0
194 404 4.049709280018092 1
139 412 1.4480778637640452 1
32 425 2.061670178918302 0
138 430 3.77972866135022 0
120 435 5.546874528994478 0
206 452 3.730641276137879 1
175 455 3.436116964863836 1
75 466 5.66959299202533 1
200 488 3.3870295796514958 0
141 499 6.234097921967246 1
167 531 3.141592653589793 1
92 532 6.111379458936394 0
74 538 6.209554229361076 0
