296
560
500
71
142 73 6.111379458936394 0
236 106 0.3436116964863836 0
78 109 5.792311455056181 1
189 111 3.1661363461959633 0
58 132 2.3071071049800045 0
208 137 0.4172427743048944 0
69 148 2.2334760271614935 1
19 151 2.356194490192345 0
130 163 2.552544031041707 1
220 175 3.5588354278946874 1
160 176 0.04908738521234052 1
92 182 5.64504929941916 1
252 182 0.662679700366597 1
39 188 5.325981295538946 1
185 196 0.6381360077604268 0
240 202 0.760854470791278 1
60 205 2.012582793705961 0
175 210 0.760854470791278 1
68 229 5.178719139901925 1
248 240 1.055378782065321 0
169 254 2.7979809571034093 1
57 261 1.9389517158874505 1
160 262 0.9817477042468103 0
96 267 5.154175447295755 1
232 271 1.2762720155208536 1
151 275 1.5953400194010667 0
181 290 4.295146206079795 1
259 306 1.3499030933393643 1
219 308 1.4971652489763858 0
237 312 1.5462526341887264 1
83 332 5.178719139901925 1
223 333 4.663301595172349 1
111 334 2.061670178918302 1
125 335 1.9389517158874505 1
41 342 5.080544369477243 0
156 352 2.086213871524472 0
243 360 1.6935147898257479 1
217 369 1.8162332528565992 1
100 377 5.203262832508095 0
61 378 5.2768939103266055 1
272 383 1.6198837120072371 0
159 389 2.2580197197676637 1
195 391 2.184388641949153 1
39 401 5.301437602932776 1
128 403 5.350524988145116 1
220 403 4.9823695990525625 0
285 405 1.7916895602504288 1
170 427 5.301437602932776 1
88 429 5.497787143782138 0
186 430 2.3316507975861747 1
25 432 5.816855147662351 0
132 433 5.424156065963627 1
96 435 5.66959299202533 1
246 443 5.252350217720435 1
53 451 5.915029918087033 0
177 456 5.399612373357457 0
157 459 5.497787143782138 1
27 463 0.02454369260617026 1
115 472 5.890486225480862 1
260 480 5.497787143782138 1
58 486 0.09817477042468103 0
118 486 6.111379458936394 1
163 494 5.8659425328746915 1
83 495 0.07363107781851078 0
235 499 5.841398840268521 1
201 503 5.792311455056181 0
47 513 3.3624858870453256 0
198 519 6.037748381117884 0
83 526 0.2454369260617026 1
90 543 3.3870295796514958 0
165 543 0.07363107781851078 1
