296
560
500
69
152 82 6.111379458936394 0
246 114 0.2454369260617026 0
89 119 5.792311455056181 1
199 119 3.1661363461959633 0
69 142 2.282563412373834 0
218 145 0.4172427743048944 0
27 157 2.1353012567368124 1
79 159 2.2089323345553233 1
140 173 2.5280003384355365 1
231 183 3.5342917352885173 1
171 185 0.04908738521234052 1
10 190 5.301437602932776 0
263 190 0.6135923151542565 1
102 193 5.620505606812989 1
51 199 5.2768939103266055 1
196 205 0.6135923151542565 0
249 208 0.760854470791278 1
72 214 1.9634954084936207 0
186 220 0.7117670855789375 1
80 239 5.203262832508095 1
258 246 1.030835089459151 0
181 263 2.724349879284899 1
70 271 1.9144080232812801 1
172 272 0.9572040116406401 0
109 277 5.154175447295755 1
244 280 1.2762720155208536 1
193 300 4.319689898685965 1
270 315 1.3008157081270237 1
231 317 1.4971652489763858 0
249 321 1.5462526341887264 1
97 343 5.178719139901925 1
235 344 4.6878452877785195 1
125 345 2.061670178918302 1
139 345 1.9144080232812801 1
55 355 5.056000676871073 0
170 363 2.086213871524472 0
255 370 1.6689710972195777 1
230 378 1.7916895602504288 1
115 389 5.178719139901925 0
76 390 5.252350217720435 1
284 392 1.5953400194010667 0
173 400 2.2580197197676637 1
209 400 2.1353012567368124 1
55 413 5.2768939103266055 1
143 414 5.325981295538946 1
233 414 4.957825906446392 0
26 417 5.448699758569798 1
181 435 5.301437602932776 0
103 441 5.473243451175968 0
200 441 2.3316507975861747 1
147 444 5.399612373357457 1
40 445 5.792311455056181 0
111 447 5.64504929941916 1
260 452 5.227806525114265 1
67 458 5.8659425328746915 1
190 468 5.375068680751287 0
172 471 5.448699758569798 1
43 476 6.258641614573416 1
129 484 5.890486225480862 1
272 496 5.595961914206819 0
134 498 6.111379458936394 1
74 499 0.09817477042468103 0
177 506 5.841398840268521 1
98 507 0.07363107781851078 0
216 514 5.743224069843841 0
250 514 5.890486225480862 0
64 525 3.2888548092268146 0
212 530 6.037748381117884 0
99 539 0.22089323345553233 1
