296
560
500
55
216 118 0.4663301595172349 0
142 120 0.0 1
116 128 2.8716120349219203 0
112 151 2.6998061866787286 1
70 171 5.8659425328746915 1
235 175 3.6079228131070282 0
282 195 0.7853981633974483 0
158 200 3.018874190558942 1
118 201 6.013204688511713 1
81 206 2.478912953223196 1
245 209 0.8344855486097889 0
187 222 0.5645049299419159 1
79 230 5.66959299202533 1
243 247 3.9269908169872414 1
52 251 2.405281875404685 1
200 251 1.0062913968529805 0
184 260 1.055378782065321 1
265 265 1.0799224746714913 1
89 276 5.5714182216006485 0
252 277 1.2026409377023426 0
163 295 3.067961575771282 1
152 301 1.325359400733194 0
139 310 1.9634954084936207 0
243 320 1.4726215563702154 0
138 323 1.9634954084936207 1
56 333 5.595961914206819 1
160 338 4.76147636559703 1
217 346 1.718058482431918 1
78 350 2.5280003384355365 1
92 357 2.282563412373834 1
192 369 1.9389517158874505 0
206 382 1.9634954084936207 1
52 384 5.66959299202533 0
228 388 1.8162332528565992 1
117 391 2.5280003384355365 1
262 393 1.5953400194010667 0
183 397 5.080544369477243 1
18 415 6.111379458936394 1
105 419 2.650718801466388 1
73 425 5.767767762450011 0
164 426 2.184388641949153 1
18 430 0.02454369260617026 1
191 431 2.1598449493429825 1
228 433 1.7426021750380885 0
134 438 2.5770877236478773 1
59 441 6.037748381117884 0
151 455 5.301437602932776 1
100 459 5.743224069843841 1
202 462 2.1353012567368124 1
108 474 2.6998061866787286 0
71 482 5.988660995905543 1
93 487 5.816855147662351 0
201 491 2.012582793705961 0
155 504 5.66959299202533 0
202 505 2.2580197197676637 0
