296
560
500
87
188 33 2.724349879284899 1
179 42 0.9326603190344698 0
71 46 1.88986433067511 1
114 49 5.154175447295755 1
256 50 1.2762720155208536 1
177 57 1.2517283229146832 1
169 58 1.718058482431918 0
201 69 4.295146206079795 1
172 73 1.7426021750380885 0
284 85 1.3744467859455345 1
260 91 1.521708941582556 1
246 106 4.589670517353839 1
104 113 5.154175447295755 1
132 117 2.012582793705961 1
144 121 1.9144080232812801 1
63 129 5.056000676871073 1
183 138 2.1353012567368124 1
266 141 1.6935147898257479 1
240 150 1.8162332528565992 1
123 160 5.154175447295755 0
81 165 5.252350217720435 1
181 172 2.2089323345553233 1
216 173 2.110757564130642 1
11 175 5.2768939103266055 1
243 183 4.9823695990525625 0
62 186 5.252350217720435 1
151 186 5.325981295538946 1
29 195 5.448699758569798 1
195 206 5.301437602932776 1
111 208 5.448699758569798 1
209 211 2.2580197197676637 1
154 212 5.399612373357457 0
47 221 5.767767762450011 0
119 221 5.620505606812989 1
272 222 5.203262832508095 1
80 238 5.841398840268521 0
206 239 5.399612373357457 1
183 241 5.424156065963627 1
51 247 6.1850105367549055 0
140 257 5.841398840268521 1
146 270 6.062292073724054 1
191 271 5.816855147662351 0
83 273 0.07363107781851078 0
226 279 5.767767762450011 1
261 280 5.792311455056181 1
111 282 0.02454369260617026 0
224 302 5.988660995905543 0
54 304 0.19634954084936207 0
70 306 3.313398501832985 1
110 314 0.1718058482431918 1
34 322 0.7853981633974483 1
45 326 0.6381360077604268 1
209 327 3.117048960983623 1
272 327 2.724349879284899 1
191 328 6.1850105367549055 1
65 337 0.6872233929727672 0
250 337 2.675262494072558 0
204 338 3.043417883165112 0
53 340 1.2517283229146832 1
71 348 0.9081166264282996 0
222 359 2.1353012567368124 0
129 360 3.2643111166206444 0
185 361 3.3624858870453256 1
195 381 5.301437602932776 0
70 386 0.5890486225480862 1
163 387 3.1661363461959633 1
176 387 5.66959299202533 1
207 387 5.743224069843841 1
112 388 0.09817477042468103 0
224 388 4.123340357836604 1
83 405 0.39269908169872414 1
198 411 3.067961575771282 0
238 413 3.77972866135022 1
229 420 3.215223731408304 0
80 422 0.8344855486097889 1
143 424 6.258641614573416 0
147 440 0.1227184630308513 0
116 445 0.4908738521234052 0
197 449 2.6261751088602177 0
245 451 2.380738182798515 1
212 454 5.816855147662351 1
112 457 0.9326603190344698 1
98 461 4.3933209765044765 1
207 464 1.6444274046134073 0
187 465 4.319689898685965 0
90 468 4.025165587411922 0
214 476 0.4172427743048944 1
