296
560
500
63
75 10 6.086835766330224 0
167 50 0.36815538909255385 0
115 53 3.215223731408304 0
136 80 0.39269908169872414 0
52 111 2.478912953223196 1
144 115 3.4606606574700063 1
87 122 0.04908738521234052 1
180 122 0.6381360077604268 1
18 129 5.64504929941916 1
170 144 0.6872233929727672 1
111 147 0.5154175447295755 1
101 157 0.6135923151542565 1
212 168 3.80427235395639 1
202 177 0.8344855486097889 1
177 183 0.9572040116406401 1
278 196 0.7853981633974483 0
102 202 2.748893571891069 1
94 208 0.9817477042468103 0
168 214 1.1780972450961724 1
28 221 5.105088062083414 1
92 223 1.3989904785517047 1
83 229 1.8407769454627694 0
90 234 1.4726215563702154 1
233 236 1.030835089459151 0
118 238 4.221515128261284 1
198 249 1.227184630308513 1
157 252 1.325359400733194 0
176 252 1.423534171157875 1
164 272 4.516039439535327 1
66 283 1.8653206380689396 1
51 285 1.9634954084936207 1
225 285 1.1535535524900022 1
20 286 5.129631754689584 1
99 300 1.9880391010997909 0
186 302 1.5462526341887264 1
161 312 1.6935147898257479 1
40 324 5.154175447295755 1
218 326 1.521708941582556 0
141 333 2.0371264863121317 1
104 338 2.1598449493429825 1
163 342 4.8351074434155406 1
76 353 5.252350217720435 1
121 371 5.227806525114265 1
138 372 2.2089323345553233 1
33 376 5.473243451175968 1
265 376 3.6324665057131984 1
83 383 5.325981295538946 1
198 385 5.178719139901925 1
277 386 3.4606606574700063 1
45 389 5.5714182216006485 1
134 404 5.325981295538946 1
112 405 5.375068680751287 1
234 423 5.841398840268521 0
68 424 5.816855147662351 1
213 424 5.522330836388308 1
73 438 6.013204688511713 1
119 443 5.792311455056181 1
155 444 5.743224069843841 1
190 445 5.767767762450011 1
34 450 6.258641614573416 0
152 462 5.988660995905543 1
120 495 0.02454369260617026 1
210 511 6.258641614573416 1
