296
560
500
72
212 40 0.36815538909255385 0
151 50 3.117048960983623 1
23 68 2.82252464970958 0
181 72 0.36815538909255385 0
31 92 2.2089323345553233 1
98 100 2.478912953223196 0
190 108 3.4606606574700063 1
133 115 0.02454369260617026 1
227 115 0.6381360077604268 1
63 124 5.595961914206819 1
160 134 0.6135923151542565 0
218 138 0.7363107781851077 1
35 148 1.9880391010997909 1
148 150 0.6381360077604268 1
257 161 3.8288160465625602 1
42 169 5.178719139901925 1
247 170 0.8344855486097889 1
222 177 0.9817477042468103 1
145 198 2.82252464970958 0
136 202 1.4726215563702154 0
30 203 1.9144080232812801 1
212 210 1.227184630308513 1
73 214 5.105088062083414 1
130 220 1.5462526341887264 0
131 220 1.3008157081270237 0
276 229 1.0062913968529805 0
161 232 4.295146206079795 1
131 235 1.6935147898257479 0
240 243 1.3008157081270237 1
199 247 1.3989904785517047 0
217 247 1.4726215563702154 1
205 268 4.565126824747668 1
94 277 1.9880391010997909 1
108 278 1.88986433067511 1
266 280 1.1535535524900022 1
68 282 5.129631754689584 0
18 287 5.031456984264903 0
141 295 2.061670178918302 0
226 298 1.6198837120072371 1
200 312 1.718058482431918 1
83 316 5.154175447295755 1
256 319 1.4971652489763858 0
44 325 5.252350217720435 1
181 329 2.086213871524472 1
144 333 2.184388641949153 1
201 338 4.859651136021712 1
23 347 5.2768939103266055 1
116 347 5.2768939103266055 1
159 366 5.252350217720435 1
176 368 2.2334760271614935 1
74 369 5.473243451175968 1
122 377 5.325981295538946 1
235 380 5.203262832508095 1
86 382 5.5714182216006485 1
43 399 5.8659425328746915 0
171 399 5.350524988145116 1
150 401 5.375068680751287 1
274 417 5.792311455056181 0
107 418 5.816855147662351 1
251 418 5.522330836388308 1
50 429 0.02454369260617026 1
113 431 6.037748381117884 1
159 436 5.767767762450011 1
194 437 5.71868037723767 1
228 438 5.792311455056181 1
77 442 0.04908738521234052 0
193 454 6.013204688511713 1
78 475 0.1718058482431918 1
171 489 6.1850105367549055 1
83 491 3.313398501832985 0
108 501 0.2454369260617026 1
169 501 3.067961575771282 0
