296
560
500
54
169 158 6.135923151542564 0
104 192 5.743224069843841 0
220 194 3.141592653589793 0
241 220 0.36815538909255385 0
83 222 2.2580197197676637 0
98 235 2.2334760271614935 1
45 236 2.2334760271614935 1
158 245 2.5034566458293663 0
195 259 0.04908738521234052 1
251 259 3.509748042682347 0
125 266 5.620505606812989 1
70 272 5.325981295538946 1
277 277 0.7363107781851077 0
221 278 0.6135923151542565 0
92 289 1.9880391010997909 0
208 292 0.662679700366597 1
17 302 5.006913291658733 1
101 312 5.203262832508095 1
284 318 0.8835729338221293 0
18 320 4.933282213840222 1
207 329 2.8716120349219203 0
197 341 1.0062913968529805 0
85 345 1.8407769454627694 0
132 348 5.154175447295755 1
275 351 1.2517283229146832 0
188 365 1.8407769454627694 1
195 368 1.4480778637640452 0
218 371 4.319689898685965 1
257 390 1.4480778637640452 0
275 392 1.5462526341887264 1
261 410 4.614214209960009 1
166 412 1.9389517158874505 1
190 414 1.9389517158874505 0
149 417 2.012582793705961 1
125 418 5.129631754689584 0
73 427 5.031456984264903 1
281 439 1.6444274046134073 1
256 446 1.7916895602504288 1
102 461 5.227806525114265 1
139 461 5.154175447295755 0
196 466 2.282563412373834 0
235 469 2.1353012567368124 1
259 483 4.957825906446392 0
174 484 5.399612373357457 0
82 490 5.301437602932776 0
209 502 5.2768939103266055 0
227 509 2.282563412373834 1
129 513 5.473243451175968 0
172 516 5.399612373357457 1
66 518 5.767767762450011 0
141 524 5.5714182216006485 0
98 535 5.841398840268521 0
219 535 5.375068680751287 0
201 539 5.424156065963627 1
