296
560
500
58
158 128 6.135923151542564 0
81 155 5.767767762450011 0
251 157 0.2699806186678728 0
205 164 3.117048960983623 0
227 189 0.3436116964863836 0
72 194 2.2580197197676637 0
32 210 2.110757564130642 1
84 210 2.184388641949153 1
18 212 5.325981295538946 0
146 218 2.5034566458293663 0
241 225 3.485204350076177 1
183 230 0.04908738521234052 1
273 230 0.6381360077604268 1
113 240 5.595961914206819 1
263 245 0.7363107781851077 0
207 248 0.5645049299419159 0
57 250 5.252350217720435 1
197 264 0.6381360077604268 1
81 265 1.9634954084936207 0
93 284 5.154175447295755 1
272 287 1.0062913968529805 0
195 308 2.773437264497239 1
188 314 1.0062913968529805 0
76 320 1.8407769454627694 0
259 322 1.2762720155208536 1
123 323 5.129631754689584 1
179 339 1.7916895602504288 1
208 342 4.270602513473625 1
247 361 1.4726215563702154 0
265 364 1.521708941582556 1
251 385 4.663301595172349 1
157 390 1.9144080232812801 1
142 392 1.9880391010997909 1
118 393 5.105088062083414 0
186 393 1.9144080232812801 1
71 404 4.9823695990525625 0
272 411 1.6198837120072371 1
246 420 1.718058482431918 1
91 434 5.227806525114265 0
133 436 5.129631754689584 0
189 440 2.2334760271614935 0
227 443 2.110757564130642 1
251 455 4.933282213840222 0
169 457 5.375068680751287 0
76 467 5.301437602932776 0
45 468 5.399612373357457 1
202 476 5.252350217720435 0
220 483 2.2334760271614935 1
125 489 5.399612373357457 0
168 491 5.325981295538946 1
280 491 5.178719139901925 1
61 495 5.767767762450011 0
136 500 5.546874528994478 0
219 509 5.325981295538946 1
93 511 5.8659425328746915 0
196 513 5.375068680751287 1
153 525 5.792311455056181 0
100 547 0.0 0
