296
560
500
45
233 121 0.662679700366597 0
234 137 3.77972866135022 1
165 146 0.4663301595172349 1
187 157 3.5833791205008576 1
210 159 0.8099418560036186 1
85 213 6.111379458936394 1
93 241 2.282563412373834 0
213 250 1.055378782065321 1
194 255 4.0987966652304335 1
137 272 3.7551849687440497 1
115 283 1.055378782065321 0
108 291 1.325359400733194 1
30 297 1.6935147898257479 1
94 313 1.3499030933393643 1
232 355 4.246058820867455 1
111 366 4.319689898685965 1
70 379 1.1535535524900022 0
115 388 0.9326603190344698 0
256 390 3.9269908169872414 1
48 397 1.2762720155208536 1
66 397 4.368777283898306 1
227 399 3.902447124381071 0
124 405 4.172427743048944 1
47 410 4.491495746929157 1
17 412 4.270602513473625 1
174 414 3.902447124381071 1
99 422 0.6872233929727672 0
258 425 3.313398501832985 1
227 430 3.3379421944391554 0
214 438 3.2888548092268146 1
250 441 2.945243112740431 0
165 449 3.4606606574700063 0
120 454 3.8288160465625602 1
99 461 3.7551849687440497 0
125 464 3.485204350076177 0
201 465 3.043417883165112 1
102 474 3.4606606574700063 0
28 475 3.730641276137879 1
47 481 3.5342917352885173 0
223 492 2.8716120349219203 1
100 497 3.313398501832985 0
137 504 3.043417883165112 1
194 507 6.013204688511713 1
141 532 2.82252464970958 1
154 539 6.086835766330224 0
