296
560
500
43
138 102 3.313398501832985 1
180 107 0.39269908169872414 0
219 155 0.7117670855789375 0
222 172 3.7551849687440497 1
152 181 0.44178646691106466 1
175 192 3.5588354278946874 1
198 194 0.7853981633974483 1
76 255 5.964117303299373 1
87 281 2.2089323345553233 0
205 285 1.055378782065321 1
186 289 4.074252972624263 1
131 308 3.6570101983193686 1
108 310 1.9144080232812801 1
105 331 1.2762720155208536 1
27 344 1.6198837120072371 1
92 356 1.2762720155208536 1
226 389 4.221515128261284 1
112 408 4.270602513473625 1
72 425 1.1044661672776617 0
251 426 3.9269908169872414 1
117 430 0.9572040116406401 0
225 437 3.877903431774901 0
69 444 4.319689898685965 1
51 445 1.2517283229146832 1
127 448 4.147884050442774 1
175 453 3.877903431774901 1
50 458 4.466952054322987 1
256 461 3.2397674240144743 1
104 468 0.6381360077604268 0
229 474 3.1661363461959633 1
213 478 3.2643111166206444 1
250 479 2.8961557275280905 0
169 492 3.436116964863836 0
126 499 3.80427235395639 1
105 502 3.730641276137879 1
206 506 2.9697868053466014 1
129 509 3.4606606574700063 0
107 521 3.4606606574700063 0
54 530 3.509748042682347 0
229 532 2.84706834231575 1
103 538 3.2888548092268146 1
145 548 2.945243112740431 1
197 550 5.988660995905543 1
