296
560
500
42
262 131 0.6135923151542565 0
266 150 3.730641276137879 1
198 163 0.39269908169872414 1
80 164 2.405281875404685 0
221 173 3.5342917352885173 1
244 174 0.760854470791278 1
65 184 5.5714182216006485 0
49 228 2.184388641949153 0
124 237 5.988660995905543 1
135 264 2.184388641949153 0
253 265 1.030835089459151 1
233 268 4.049709280018092 1
180 290 3.6570101983193686 1
157 292 1.88986433067511 1
55 293 1.7916895602504288 0
155 314 1.227184630308513 1
79 329 1.5462526341887264 1
143 339 1.227184630308513 1
279 369 4.196971435655114 1
166 390 4.221515128261284 1
127 408 1.055378782065321 0
172 412 0.9081166264282996 0
279 415 3.8533597391687304 0
125 427 4.295146206079795 1
183 430 4.0987966652304335 1
231 434 3.8533597391687304 1
76 442 4.196971435655114 1
160 449 0.6135923151542565 0
270 456 3.215223731408304 1
54 463 4.0987966652304335 0
226 471 3.411573272257666 0
183 480 3.77972866135022 1
162 484 3.730641276137879 1
263 485 2.9697868053466014 1
65 490 3.7551849687440497 0
188 490 3.411573272257666 0
167 503 3.411573272257666 0
93 506 3.6324665057131984 1
112 512 3.509748042682347 0
164 525 3.2643111166206444 0
206 529 2.9206994201342606 1
259 529 5.915029918087033 1
