296
560
500
42
145 118 3.3624858870453256 1
232 169 0.6135923151542565 0
235 185 3.706097583531709 1
161 198 0.3190680038802134 1
45 202 2.552544031041707 1
187 207 3.4606606574700063 1
212 207 0.6872233929727672 1
30 218 5.71868037723767 1
12 251 2.5280003384355365 0
87 272 6.013204688511713 1
96 299 2.3316507975861747 0
226 300 1.0062913968529805 1
202 302 3.9760782021995817 1
142 326 3.6815538909255388 1
121 331 2.356194490192345 1
112 345 1.325359400733194 1
30 349 1.718058482431918 1
95 367 1.2762720155208536 1
245 405 4.295146206079795 1
115 417 4.270602513473625 1
70 429 1.055378782065321 0
119 434 0.859029241215959 0
47 446 1.2026409377023426 1
66 446 4.319689898685965 1
237 449 4.025165587411922 0
260 449 4.0987966652304335 0
132 453 4.025165587411922 1
47 460 4.442408361716817 1
185 460 3.8288160465625602 1
16 461 4.270602513473625 1
104 470 0.662679700366597 0
235 485 3.3870295796514958 0
218 486 3.485204350076177 0
172 497 3.485204350076177 0
124 502 3.8288160465625602 1
99 508 3.730641276137879 0
127 512 3.485204350076177 0
205 521 3.215223731408304 1
102 523 3.485204350076177 0
26 525 3.7551849687440497 1
48 534 3.5588354278946874 0
92 541 3.2888548092268146 1
