296
560
500
52
204 133 0.3436116964863836 1
252 141 0.662679700366597 1
82 142 2.380738182798515 0
229 142 3.4606606574700063 1
70 161 5.546874528994478 0
55 203 2.282563412373834 0
133 209 5.964117303299373 1
142 235 2.184388641949153 0
267 238 1.030835089459151 1
245 241 4.0987966652304335 1
35 260 2.1353012567368124 0
189 260 3.6570101983193686 1
59 266 1.8407769454627694 0
169 273 1.055378782065321 0
161 281 1.3499030933393643 1
33 286 1.9144080232812801 1
82 301 1.6444274046134073 1
147 306 1.325359400733194 1
29 330 1.7671458676442586 0
288 345 4.246058820867455 1
166 360 4.295146206079795 1
27 374 1.2762720155208536 0
123 377 1.055378782065321 0
170 380 0.9326603190344698 0
283 389 3.877903431774901 0
121 397 4.319689898685965 1
181 399 4.123340357836604 1
226 408 3.8533597391687304 0
72 414 4.221515128261284 1
156 418 0.662679700366597 0
47 424 4.0987966652304335 1
270 431 3.2888548092268146 1
26 432 3.8288160465625602 0
223 443 3.436116964863836 0
178 450 3.77972866135022 1
24 454 3.6815538909255388 1
62 457 3.7551849687440497 1
153 458 3.730641276137879 0
256 461 3.0925052683774528 1
179 466 3.485204350076177 1
39 476 3.313398501832985 1
83 476 3.6570101983193686 1
158 478 3.436116964863836 1
106 484 3.5342917352885173 0
151 489 3.215223731408304 1
56 491 3.313398501832985 0
191 501 2.9943304979527716 1
251 502 6.062292073724054 1
110 504 0.1227184630308513 1
146 518 3.043417883165112 0
85 523 3.1906800388021335 0
112 535 2.9943304979527716 1
