296
560
500
47
194 92 0.36815538909255385 1
72 101 2.3071071049800045 0
218 101 3.485204350076177 1
242 102 0.7117670855789375 1
61 120 5.497787143782138 0
46 163 2.2089323345553233 0
121 169 5.964117303299373 1
252 195 1.030835089459151 1
130 196 2.1353012567368124 0
232 197 4.025165587411922 1
181 218 3.730641276137879 0
28 222 2.012582793705961 0
155 225 2.0371264863121317 1
52 227 1.8162332528565992 0
150 246 1.2026409377023426 1
31 253 1.8162332528565992 0
75 262 1.5953400194010667 1
138 270 1.227184630308513 1
27 293 1.7426021750380885 0
277 301 4.196971435655114 1
160 322 4.246058820867455 1
120 340 1.0799224746714913 0
166 344 0.9081166264282996 0
275 348 3.877903431774901 0
117 359 4.319689898685965 1
101 363 1.2026409377023426 1
178 363 4.074252972624263 1
225 366 3.8533597391687304 1
101 376 4.417864669110647 1
73 380 4.172427743048944 1
279 382 3.2888548092268146 0
151 387 0.5890486225480862 1
266 391 3.2397674240144743 1
46 395 3.902447124381071 0
222 405 3.3870295796514958 0
180 410 3.706097583531709 0
154 423 3.706097583531709 0
66 425 3.7551849687440497 1
180 425 3.436116964863836 0
254 426 2.9943304979527716 0
86 436 3.6815538909255388 0
157 437 3.436116964863836 0
108 450 3.4606606574700063 0
155 460 3.1906800388021335 0
198 471 2.9697868053466014 0
247 473 6.037748381117884 0
107 476 0.07363107781851078 0
