296
560
500
52
225 55 3.5342917352885173 1
160 82 0.22089323345553233 1
207 83 0.5399612373357456 1
184 88 3.3624858870453256 1
39 104 2.2580197197676637 0
29 124 5.424156065963627 0
95 166 5.8659425328746915 1
21 167 2.184388641949153 0
231 177 0.859029241215959 1
210 183 3.902447124381071 1
107 192 2.061670178918302 0
161 209 3.6324665057131984 0
135 218 1.9880391010997909 1
32 232 1.6935147898257479 0
131 237 1.1044661672776617 1
10 255 1.7426021750380885 1
58 262 1.4726215563702154 1
121 263 1.1290098598838318 1
268 279 4.074252972624263 1
13 296 1.6444274046134073 0
149 312 4.123340357836604 1
271 324 3.6815538909255388 0
156 332 0.7853981633974483 0
110 334 1.1780972450961724 0
16 341 1.1290098598838318 0
110 347 4.417864669110647 0
219 349 3.730641276137879 1
170 351 3.9760782021995817 1
93 358 1.1044661672776617 1
278 361 2.9943304979527716 1
259 363 3.117048960983623 0
94 371 4.344233591292136 1
146 376 0.5399612373357456 1
65 377 4.123340357836604 1
218 387 3.2643111166206444 0
44 390 3.9515345095934116 1
175 396 3.6324665057131984 0
257 397 2.84706834231575 1
178 410 3.313398501832985 0
151 411 3.5833791205008576 0
63 421 3.6570101983193686 1
156 424 3.2888548092268146 0
85 431 3.5833791205008576 0
256 440 5.890486225480862 1
157 442 3.0925052683774528 1
108 443 3.3870295796514958 0
197 447 2.7979809571034093 1
108 468 6.258641614573416 0
123 484 3.018874190558942 0
163 484 2.748893571891069 1
219 486 5.8659425328746915 1
199 531 2.7979809571034093 1
