296
560
500
41
126 90 3.3379421944391554 0
72 91 6.209554229361076 1
105 106 3.067961575771282 1
204 124 0.7117670855789375 1
40 132 2.429825568010856 0
65 186 2.3071071049800045 1
159 212 3.6324665057131984 1
78 215 2.2334760271614935 1
44 217 5.473243451175968 1
219 242 0.7363107781851077 0
53 269 1.8162332528565992 1
17 276 1.8653206380689396 1
82 285 1.718058482431918 1
254 299 3.9269908169872414 0
101 303 5.154175447295755 1
131 311 0.4908738521234052 0
99 324 1.3989904785517047 1
261 341 3.877903431774901 0
91 351 1.1535535524900022 1
107 358 4.442408361716817 1
61 367 1.5953400194010667 1
77 368 1.030835089459151 0
106 382 4.221515128261284 1
260 388 3.7551849687440497 1
66 389 1.423534171157875 1
150 400 3.8288160465625602 1
101 409 4.025165587411922 1
86 411 3.730641276137879 0
56 417 5.6941366846315 1
226 423 3.6079228131070282 1
194 424 3.5342917352885173 1
134 431 3.5342917352885173 1
18 435 5.6941366846315 1
135 450 3.2888548092268146 0
240 453 3.4606606574700063 1
107 459 3.0925052683774528 1
175 460 3.2397674240144743 0
32 467 6.086835766330224 1
144 508 2.9697868053466014 1
197 528 3.018874190558942 0
130 533 6.062292073724054 1
