296
560
500
33
84 120 3.117048960983623 1
177 148 0.760854470791278 0
45 197 2.405281875404685 1
56 227 2.282563412373834 1
136 229 3.6570101983193686 1
16 230 5.473243451175968 0
188 259 0.7853981633974483 0
29 276 1.8407769454627694 1
55 299 1.7916895602504288 1
224 312 3.9269908169872414 1
73 317 5.325981295538946 1
105 337 0.5645049299419159 1
228 356 3.902447124381071 0
63 373 1.0062913968529805 1
31 377 1.5707963267948966 1
48 382 1.030835089459151 0
74 392 4.246058820867455 1
227 401 3.730641276137879 1
37 404 1.3989904785517047 1
73 418 4.049709280018092 0
117 419 3.8533597391687304 0
58 425 3.77972866135022 0
27 429 5.743224069843841 1
195 438 3.5833791205008576 1
165 440 3.509748042682347 1
101 445 3.5833791205008576 1
209 466 3.3870295796514958 1
106 472 3.2888548092268146 1
76 474 3.141592653589793 1
145 477 3.2643111166206444 0
237 496 3.3624858870453256 0
108 525 2.82252464970958 1
171 543 3.018874190558942 0
