296
560
500
35
142 111 3.411573272257666 1
124 130 3.0925052683774528 1
60 153 2.454369260617026 0
218 161 0.8099418560036186 0
82 209 2.429825568010856 1
54 238 5.546874528994478 0
96 240 2.356194490192345 1
176 240 3.6570101983193686 1
227 273 0.859029241215959 0
67 285 1.9634954084936207 1
28 292 1.9880391010997909 1
94 309 1.88986433067511 1
112 327 5.399612373357457 1
258 331 4.074252972624263 1
143 349 0.662679700366597 1
254 380 4.025165587411922 1
66 383 1.6689710972195777 0
94 383 1.1290098598838318 1
77 391 1.1780972450961724 0
104 405 4.319689898685965 1
63 409 1.5707963267948966 1
251 424 3.877903431774901 1
97 429 4.147884050442774 0
149 432 3.9269908169872414 1
80 433 3.877903431774901 0
48 434 5.8659425328746915 1
121 457 3.6570101983193686 1
216 459 3.6815538909255388 1
187 460 3.6079228131070282 1
92 484 3.2643111166206444 1
122 484 3.3624858870453256 1
226 488 3.4606606574700063 1
161 494 3.3870295796514958 0
231 530 3.3624858870453256 1
120 538 3.0925052683774528 1
