296
560
500
36
130 162 3.1661363461959633 1
80 175 6.111379458936394 1
115 185 2.945243112740431 1
210 197 0.6381360077604268 0
57 217 2.380738182798515 0
89 263 2.3071071049800045 1
178 286 3.5833791205008576 1
11 287 5.350524988145116 1
106 290 2.356194490192345 1
68 294 5.473243451175968 1
233 318 0.8344855486097889 0
75 338 1.9389517158874505 1
36 351 2.012582793705961 1
101 357 1.9144080232812801 1
261 370 4.025165587411922 1
116 377 5.399612373357457 1
147 390 0.662679700366597 0
111 415 1.3744467859455345 1
99 426 1.2026409377023426 1
113 429 4.589670517353839 1
68 438 1.718058482431918 1
84 441 1.1535535524900022 0
110 455 4.319689898685965 1
70 462 1.4726215563702154 1
258 470 3.80427235395639 1
105 479 4.123340357836604 0
152 480 3.9760782021995817 1
89 484 3.8288160465625602 0
58 487 5.792311455056181 1
127 507 3.6815538909255388 1
223 508 3.6570101983193686 1
193 509 3.6079228131070282 1
99 534 3.1906800388021335 1
128 534 3.3624858870453256 1
231 536 3.436116964863836 1
167 543 3.3624858870453256 0
