296
560
500
22
180 244 3.1661363461959633 0
106 258 6.013204688511713 1
171 276 0.2699806186678728 1
218 285 3.5833791205008576 1
200 304 3.4606606574700063 1
134 305 2.84706834231575 0
63 344 5.890486225480862 1
268 352 1.0799224746714913 1
140 367 2.8961557275280905 1
104 385 5.988660995905543 1
138 400 2.82252464970958 1
47 413 2.5034566458293663 1
210 432 4.074252972624263 1
78 434 2.5034566458293663 1
94 463 2.405281875404685 1
238 466 1.2762720155208536 0
105 486 5.841398840268521 1
92 497 2.184388641949153 1
28 507 2.061670178918302 1
36 519 1.9389517158874505 1
103 523 1.7916895602504288 1
72 525 5.325981295538946 1
