296
560
500
18
108 258 3.043417883165112 0
87 272 0.02454369260617026 1
206 287 3.706097583531709 0
72 304 2.6998061866787286 0
73 333 6.1850105367549055 0
126 334 3.2888548092268146 0
10 348 5.620505606812989 1
108 351 2.9943304979527716 1
194 363 0.5645049299419159 0
51 379 2.380738182798515 0
80 429 2.356194490192345 1
171 452 3.6570101983193686 0
55 458 5.497787143782138 0
93 458 2.282563412373834 1
220 475 0.859029241215959 0
66 504 1.88986433067511 1
31 508 2.0371264863121317 1
91 525 1.7916895602504288 1
