296
560
500
26
154 215 6.160466844148735 1
143 248 2.454369260617026 0
205 265 3.067961575771282 0
156 274 5.988660995905543 0
77 277 5.325981295538946 0
194 285 2.84706834231575 1
91 307 5.375068680751287 1
68 312 2.2089323345553233 0
143 323 2.282563412373834 0
38 351 5.350524988145116 0
177 368 2.2580197197676637 1
265 394 3.706097583531709 1
192 396 2.2089323345553233 1
104 397 5.252350217720435 1
153 402 5.399612373357457 0
46 410 5.325981295538946 0
88 426 2.1353012567368124 1
169 445 1.9144080232812801 1
133 455 2.110757564130642 1
94 467 5.2768939103266055 1
191 467 1.9389517158874505 1
222 485 1.9880391010997909 1
203 487 5.375068680751287 1
231 498 1.521708941582556 1
227 525 1.4971652489763858 0
177 543 1.6444274046134073 1
