296
560
500
53
81 25 5.792311455056181 0
185 31 0.02454369260617026 0
224 58 3.3379421944391554 0
134 82 6.086835766330224 0
95 115 2.478912953223196 0
86 122 5.64504929941916 0
161 147 2.748893571891069 1
73 152 2.3071071049800045 0
195 154 0.2945243112740431 0
254 173 0.7363107781851077 0
104 188 5.5714182216006485 0
181 210 2.82252464970958 1
220 211 0.8344855486097889 1
31 245 5.252350217720435 0
209 251 1.2762720155208536 0
85 257 1.9634954084936207 0
188 260 1.6198837120072371 1
281 274 1.0799224746714913 0
173 280 1.6935147898257479 0
193 290 1.6444274046134073 1
54 297 1.88986433067511 0
161 297 1.8162332528565992 1
138 298 1.7916895602504288 0
238 302 1.6198837120072371 0
66 304 5.056000676871073 0
253 308 1.4971652489763858 0
47 317 5.031456984264903 0
187 344 4.859651136021712 1
179 347 1.6689710972195777 0
255 353 1.6689710972195777 1
68 358 1.8653206380689396 0
163 359 4.7860200582032 0
269 365 1.5462526341887264 1
119 380 4.933282213840222 0
175 382 4.8351074434155406 0
276 408 1.6444274046134073 1
58 438 5.252350217720435 0
215 438 5.006913291658733 0
71 450 2.478912953223196 0
260 468 5.325981295538946 1
199 474 5.325981295538946 0
65 481 5.5714182216006485 0
149 481 5.399612373357457 0
97 483 5.5714182216006485 0
127 497 5.8659425328746915 0
101 500 5.915029918087033 0
171 503 5.66959299202533 0
236 508 5.6941366846315 0
215 512 5.743224069843841 0
188 515 5.890486225480862 0
202 533 2.82252464970958 1
217 538 6.209554229361076 0
184 541 6.013204688511713 0
