296
560
500
58
160 13 6.037748381117884 0
61 19 5.743224069843841 1
83 21 2.478912953223196 0
191 80 2.773437264497239 1
102 83 2.3316507975861747 0
222 87 0.3190680038802134 0
281 107 0.5645049299419159 0
135 118 5.620505606812989 0
211 145 2.8716120349219203 1
248 146 0.9081166264282996 1
58 174 5.2768939103266055 0
234 183 1.325359400733194 0
112 188 2.0371264863121317 0
17 193 1.9144080232812801 0
215 195 1.6935147898257479 1
200 211 1.7916895602504288 0
182 216 1.7916895602504288 0
218 224 1.7426021750380885 1
78 228 1.9389517158874505 0
162 229 1.8653206380689396 0
91 232 5.105088062083414 0
262 240 1.718058482431918 0
72 241 5.105088062083414 0
276 244 1.5462526341887264 0
16 250 4.884194828627882 1
185 262 1.6198837120072371 0
193 267 4.884194828627882 1
207 280 4.933282213840222 1
199 282 1.718058482431918 0
89 288 1.9144080232812801 0
276 290 1.7671458676442586 1
183 293 4.7860200582032 0
138 312 4.9823695990525625 0
193 317 4.908738521234052 0
75 367 5.2768939103266055 0
230 374 5.056000676871073 0
87 379 2.5034566458293663 0
272 398 5.154175447295755 0
213 410 5.350524988145116 0
111 413 5.64504929941916 0
163 414 5.448699758569798 0
83 416 5.595961914206819 1
114 430 5.988660995905543 0
139 430 5.915029918087033 0
183 437 5.71868037723767 0
248 445 5.66959299202533 0
227 448 5.792311455056181 0
201 451 5.890486225480862 0
83 452 6.037748381117884 1
208 469 2.9943304979527716 1
181 473 6.111379458936394 1
207 481 0.0 0
229 501 0.19634954084936207 0
146 509 6.135923151542564 1
146 511 6.062292073724054 1
113 514 6.135923151542564 1
176 520 2.84706834231575 1
188 521 2.675262494072558 1
