296
560
500
43
148 19 0.02454369260617026 0
193 47 3.3379421944391554 0
101 71 6.111379458936394 0
24 75 2.6261751088602177 0
61 103 2.5034566458293663 0
50 111 5.66959299202533 0
126 137 2.773437264497239 1
39 139 2.356194490192345 0
160 144 0.36815538909255385 0
217 163 0.6381360077604268 0
69 176 5.595961914206819 0
255 193 0.8344855486097889 1
144 200 2.7979809571034093 1
183 202 0.8344855486097889 1
170 239 1.2517283229146832 0
47 246 2.0371264863121317 0
151 250 1.6689710972195777 1
265 251 1.030835089459151 1
245 259 1.1290098598838318 0
136 266 1.718058482431918 0
117 273 1.718058482431918 0
13 280 1.9144080232812801 0
155 280 1.6935147898257479 1
100 282 1.8407769454627694 0
24 291 5.129631754689584 0
202 291 1.6444274046134073 0
217 294 1.4971652489763858 0
139 334 1.6689710972195777 0
147 334 4.884194828627882 1
219 339 1.718058482431918 1
25 340 1.8653206380689396 0
122 348 4.81056375080937 0
232 348 1.521708941582556 1
76 369 4.9823695990525625 0
134 371 4.859651136021712 0
233 393 1.6444274046134073 0
175 423 5.056000676871073 0
219 446 5.105088062083414 0
158 460 5.350524988145116 0
107 466 5.424156065963627 0
82 482 5.915029918087033 0
128 488 5.71868037723767 0
147 501 5.816855147662351 0
