296
560
500
47
65 32 5.743224069843841 0
179 35 0.02454369260617026 0
221 64 3.3624858870453256 0
32 82 5.816855147662351 1
54 86 2.552544031041707 0
129 86 6.111379458936394 0
66 151 2.405281875404685 0
153 152 2.7979809571034093 1
187 159 0.3436116964863836 0
246 178 0.6381360077604268 0
96 189 5.620505606812989 0
171 214 2.82252464970958 1
211 216 0.8099418560036186 1
16 238 5.375068680751287 0
198 252 1.2517283229146832 0
71 257 2.061670178918302 0
177 262 1.6198837120072371 1
276 273 1.1044661672776617 0
163 277 1.9389517158874505 0
144 283 1.7916895602504288 0
168 290 1.8162332528565992 1
36 291 1.88986433067511 0
183 291 1.6935147898257479 1
125 294 1.8407769454627694 0
154 297 5.154175447295755 0
47 301 5.178719139901925 0
230 301 1.5953400194010667 0
246 306 1.4480778637640452 0
29 310 5.056000676871073 0
167 332 1.6198837120072371 0
175 347 4.859651136021712 1
249 351 1.718058482431918 1
50 353 1.8407769454627694 0
149 359 4.7860200582032 0
263 360 1.4726215563702154 1
102 378 4.9823695990525625 0
162 381 4.8351074434155406 0
265 405 1.5953400194010667 0
44 435 5.178719139901925 0
205 436 5.031456984264903 0
58 446 2.061670178918302 0
189 471 5.350524988145116 0
137 477 5.375068680751287 0
83 480 5.546874528994478 0
114 494 5.8659425328746915 0
160 499 5.743224069843841 0
179 513 5.841398840268521 0
