296
560
500
50
25 82 5.6941366846315 0
91 99 5.988660995905543 0
228 100 6.135923151542564 0
136 111 2.945243112740431 0
60 166 5.792311455056181 0
34 206 2.3071071049800045 0
201 207 0.2454369260617026 0
138 216 6.111379458936394 0
251 221 0.4172427743048944 1
104 223 2.380738182798515 1
24 240 2.2580197197676637 0
183 255 0.36815538909255385 1
143 269 2.3316507975861747 1
266 279 0.7363107781851077 0
61 280 5.301437602932776 0
191 307 0.9326603190344698 1
171 312 1.1290098598838318 1
252 320 1.055378782065321 0
236 324 1.1535535524900022 0
164 332 1.3744467859455345 0
64 333 1.88986433067511 0
189 336 1.2026409377023426 1
72 341 1.7671458676442586 1
134 356 1.5462526341887264 0
272 364 1.3989904785517047 1
111 367 1.423534171157875 1
288 367 1.2762720155208536 1
35 372 1.5707963267948966 0
68 376 4.933282213840222 0
116 385 4.638757902566179 0
51 390 4.81056375080937 0
215 396 4.3933209765044765 0
116 408 1.4726215563702154 0
184 409 4.442408361716817 0
67 414 1.4480778637640452 0
170 426 1.5707963267948966 0
135 440 4.71238898038469 0
145 441 1.5953400194010667 1
170 443 4.663301595172349 0
253 450 4.859651136021712 0
169 456 1.6198837120072371 0
108 459 1.4480778637640452 1
147 468 4.76147636559703 0
169 474 4.859651136021712 1
112 475 4.614214209960009 0
161 480 1.9144080232812801 0
123 493 4.908738521234052 0
243 494 5.129631754689584 0
154 500 5.031456984264903 0
192 515 5.227806525114265 0
