296
560
500
22
119 250 6.037748381117884 0
80 269 5.939573610693203 0
180 286 0.1718058482431918 0
211 316 3.436116964863836 0
24 324 5.792311455056181 1
127 327 6.258641614573416 0
42 328 2.5770877236478773 0
47 387 2.454369260617026 0
135 392 2.8716120349219203 1
172 402 0.4663301595172349 0
74 424 5.71868037723767 0
228 430 0.7853981633974483 0
149 452 2.9206994201342606 1
188 459 0.9326603190344698 1
263 469 0.9572040116406401 1
164 483 1.1535535524900022 0
135 515 1.8653206380689396 0
114 521 1.8653206380689396 0
95 529 1.9389517158874505 0
246 529 1.2517283229146832 0
153 531 1.7916895602504288 1
199 546 1.6444274046134073 0
