296
560
500
25
85 223 5.915029918087033 0
144 255 6.209554229361076 0
36 257 5.743224069843841 0
181 278 3.215223731408304 0
96 314 6.013204688511713 0
26 315 2.724349879284899 0
125 380 2.6261751088602177 1
41 382 2.429825568010856 0
157 383 0.07363107781851078 0
218 391 0.662679700366597 0
71 422 5.595961914206819 0
259 427 0.9326603190344698 1
186 433 0.760854470791278 1
144 438 2.6261751088602177 1
172 467 1.0799224746714913 0
42 486 2.1353012567368124 0
157 487 1.7916895602504288 1
250 494 1.1780972450961724 0
143 512 1.88986433067511 1
159 512 1.7426021750380885 1
122 519 1.9144080232812801 1
98 521 1.9389517158874505 0
17 525 5.252350217720435 0
205 525 1.6444274046134073 0
220 529 1.4971652489763858 0
