296
560
500
29
86 220 5.890486225480862 0
51 246 5.767767762450011 0
146 251 6.258641614573416 0
184 276 3.2643111166206444 0
23 304 4.884194828627882 1
98 306 6.062292073724054 0
65 337 2.478912953223196 0
51 348 5.64504929941916 0
127 374 2.724349879284899 1
40 375 2.405281875404685 0
159 378 0.2454369260617026 0
220 395 0.760854470791278 0
70 414 5.595961914206819 0
258 434 1.0062913968529805 1
150 437 2.82252464970958 1
188 438 0.9081166264282996 1
47 482 2.061670178918302 0
155 491 1.6444274046134073 1
172 496 1.3499030933393643 1
141 506 1.7916895602504288 0
11 512 2.184388641949153 0
102 524 1.8407769454627694 0
160 524 1.718058482431918 1
20 531 5.227806525114265 0
125 531 1.88986433067511 1
205 539 1.5953400194010667 0
220 541 1.3989904785517047 0
30 546 2.110757564130642 0
50 546 1.8162332528565992 0
