296
560
500
50
82 104 5.767767762450011 1
121 112 2.552544031041707 0
241 119 0.5890486225480862 0
150 131 0.09817477042468103 1
33 146 5.350524988145116 0
148 149 0.09817477042468103 0
208 155 3.6815538909255388 0
256 156 3.9760782021995817 0
76 165 5.497787143782138 1
142 177 0.14726215563702155 1
268 206 1.1535535524900022 1
205 210 1.2026409377023426 0
19 211 2.1353012567368124 0
133 218 0.14726215563702155 1
47 222 5.2768939103266055 0
242 229 1.2026409377023426 0
92 236 5.448699758569798 1
125 237 0.22089323345553233 1
176 242 1.5707963267948966 1
201 247 1.4726215563702154 1
143 249 1.6444274046134073 0
138 254 1.9634954084936207 1
34 282 2.012582793705961 1
224 290 1.4726215563702154 1
176 294 1.8653206380689396 1
29 316 5.129631754689584 0
202 321 1.8407769454627694 0
233 323 1.4971652489763858 1
195 345 4.957825906446392 0
225 350 1.521708941582556 0
61 359 5.375068680751287 0
212 361 2.061670178918302 0
146 366 2.3071071049800045 0
100 372 5.424156065963627 0
220 375 2.012582793705961 0
58 380 5.546874528994478 0
159 383 5.227806525114265 0
194 400 5.252350217720435 1
39 406 5.66959299202533 1
201 406 5.350524988145116 0
178 427 5.71868037723767 0
217 427 6.062292073724054 0
38 428 5.743224069843841 0
142 429 5.546874528994478 1
99 430 5.6941366846315 0
53 436 5.816855147662351 0
153 445 5.8659425328746915 0
188 457 6.111379458936394 1
76 462 5.939573610693203 1
117 495 6.037748381117884 0
