296
560
500
47
131 108 5.816855147662351 0
173 121 2.6998061866787286 0
194 143 0.1718058482431918 1
82 151 5.399612373357457 0
193 158 0.2699806186678728 0
253 171 3.706097583531709 0
117 175 5.522330836388308 1
182 190 0.2699806186678728 0
65 215 2.110757564130642 0
245 223 1.227184630308513 0
168 226 0.09817477042468103 1
92 227 5.252350217720435 0
133 243 5.375068680751287 1
281 243 1.1535535524900022 0
160 246 0.04908738521234052 1
215 253 1.4971652489763858 1
240 258 1.4480778637640452 1
114 284 1.8162332528565992 1
79 291 2.012582793705961 1
111 300 5.006913291658733 0
259 302 1.423534171157875 0
219 304 1.8162332528565992 1
39 310 5.203262832508095 1
73 327 5.154175447295755 0
272 334 1.3989904785517047 1
266 361 1.4480778637640452 0
107 369 5.350524988145116 0
255 372 2.0371264863121317 0
192 377 2.3071071049800045 0
148 382 5.399612373357457 0
263 384 1.9634954084936207 0
104 391 5.522330836388308 0
204 394 5.227806525114265 0
58 409 5.448699758569798 1
238 411 5.227806525114265 1
86 415 5.6941366846315 1
245 416 5.325981295538946 0
264 434 6.037748381117884 0
84 438 5.767767762450011 0
223 438 5.6941366846315 0
188 440 5.522330836388308 1
144 442 5.6941366846315 0
100 446 5.816855147662351 0
199 456 5.841398840268521 0
238 465 6.037748381117884 1
122 472 5.964117303299373 1
169 504 6.013204688511713 0
