296
560
500
31
174 130 5.424156065963627 1
70 185 5.203262832508095 1
175 222 2.282563412373834 0
131 226 5.424156065963627 0
270 230 3.3379421944391554 1
205 231 6.062292073724054 1
211 246 6.135923151542564 0
215 273 6.234097921967246 1
104 284 5.006913291658733 0
146 292 5.080544369477243 1
48 302 4.933282213840222 0
215 316 6.086835766330224 1
267 325 1.1535535524900022 1
215 336 6.135923151542564 1
67 344 4.957825906446392 0
187 346 5.006913291658733 1
144 347 4.859651136021712 0
113 352 1.718058482431918 0
66 357 1.5953400194010667 0
288 374 1.4480778637640452 1
70 375 4.76147636559703 0
154 413 1.6198837120072371 1
125 438 4.859651136021712 1
162 444 4.76147636559703 0
209 473 5.006913291658733 0
249 473 5.105088062083414 0
212 495 5.203262832508095 0
204 524 5.350524988145116 1
174 526 5.203262832508095 1
269 528 5.399612373357457 0
212 544 5.424156065963627 0
