296
560
500
39
193 20 0.2699806186678728 0
250 28 3.6815538909255388 0
116 33 5.546874528994478 1
183 52 0.36815538909255385 0
22 54 5.301437602932776 1
59 76 2.184388641949153 0
87 86 5.301437602932776 0
167 87 0.2699806186678728 1
248 87 1.2517283229146832 1
127 103 5.448699758569798 1
158 106 0.2454369260617026 1
210 116 1.5707963267948966 1
236 121 1.521708941582556 1
70 150 2.110757564130642 1
30 162 5.301437602932776 1
253 167 1.5462526341887264 0
209 168 1.88986433067511 1
67 183 5.203262832508095 1
264 198 1.521708941582556 1
255 225 1.5707963267948966 0
94 227 5.399612373357457 0
240 239 2.110757564130642 0
176 240 2.356194490192345 0
133 242 5.448699758569798 0
88 249 5.595961914206819 0
187 258 5.2768939103266055 0
42 260 5.595961914206819 1
67 273 5.767767762450011 1
220 276 5.2768939103266055 1
228 280 5.399612373357457 0
66 293 5.841398840268521 0
203 301 5.767767762450011 0
124 302 5.767767762450011 0
166 303 5.5714182216006485 1
78 304 5.890486225480862 0
177 318 5.890486225480862 0
99 330 6.037748381117884 1
140 366 6.062292073724054 0
147 392 6.062292073724054 0
