296
560
500
32
103 182 5.522330836388308 1
29 232 5.203262832508095 0
145 246 5.71868037723767 0
187 256 2.5770877236478773 0
215 275 0.07363107781851078 1
40 281 5.325981295538946 0
211 287 0.14726215563702155 1
99 290 5.350524988145116 0
271 296 3.6570101983193686 0
138 311 5.497787143782138 1
204 326 0.14726215563702155 0
271 350 1.1780972450961724 1
85 353 2.1598449493429825 0
33 359 5.154175447295755 0
112 363 5.2768939103266055 0
192 367 0.14726215563702155 0
155 376 5.448699758569798 1
184 380 0.14726215563702155 1
237 385 1.5707963267948966 1
262 387 1.4726215563702154 1
97 424 2.086213871524472 1
237 435 1.88986433067511 1
57 438 5.301437602932776 1
91 457 5.203262832508095 0
272 457 1.5707963267948966 0
122 499 5.399612373357457 0
204 508 2.3316507975861747 0
161 512 5.448699758569798 0
117 521 5.5714182216006485 0
213 523 5.252350217720435 1
66 536 5.595961914206819 1
96 544 5.767767762450011 1
