296
560
500
42
115 95 3.018874190558942 1
91 116 6.209554229361076 1
123 157 0.39269908169872414 0
217 178 3.8533597391687304 1
26 206 5.841398840268521 1
67 221 2.6998061866787286 1
190 224 3.80427235395639 1
177 230 0.9081166264282996 1
265 230 0.760854470791278 0
88 238 0.1227184630308513 1
89 249 0.2699806186678728 1
144 262 3.6815538909255388 0
191 263 4.025165587411922 0
9 267 5.620505606812989 1
211 277 1.030835089459151 0
82 280 0.36815538909255385 1
197 312 1.1290098598838318 0
144 316 1.2026409377023426 1
64 321 0.1227184630308513 1
26 332 5.546874528994478 1
180 335 1.1780972450961724 1
228 338 4.196971435655114 0
54 340 0.1227184630308513 1
109 344 1.4726215563702154 1
135 351 1.4480778637640452 1
70 355 1.7671458676442586 0
156 396 1.3744467859455345 0
113 397 1.8162332528565992 1
166 427 1.3499030933393643 0
167 455 1.325359400733194 0
157 465 2.012582793705961 0
86 471 2.3071071049800045 0
41 472 5.424156065963627 0
166 476 1.5707963267948966 0
104 484 5.203262832508095 0
171 486 1.6689710972195777 0
144 499 5.129631754689584 1
183 503 3.3870295796514958 0
152 504 5.350524988145116 0
193 512 3.2643111166206444 0
172 523 6.086835766330224 0
130 525 5.71868037723767 0
