296
560
500
40
149 102 2.8961557275280905 1
121 121 6.086835766330224 0
39 137 5.743224069843841 1
164 162 0.3436116964863836 0
261 176 3.730641276137879 1
70 216 5.792311455056181 1
110 224 2.650718801466388 0
237 229 3.77972866135022 1
222 233 0.8099418560036186 1
137 244 0.1718058482431918 1
16 250 5.497787143782138 0
135 256 0.22089323345553233 1
239 266 3.9515345095934116 0
193 269 3.6815538909255388 0
58 274 5.5714182216006485 1
263 274 0.9572040116406401 1
127 287 0.2699806186678728 1
246 314 1.030835089459151 0
193 321 1.2026409377023426 1
24 327 5.375068680751287 0
111 327 0.09817477042468103 1
279 336 4.123340357836604 0
230 338 1.1780972450961724 1
71 341 5.522330836388308 1
101 346 0.04908738521234052 1
157 350 1.4726215563702154 1
115 359 1.6689710972195777 0
185 361 1.4480778637640452 1
206 400 1.3499030933393643 0
161 403 1.7916895602504288 1
217 430 1.325359400733194 0
190 437 1.718058482431918 0
189 449 4.76147636559703 0
219 459 1.3989904785517047 0
207 469 1.9634954084936207 0
133 475 2.2334760271614935 1
91 483 5.325981295538946 0
154 493 5.154175447295755 0
223 507 2.3071071049800045 1
193 508 5.154175447295755 1
