296
560
500
35
134 103 2.9943304979527716 1
106 120 6.111379458936394 0
146 164 0.39269908169872414 0
242 185 3.8288160465625602 1
46 207 5.841398840268521 0
87 221 2.748893571891069 0
215 236 3.8288160465625602 1
196 238 0.859029241215959 1
106 244 0.1718058482431918 1
104 260 0.2454369260617026 0
31 268 5.620505606812989 1
211 272 4.000621894805752 0
164 274 3.77972866135022 0
233 280 1.1044661672776617 1
95 291 0.3190680038802134 0
212 317 1.1290098598838318 0
159 323 1.2026409377023426 1
78 332 0.14726215563702155 0
42 336 5.522330836388308 1
191 343 1.2026409377023426 0
68 345 0.07363107781851078 1
244 347 4.246058820867455 0
125 353 1.5462526341887264 1
151 360 1.4726215563702154 1
127 402 1.88986433067511 1
169 402 1.4971652489763858 0
175 431 1.4726215563702154 0
168 459 1.6444274046134073 1
160 468 2.012582793705961 0
93 473 2.3071071049800045 0
49 475 5.448699758569798 0
172 483 1.6198837120072371 1
106 491 5.2768939103266055 0
176 492 1.718058482431918 1
142 509 5.227806525114265 1
