296
560
500
46
117 107 6.209554229361076 1
103 131 2.82252464970958 1
22 140 5.71868037723767 1
92 171 6.062292073724054 1
128 204 0.3190680038802134 1
221 218 0.8344855486097889 1
27 219 2.282563412373834 0
185 220 0.8099418560036186 0
127 239 3.067961575771282 1
208 267 1.1290098598838318 0
23 278 2.1598449493429825 0
193 280 1.2762720155208536 1
116 282 2.061670178918302 1
65 288 5.375068680751287 1
112 298 2.0371264863121317 1
119 304 1.5462526341887264 0
144 311 4.221515128261284 1
219 319 1.325359400733194 1
114 323 1.7426021750380885 0
117 336 1.9634954084936207 0
161 336 1.8162332528565992 0
184 341 1.718058482431918 0
128 366 5.006913291658733 1
207 369 1.7671458676442586 0
240 375 1.3989904785517047 0
41 381 5.178719139901925 0
229 392 1.5953400194010667 0
207 417 1.9144080232812801 1
160 434 2.184388641949153 1
22 435 5.473243451175968 1
220 450 1.9144080232812801 0
54 459 5.497787143782138 0
16 460 5.792311455056181 0
86 478 5.71868037723767 0
207 480 5.203262832508095 0
157 482 5.399612373357457 1
39 498 5.964117303299373 0
60 504 6.062292073724054 1
191 516 5.767767762450011 1
142 517 5.792311455056181 0
17 523 0.04908738521234052 0
127 527 6.234097921967246 1
97 528 6.258641614573416 0
70 531 0.07363107781851078 0
172 533 6.111379458936394 0
121 543 0.22089323345553233 0
