296
560
500
61
92 48 6.062292073724054 1
128 82 0.2699806186678728 1
189 93 0.7853981633974483 1
221 93 0.7853981633974483 1
28 101 2.2089323345553233 0
128 110 3.018874190558942 0
208 142 1.0799224746714913 0
195 158 1.227184630308513 1
119 159 2.012582793705961 1
28 162 2.061670178918302 0
70 166 5.301437602932776 1
116 176 1.8653206380689396 1
123 181 1.3989904785517047 0
142 189 4.147884050442774 0
221 194 1.2762720155208536 1
115 199 1.88986433067511 1
122 215 1.8162332528565992 0
165 216 1.7426021750380885 0
262 217 1.1535535524900022 1
189 218 1.6444274046134073 0
212 244 1.6444274046134073 0
244 247 1.3499030933393643 0
135 248 4.9823695990525625 1
53 265 5.105088062083414 0
235 266 1.5707963267948966 0
215 293 1.8162332528565992 1
171 316 2.110757564130642 1
38 323 5.375068680751287 1
230 323 1.8162332528565992 0
239 339 1.4971652489763858 1
68 346 5.448699758569798 0
28 350 5.767767762450011 0
114 355 5.522330836388308 1
219 355 5.080544369477243 0
257 357 3.80427235395639 0
169 366 5.325981295538946 1
100 369 5.71868037723767 1
230 374 6.1850105367549055 1
207 386 5.767767762450011 0
55 387 5.939573610693203 0
226 391 0.02454369260617026 1
75 393 5.988660995905543 1
261 399 3.313398501832985 0
158 400 5.6941366846315 0
145 412 6.086835766330224 1
190 412 6.037748381117884 0
37 413 0.0 0
115 415 6.160466844148735 0
89 425 0.02454369260617026 1
142 428 0.22089323345553233 0
168 428 0.02454369260617026 0
209 449 0.1718058482431918 0
91 471 3.0925052683774528 1
164 473 3.2888548092268146 1
72 477 6.234097921967246 1
180 486 3.1661363461959633 0
79 489 3.215223731408304 0
79 502 0.14726215563702155 0
142 514 0.2454369260617026 0
163 514 0.07363107781851078 0
127 515 0.2454369260617026 0
