296
560
500
35
14 155 2.3316507975861747 0
140 178 0.14726215563702155 0
33 196 5.448699758569798 1
85 202 5.915029918087033 1
187 203 0.4908738521234052 0
99 223 2.3316507975861747 0
181 228 0.6872233929727672 0
119 273 1.5462526341887264 1
11 276 1.6444274046134073 0
211 281 1.1044661672776617 0
153 285 3.6079228131070282 0
123 288 1.3989904785517047 1
246 292 1.0062913968529805 0
194 293 1.227184630308513 1
81 304 4.71238898038469 1
145 306 1.2517283229146832 1
40 326 1.4726215563702154 0
178 336 4.368777283898306 1
245 379 1.5953400194010667 1
114 397 4.540583132141498 0
270 420 4.859651136021712 1
212 441 5.105088062083414 1
68 448 4.638757902566179 1
127 457 4.933282213840222 1
168 458 4.933282213840222 0
209 459 5.129631754689584 1
85 463 4.884194828627882 0
136 480 5.252350217720435 0
244 494 5.595961914206819 0
199 495 5.448699758569798 1
179 500 5.375068680751287 0
106 507 5.399612373357457 0
225 512 5.71868037723767 0
118 528 5.64504929941916 0
175 534 5.743224069843841 0
