296
560
500
91
237 27 5.105088062083414 1
147 47 5.178719139901925 0
82 66 5.178719139901925 1
89 88 5.399612373357457 0
271 100 2.184388641949153 1
130 106 5.399612373357457 1
73 120 5.816855147662351 1
159 124 5.473243451175968 1
118 127 5.841398840268521 1
82 137 6.013204688511713 0
207 139 5.595961914206819 1
267 150 5.375068680751287 1
193 153 5.743224069843841 1
82 160 0.0 0
145 171 5.939573610693203 0
167 177 6.013204688511713 1
249 181 5.767767762450011 1
202 194 6.209554229361076 1
236 198 6.135923151542564 1
124 201 0.07363107781851078 1
176 210 0.04908738521234052 1
233 215 0.1718058482431918 0
258 219 0.07363107781851078 1
78 242 0.44178646691106466 0
278 245 0.19634954084936207 0
135 248 3.2643111166206444 1
60 254 0.2699806186678728 0
224 258 3.067961575771282 0
186 260 3.2397674240144743 1
245 264 3.043417883165112 0
265 268 1.1780972450961724 0
221 276 6.086835766330224 0
87 277 0.2454369260617026 1
192 280 6.111379458936394 1
135 281 0.14726215563702155 1
190 291 0.2945243112740431 0
214 291 0.2945243112740431 0
260 301 3.5588354278946874 1
266 312 4.417864669110647 1
261 322 3.7551849687440497 0
141 338 0.44178646691106466 0
265 338 3.6815538909255388 1
56 339 0.4663301595172349 1
210 351 0.5890486225480862 0
126 354 0.5890486225480862 1
267 362 4.221515128261284 1
140 368 0.760854470791278 1
275 373 4.638757902566179 0
265 379 3.9515345095934116 0
41 383 0.662679700366597 1
154 383 3.877903431774901 0
89 384 0.4172427743048944 1
173 384 0.859029241215959 0
196 385 0.6872233929727672 0
113 389 3.5342917352885173 1
138 401 0.8835729338221293 0
154 406 1.2517283229146832 1
193 407 0.8835729338221293 1
231 409 3.8288160465625602 1
256 416 1.1290098598838318 1
121 419 3.706097583531709 0
154 419 4.344233591292136 1
61 424 0.9572040116406401 1
50 425 1.2762720155208536 0
188 425 1.2762720155208536 1
80 428 0.859029241215959 0
106 428 1.030835089459151 0
220 432 0.9081166264282996 1
181 433 4.270602513473625 0
237 438 1.1044661672776617 0
140 443 1.4971652489763858 1
180 444 4.442408361716817 0
45 449 1.5462526341887264 1
132 452 4.172427743048944 0
155 453 1.2026409377023426 0
123 455 1.5707963267948966 1
65 458 0.9326603190344698 0
115 458 4.172427743048944 0
58 467 1.2517283229146832 1
155 467 1.3008157081270237 0
95 476 4.147884050442774 1
61 487 0.8835729338221293 0
102 493 4.319689898685965 0
170 506 1.2517283229146832 0
78 508 4.049709280018092 0
157 508 1.5462526341887264 0
110 509 4.319689898685965 1
118 513 4.73693267299086 0
203 534 4.196971435655114 0
173 537 1.3499030933393643 0
195 539 0.9572040116406401 1
