296
560
500
54
217 12 3.043417883165112 0
272 26 3.902447124381071 1
107 53 2.2089323345553233 0
154 63 5.448699758569798 1
201 65 2.1353012567368124 1
279 68 1.3008157081270237 0
196 82 2.1353012567368124 1
204 86 1.5953400194010667 0
223 91 4.221515128261284 0
199 103 1.8653206380689396 0
200 117 2.086213871524472 0
247 119 1.9144080232812801 0
271 126 1.7426021750380885 0
208 136 4.9823695990525625 0
120 154 5.252350217720435 0
51 169 5.2768939103266055 1
54 193 5.473243451175968 0
97 208 5.522330836388308 1
237 222 2.3071071049800045 1
36 223 5.816855147662351 1
86 233 5.890486225480862 0
125 235 5.5714182216006485 0
44 239 5.988660995905543 0
169 250 5.767767762450011 1
36 262 6.234097921967246 0
154 262 5.8659425328746915 1
230 271 5.497787143782138 1
104 273 6.209554229361076 0
124 277 6.111379458936394 0
268 298 6.1850105367549055 0
83 302 0.1227184630308513 1
212 304 5.890486225480862 0
164 309 0.07363107781851078 0
195 312 0.02454369260617026 1
134 316 0.1718058482431918 1
246 321 6.1850105367549055 0
190 328 0.39269908169872414 0
218 333 0.22089323345553233 0
91 351 0.5645049299419159 1
141 358 3.2643111166206444 0
101 367 3.8288160465625602 1
50 381 0.3436116964863836 1
179 395 3.6324665057131984 1
151 403 0.5154175447295755 0
172 407 0.39269908169872414 0
87 443 0.5399612373357456 0
156 464 0.5399612373357456 0
68 465 0.5399612373357456 0
32 487 0.44178646691106466 1
48 489 3.6079228131070282 1
119 491 0.9081166264282996 1
139 496 0.7117670855789375 0
50 505 1.1535535524900022 1
135 521 0.8344855486097889 1
