296
560
500
39
196 65 2.6998061866787286 1
123 79 5.6941366846315 0
184 112 5.939573610693203 1
224 144 0.14726215563702155 1
279 153 0.6872233929727672 1
124 161 2.2580197197676637 0
227 174 2.9943304979527716 0
120 222 2.110757564130642 0
164 232 5.350524988145116 1
214 236 1.9634954084936207 1
238 251 4.147884050442774 0
210 261 1.9634954084936207 1
216 269 1.7916895602504288 0
263 271 1.7916895602504288 0
288 271 1.6444274046134073 0
230 304 4.9823695990525625 1
141 323 5.154175447295755 0
74 336 5.252350217720435 1
81 358 5.473243451175968 0
266 368 2.1598449493429825 1
123 379 5.448699758569798 1
66 386 5.915029918087033 1
153 397 5.497787143782138 1
117 401 5.8659425328746915 0
76 402 6.135923151542564 0
204 409 5.5714182216006485 1
264 416 5.375068680751287 1
187 419 5.6941366846315 0
71 429 0.07363107781851078 1
142 434 6.013204688511713 1
163 445 6.013204688511713 1
249 451 5.792311455056181 0
201 460 6.160466844148735 1
235 462 6.135923151542564 1
121 466 0.04908738521234052 1
177 475 0.02454369260617026 1
231 478 0.19634954084936207 0
85 518 3.4606606574700063 0
116 534 0.1227184630308513 0
