296
560
500
30
221 131 2.8716120349219203 0
147 139 5.841398840268521 0
202 179 6.062292073724054 1
241 215 0.39269908169872414 1
137 218 2.429825568010856 0
237 245 3.1906800388021335 0
125 275 2.2580197197676637 0
170 291 5.473243451175968 1
239 321 4.123340357836604 0
220 333 2.012582793705961 1
260 345 1.9389517158874505 0
283 350 1.8407769454627694 0
221 366 5.080544369477243 0
133 377 5.301437602932776 0
63 385 5.350524988145116 1
69 406 5.546874528994478 0
110 427 5.5714182216006485 1
247 443 2.3316507975861747 1
136 450 5.620505606812989 1
101 451 5.939573610693203 0
185 470 5.71868037723767 1
167 478 5.816855147662351 0
238 483 5.473243451175968 0
119 492 6.111379458936394 0
140 500 6.160466844148735 1
94 512 0.22089323345553233 0
220 521 5.890486225480862 0
174 528 0.0 0
150 534 0.19634954084936207 1
209 534 0.04908738521234052 0
