296
560
500
65
100 41 2.061670178918302 0
195 41 2.1598449493429825 1
146 45 5.325981295538946 1
197 61 2.0371264863121317 0
203 78 1.8407769454627694 1
246 88 1.7916895602504288 0
201 93 1.9634954084936207 0
270 93 1.6689710972195777 0
209 117 4.933282213840222 0
124 140 5.154175447295755 0
61 162 5.154175447295755 1
69 184 5.325981295538946 0
248 193 2.1598449493429825 1
109 198 5.375068680751287 1
52 218 5.71868037723767 1
142 219 5.448699758569798 0
102 224 5.743224069843841 0
188 229 5.595961914206819 1
62 233 5.915029918087033 0
172 239 5.71868037723767 0
246 242 5.399612373357457 1
62 256 6.160466844148735 0
128 262 5.915029918087033 0
148 267 6.037748381117884 1
230 272 5.792311455056181 1
109 287 0.04908738521234052 0
220 288 6.135923151542564 1
187 291 6.1850105367549055 0
161 300 0.04908738521234052 1
216 305 0.19634954084936207 0
243 310 6.135923151542564 1
23 332 6.160466844148735 0
51 336 0.1227184630308513 0
121 339 3.1906800388021335 1
205 341 3.1661363461959633 1
31 347 0.7853981633974483 0
90 353 3.2888548092268146 0
27 367 1.227184630308513 1
121 372 0.1227184630308513 1
38 377 0.3190680038802134 0
157 377 0.1718058482431918 0
75 380 0.09817477042468103 0
191 389 0.44178646691106466 0
34 393 0.4663301595172349 0
27 397 1.0799224746714913 1
133 435 0.4172427743048944 1
114 443 0.5154175447295755 1
132 458 0.9572040116406401 1
85 469 0.4908738521234052 1
189 469 0.760854470791278 1
49 471 0.5890486225480862 0
136 471 4.025165587411922 1
168 471 0.8344855486097889 1
103 479 3.6324665057131984 1
45 481 0.9326603190344698 1
133 487 1.3499030933393643 1
54 498 0.7853981633974483 0
187 500 0.7117670855789375 1
64 509 0.6872233929727672 1
41 511 4.417864669110647 1
133 511 4.368777283898306 1
154 516 1.1535535524900022 0
127 523 4.123340357836604 0
57 529 4.221515128261284 1
68 530 0.859029241215959 0
