296
560
500
51
217 64 0.4663301595172349 0
144 73 6.160466844148735 0
215 82 3.485204350076177 0
76 83 5.6941366846315 1
140 103 2.724349879284899 0
59 104 2.282563412373834 0
81 105 2.356194490192345 0
110 106 5.8659425328746915 1
228 106 3.6079228131070282 0
113 119 5.816855147662351 1
158 121 0.02454369260617026 0
112 127 2.356194490192345 0
57 128 5.522330836388308 0
275 150 0.9817477042468103 0
214 164 0.9081166264282996 0
162 167 0.2945243112740431 0
263 191 4.0987966652304335 0
98 202 5.448699758569798 1
50 206 5.2768939103266055 0
252 218 1.2762720155208536 0
220 232 1.423534171157875 1
132 234 5.8659425328746915 1
149 257 1.7426021750380885 1
137 262 2.2334760271614935 0
142 272 1.9389517158874505 1
138 287 2.0371264863121317 0
229 310 1.6198837120072371 1
164 312 4.859651136021712 0
129 318 1.9634954084936207 0
81 321 2.086213871524472 1
56 333 2.0371264863121317 0
112 333 2.086213871524472 1
174 343 1.88986433067511 1
50 348 5.178719139901925 1
244 358 1.6198837120072371 0
145 359 2.061670178918302 1
193 374 1.9144080232812801 0
200 388 1.9880391010997909 0
211 390 1.8407769454627694 0
183 400 5.056000676871073 0
185 414 5.129631754689584 1
94 416 5.325981295538946 0
50 419 5.399612373357457 0
217 434 5.252350217720435 1
59 442 5.522330836388308 0
201 454 5.350524988145116 0
171 469 5.448699758569798 1
116 476 5.473243451175968 1
58 484 5.767767762450011 0
122 488 5.620505606812989 1
157 497 5.6941366846315 1
