296
560
500
36
99 108 5.473243451175968 0
198 111 5.964117303299373 0
131 129 5.5714182216006485 1
209 142 2.724349879284899 0
145 147 2.3071071049800045 0
174 148 5.816855147662351 1
121 150 2.2580197197676637 0
179 161 5.792311455056181 1
225 164 6.1850105367549055 0
179 168 2.405281875404685 0
122 172 5.448699758569798 0
88 191 5.350524988145116 0
279 204 0.760854470791278 0
95 207 2.1598449493429825 0
225 209 0.3436116964863836 0
159 242 5.448699758569798 1
115 245 5.2768939103266055 0
65 248 5.350524988145116 0
31 265 2.2089323345553233 0
286 274 1.423534171157875 1
190 276 5.8659425328746915 1
72 288 2.3071071049800045 0
187 301 5.792311455056181 1
204 331 1.8653206380689396 1
167 343 1.9389517158874505 0
230 356 4.73693267299086 0
162 360 5.080544369477243 1
43 363 5.473243451175968 0
195 363 1.9389517158874505 0
148 365 2.2089323345553233 1
178 380 2.1353012567368124 1
239 392 1.9634954084936207 1
204 404 2.086213871524472 0
105 460 5.522330836388308 0
152 460 5.448699758569798 0
113 485 5.620505606812989 0
