296
560
500
42
197 111 3.141592653589793 0
257 126 0.6381360077604268 0
214 131 0.39269908169872414 1
208 142 0.39269908169872414 1
203 151 3.215223731408304 0
238 152 3.485204350076177 0
105 170 5.890486225480862 0
240 176 0.8344855486097889 0
139 198 5.964117303299373 1
214 207 1.1044661672776617 0
147 243 0.02454369260617026 1
252 243 1.6198837120072371 0
169 249 1.521708941582556 1
133 263 6.209554229361076 1
160 263 3.215223731408304 1
36 292 2.6261751088602177 0
60 298 2.6016314162540475 1
127 298 2.380738182798515 1
270 298 4.859651136021712 0
216 299 2.061670178918302 1
22 303 5.71868037723767 1
249 309 1.9634954084936207 0
102 323 2.454369260617026 0
75 330 2.5770877236478773 1
133 337 5.252350217720435 0
184 369 2.184388641949153 1
88 372 2.5770877236478773 1
122 373 2.405281875404685 1
245 383 1.9389517158874505 0
19 393 5.890486225480862 0
115 410 2.380738182798515 1
169 420 2.1598449493429825 0
113 425 2.356194490192345 1
102 426 5.448699758569798 0
120 433 2.454369260617026 1
101 440 5.424156065963627 0
143 464 1.8653206380689396 1
48 481 6.086835766330224 1
79 481 5.841398840268521 1
115 481 2.773437264497239 0
22 497 0.0 1
71 509 0.36815538909255385 0
