296
560
500
51
82 18 5.056000676871073 1
216 21 1.5462526341887264 1
117 23 1.8162332528565992 0
68 24 1.9634954084936207 1
44 36 1.9144080232812801 0
100 41 1.9144080232812801 1
40 52 5.031456984264903 1
165 55 1.7426021750380885 1
234 70 1.4971652489763858 0
137 74 1.9389517158874505 1
186 87 1.8407769454627694 0
195 101 1.8653206380689396 0
205 101 1.7426021750380885 0
179 111 4.9823695990525625 0
244 119 1.0799224746714913 0
186 128 5.006913291658733 0
94 130 5.252350217720435 0
48 132 5.325981295538946 0
219 139 1.9634954084936207 1
227 149 1.7916895602504288 0
215 151 4.933282213840222 1
59 157 5.522330836388308 0
223 167 5.767767762450011 1
201 171 5.301437602932776 0
239 180 2.945243112740431 0
171 185 5.399612373357457 1
117 194 5.424156065963627 1
201 195 5.939573610693203 1
60 202 5.743224069843841 0
124 206 5.5714182216006485 1
158 216 5.66959299202533 1
31 223 5.816855147662351 0
78 230 5.964117303299373 1
160 232 5.890486225480862 1
125 253 2.84706834231575 0
111 258 5.915029918087033 0
68 265 6.086835766330224 1
137 268 5.964117303299373 0
205 286 6.1850105367549055 0
224 299 0.19634954084936207 0
43 318 0.07363107781851078 0
164 319 6.135923151542564 1
126 324 0.0 1
51 335 0.662679700366597 0
103 337 3.141592653589793 1
253 342 4.71238898038469 1
139 345 3.1661363461959633 0
248 357 4.466952054322987 0
63 383 0.1227184630308513 0
59 391 0.36815538909255385 1
252 403 1.5953400194010667 1
