296
560
500
33
76 242 5.473243451175968 0
168 243 6.013204688511713 0
202 254 2.945243112740431 0
241 270 0.4172427743048944 0
82 278 5.5714182216006485 0
176 289 6.111379458936394 0
248 293 3.411573272257666 0
109 301 5.66959299202533 1
182 317 2.7979809571034093 0
266 319 3.5342917352885173 0
117 320 2.3316507975861747 0
148 320 5.890486225480862 1
94 323 2.282563412373834 0
153 332 5.915029918087033 1
155 338 2.5034566458293663 0
198 338 0.07363107781851078 0
96 341 5.497787143782138 0
62 359 5.424156065963627 0
247 383 0.9081166264282996 0
62 384 2.2089323345553233 0
196 384 0.39269908169872414 0
86 409 5.325981295538946 0
129 413 5.522330836388308 1
37 417 5.325981295538946 0
159 450 5.8659425328746915 1
251 450 1.3989904785517047 1
37 454 2.3071071049800045 1
178 456 0.9572040116406401 1
160 469 6.111379458936394 1
198 519 4.71238898038469 0
163 533 1.88986433067511 0
115 534 2.1353012567368124 1
89 547 2.1353012567368124 0
