296
560
500
51
175 141 6.135923151542564 0
101 155 5.64504929941916 1
177 169 2.7979809571034093 0
143 172 5.915029918087033 1
109 175 2.3071071049800045 0
262 176 3.6324665057131984 0
85 178 2.282563412373834 0
147 184 5.890486225480862 1
192 188 0.09817477042468103 0
146 190 2.405281875404685 0
87 199 5.448699758569798 0
193 234 0.4908738521234052 1
244 235 1.030835089459151 0
55 240 2.1598449493429825 0
200 246 3.2397674240144743 0
126 265 5.424156065963627 1
81 271 5.252350217720435 0
183 291 0.9572040116406401 1
278 296 1.325359400733194 0
160 297 5.816855147662351 1
246 302 1.4480778637640452 1
182 309 1.5953400194010667 1
176 324 1.5462526341887264 1
41 327 2.184388641949153 1
165 327 2.110757564130642 0
172 340 1.7916895602504288 1
174 354 1.8653206380689396 1
137 366 1.9634954084936207 0
198 376 4.76147636559703 0
131 383 5.080544369477243 1
256 384 1.5707963267948966 1
164 388 1.88986433067511 0
115 392 2.0371264863121317 1
147 405 2.012582793705961 1
91 406 2.012582793705961 0
207 421 1.8162332528565992 1
85 422 5.129631754689584 1
181 433 2.012582793705961 1
273 433 1.4971652489763858 0
226 451 1.8407769454627694 0
234 467 1.9389517158874505 0
244 467 1.7671458676442586 0
218 477 5.006913291658733 0
132 494 5.2768939103266055 0
220 494 5.080544369477243 1
88 498 5.325981295538946 0
265 511 1.9389517158874505 0
98 523 5.448699758569798 0
267 528 5.595961914206819 0
239 532 5.325981295538946 0
209 550 5.399612373357457 1
