296
560
500
52
156 63 0.7363107781851077 0
152 83 3.6324665057131984 0
75 95 2.9697868053466014 0
215 104 1.1044661672776617 0
158 109 3.7551849687440497 0
222 115 4.147884050442774 0
237 115 1.1535535524900022 0
82 118 0.1227184630308513 0
212 148 4.221515128261284 1
192 157 1.1290098598838318 0
124 169 0.9817477042468103 1
74 170 0.44178646691106466 1
263 179 4.319689898685965 0
175 197 4.196971435655114 0
252 197 1.1780972450961724 0
161 222 1.3499030933393643 0
39 234 5.816855147662351 1
128 235 1.4480778637640452 1
259 248 1.0062913968529805 1
228 256 4.417864669110647 0
35 260 5.743224069843841 1
281 269 4.123340357836604 1
196 284 1.2762720155208536 0
52 294 1.7671458676442586 1
17 305 1.8407769454627694 0
79 311 4.6878452877785195 0
139 312 1.4480778637640452 1
13 323 4.9823695990525625 1
45 326 1.6689710972195777 0
31 348 1.8162332528565992 1
222 351 1.055378782065321 0
94 358 1.5953400194010667 1
160 359 1.325359400733194 0
70 373 1.8162332528565992 1
119 385 1.6444274046134073 0
130 394 1.718058482431918 0
135 399 1.5462526341887264 1
117 408 4.7860200582032 0
180 414 0.9326603190344698 0
227 415 4.0987966652304335 0
218 420 0.6135923151542565 1
121 425 4.908738521234052 1
164 435 1.423534171157875 0
34 438 5.105088062083414 0
201 445 3.9760782021995817 1
218 446 3.9269908169872414 0
169 456 3.4606606574700063 1
146 464 5.080544369477243 0
184 471 2.84706834231575 0
121 482 5.227806525114265 1
151 487 5.8659425328746915 1
117 513 5.473243451175968 1
