296
560
500
39
200 37 5.841398840268521 1
95 50 5.301437602932776 0
210 62 2.5034566458293663 0
130 64 5.399612373357457 1
177 72 5.66959299202533 1
233 79 6.062292073724054 0
185 84 5.620505606812989 1
124 86 2.061670178918302 0
190 91 2.184388641949153 0
246 126 0.19634954084936207 0
98 136 5.154175447295755 0
111 147 1.9634954084936207 0
190 169 5.2768939103266055 1
141 179 5.154175447295755 0
89 195 5.129631754689584 0
227 197 5.816855147662351 1
60 202 1.9880391010997909 1
227 219 5.915029918087033 1
237 225 2.184388641949153 0
102 235 2.110757564130642 0
48 236 5.154175447295755 0
240 238 1.7671458676442586 1
287 238 1.6198837120072371 0
242 252 1.8653206380689396 1
205 267 1.9634954084936207 0
265 272 4.73693267299086 0
199 282 5.129631754689584 1
233 285 1.9144080232812801 0
184 290 2.0371264863121317 1
160 302 1.9880391010997909 0
217 302 2.0371264863121317 1
152 323 5.154175447295755 1
246 333 2.012582793705961 1
199 392 5.301437602932776 0
155 395 5.350524988145116 0
164 419 5.497787143782138 0
89 427 6.037748381117884 0
110 427 5.915029918087033 0
160 455 5.939573610693203 0
