296
560
500
64
89 69 2.675262494072558 0
139 71 0.19634954084936207 0
225 88 0.7363107781851077 0
85 95 2.454369260617026 0
160 106 3.2888548092268146 0
101 125 5.890486225480862 1
134 126 2.6998061866787286 1
231 141 3.9269908169872414 0
78 148 2.1353012567368124 1
103 154 2.086213871524472 0
121 164 5.964117303299373 0
118 181 5.841398840268521 1
111 184 1.8162332528565992 0
43 187 1.9880391010997909 0
132 199 1.4480778637640452 1
153 215 1.1290098598838318 0
63 223 1.718058482431918 0
42 224 1.8407769454627694 0
136 238 4.3933209765044765 0
72 243 1.3744467859455345 0
130 246 0.8344855486097889 1
51 251 1.6689710972195777 1
266 255 4.246058820867455 0
152 263 4.074252972624263 1
220 264 4.221515128261284 0
56 282 1.1535535524900022 0
39 284 1.8407769454627694 0
51 305 1.4480778637640452 1
203 310 3.9760782021995817 0
139 317 3.902447124381071 0
251 318 4.074252972624263 0
104 319 3.9269908169872414 0
35 320 5.006913291658733 0
53 322 1.4726215563702154 0
88 325 3.877903431774901 0
180 325 3.8288160465625602 1
73 333 3.2643111166206444 0
210 334 3.77972866135022 0
41 343 6.135923151542564 0
161 345 3.6324665057131984 0
253 353 3.877903431774901 0
19 354 5.64504929941916 0
49 354 2.724349879284899 0
170 357 3.485204350076177 1
232 361 3.706097583531709 1
31 362 5.939573610693203 0
167 370 3.3870295796514958 1
128 381 3.2888548092268146 0
106 383 3.141592653589793 0
205 390 3.3870295796514958 0
160 436 3.117048960983623 0
82 440 2.82252464970958 1
223 449 3.141592653589793 1
115 456 2.8961557275280905 0
209 471 2.945243112740431 0
161 474 2.6261751088602177 0
121 476 2.5770877236478773 1
74 480 2.552544031041707 1
141 484 2.3071071049800045 1
151 495 2.1598449493429825 1
175 511 5.841398840268521 1
158 512 5.890486225480862 1
146 513 5.595961914206819 1
169 547 2.724349879284899 1
