296
560
500
52
58 139 2.5280003384355365 0
138 161 0.09817477042468103 0
89 163 2.5770877236478773 0
224 170 0.6135923151542565 0
88 188 2.380738182798515 0
162 195 3.2397674240144743 0
27 206 5.522330836388308 1
140 216 2.675262494072558 1
106 217 5.841398840268521 1
235 223 3.8533597391687304 0
85 240 2.086213871524472 1
110 246 2.0371264863121317 0
128 255 5.915029918087033 0
14 268 2.184388641949153 0
53 282 1.9634954084936207 0
141 289 1.423534171157875 1
163 305 1.0799224746714913 0
74 317 1.6689710972195777 0
53 319 1.7916895602504288 0
146 328 4.3933209765044765 0
278 335 4.172427743048944 0
141 336 0.7853981633974483 1
84 338 1.3008157081270237 0
63 347 1.6198837120072371 1
232 350 4.196971435655114 0
164 353 4.049709280018092 1
69 377 1.0799224746714913 0
57 381 1.7671458676442586 1
216 396 3.9515345095934116 0
267 399 3.9515345095934116 0
67 401 1.423534171157875 1
154 407 3.8288160465625602 0
120 412 3.877903431774901 0
51 415 4.9823695990525625 0
69 417 1.423534171157875 0
104 418 3.80427235395639 0
225 420 3.7551849687440497 0
90 427 3.2397674240144743 0
179 434 3.5588354278946874 0
58 439 6.062292073724054 0
251 444 3.5833791205008576 1
186 445 3.436116964863836 1
66 449 2.650718801466388 0
37 450 5.620505606812989 0
51 457 5.890486225480862 0
185 457 3.2888548092268146 1
148 471 3.215223731408304 0
126 474 3.067961575771282 0
224 475 3.313398501832985 0
136 521 2.9206994201342606 0
195 522 3.067961575771282 0
140 545 2.773437264497239 0
