296
560
500
51
123 105 3.141592653589793 1
165 131 0.5890486225480862 0
108 132 2.8961557275280905 0
248 164 4.172427743048944 1
110 167 6.234097921967246 1
176 174 3.706097583531709 0
78 178 2.552544031041707 1
142 182 3.1661363461959633 1
238 182 1.1290098598838318 0
99 195 2.454369260617026 0
115 211 0.02454369260617026 0
96 226 2.1598449493429825 0
104 227 6.135923151542564 1
225 233 4.368777283898306 0
112 236 0.760854470791278 1
42 241 2.1598449493429825 1
105 247 1.7916895602504288 0
14 260 2.012582793705961 1
38 265 1.8162332528565992 0
124 269 1.521708941582556 0
255 277 1.3989904785517047 1
98 283 4.8351074434155406 0
91 292 1.227184630308513 1
106 318 4.442408361716817 1
266 323 4.589670517353839 0
166 340 4.638757902566179 0
208 347 4.6878452877785195 0
38 348 4.295146206079795 0
17 350 4.147884050442774 1
67 361 4.270602513473625 1
132 376 4.3933209765044765 0
107 384 4.196971435655114 1
80 392 3.9760782021995817 0
130 400 4.147884050442774 0
173 400 4.466952054322987 0
82 406 3.8533597391687304 1
13 408 3.5833791205008576 0
35 414 3.6324665057131984 0
76 418 3.7551849687440497 1
139 431 4.025165587411922 1
161 432 4.246058820867455 0
100 454 3.730641276137879 1
27 466 3.5588354278946874 0
169 469 4.025165587411922 0
43 476 3.485204350076177 0
138 479 3.8533597391687304 1
173 480 1.2026409377023426 1
160 498 3.8533597391687304 0
97 512 3.5342917352885173 1
83 523 0.4908738521234052 1
75 528 1.227184630308513 0
