296
560
500
28
146 252 3.3624858870453256 0
168 316 0.4172427743048944 0
181 322 3.509748042682347 0
36 341 2.5770877236478773 1
92 342 6.258641614573416 0
183 345 0.5645049299419159 0
42 371 2.405281875404685 0
123 373 3.2397674240144743 0
98 395 2.6261751088602177 1
199 398 3.77972866135022 0
61 399 5.767767762450011 1
254 418 0.9081166264282996 1
40 425 2.061670178918302 1
68 429 1.9880391010997909 0
89 434 5.8659425328746915 0
86 455 5.64504929941916 1
86 456 5.595961914206819 1
100 458 0.19634954084936207 1
100 470 1.3499030933393643 0
129 482 1.0062913968529805 0
39 497 1.6689710972195777 1
111 505 4.344233591292136 0
249 506 4.0987966652304335 0
108 516 0.6872233929727672 1
46 521 1.2517283229146832 0
202 522 4.123340357836604 0
133 530 3.9515345095934116 1
22 531 1.6444274046134073 1
