296
560
500
47
131 195 6.258641614573416 0
217 197 0.5890486225480862 0
78 198 2.5034566458293663 1
84 226 2.3316507975861747 0
161 227 3.2397674240144743 0
138 249 2.5770877236478773 1
232 251 3.8288160465625602 0
103 253 5.743224069843841 1
84 278 2.0371264863121317 1
105 280 1.9389517158874505 1
128 290 5.841398840268521 0
138 315 0.19634954084936207 1
53 323 1.9144080232812801 0
138 326 1.3499030933393643 0
165 338 1.0062913968529805 0
82 353 1.6444274046134073 1
282 360 4.123340357836604 0
56 361 1.7671458676442586 0
149 362 4.368777283898306 0
89 377 1.2762720155208536 0
149 377 0.6872233929727672 1
236 378 4.147884050442774 0
119 382 0.859029241215959 1
68 385 1.5707963267948966 1
172 390 3.9269908169872414 1
76 416 1.0799224746714913 0
63 421 1.7426021750380885 1
274 427 3.9269908169872414 0
223 428 3.902447124381071 0
74 441 1.3744467859455345 1
162 443 3.77972866135022 0
206 448 3.730641276137879 1
127 450 3.8533597391687304 0
234 451 3.6815538909255388 0
77 456 1.3989904785517047 0
57 459 4.9823695990525625 0
113 463 3.706097583531709 1
279 463 3.7551849687440497 0
99 467 3.215223731408304 0
186 469 3.5342917352885173 0
259 474 3.5342917352885173 1
67 479 6.062292073724054 0
196 479 3.3379421944391554 1
193 492 3.215223731408304 1
159 509 3.1661363461959633 0
137 513 3.043417883165112 0
234 513 3.2397674240144743 1
