296
560
500
50
90 143 2.454369260617026 1
256 160 0.5154175447295755 0
171 163 6.234097921967246 0
119 166 2.454369260617026 1
126 194 2.3071071049800045 0
202 194 3.1906800388021335 0
274 215 3.77972866135022 0
67 216 5.424156065963627 1
179 218 2.5280003384355365 1
146 221 5.743224069843841 1
127 247 1.9880391010997909 1
149 249 1.9144080232812801 1
172 260 5.816855147662351 0
56 280 2.012582793705961 0
182 285 0.14726215563702155 1
98 291 1.88986433067511 0
183 297 1.325359400733194 0
211 307 1.030835089459151 0
127 323 1.6198837120072371 1
102 330 1.7671458676442586 0
195 331 4.344233591292136 0
178 344 4.319689898685965 1
282 344 4.0987966652304335 0
195 346 0.6872233929727672 1
135 348 1.2762720155208536 0
165 350 0.8835729338221293 1
113 354 1.521708941582556 1
218 359 3.9269908169872414 1
122 386 1.030835089459151 0
110 389 1.7426021750380885 1
269 395 3.877903431774901 0
120 409 1.3989904785517047 1
252 416 3.706097583531709 1
206 417 3.77972866135022 1
279 418 3.6570101983193686 0
174 420 3.8533597391687304 0
123 426 1.3989904785517047 0
104 427 4.957825906446392 0
159 432 3.706097583531709 1
145 436 3.1906800388021335 0
233 438 3.509748042682347 0
114 448 6.086835766330224 0
242 448 3.3379421944391554 1
240 460 3.1906800388021335 1
90 461 5.595961914206819 0
122 465 2.9697868053466014 1
205 477 3.141592653589793 0
183 482 3.043417883165112 0
239 526 2.9206994201342606 0
167 541 2.7979809571034093 1
