296
560
500
52
66 149 2.5770877236478773 1
114 154 0.04908738521234052 0
203 163 0.662679700366597 0
67 180 2.405281875404685 0
144 188 3.2643111166206444 0
117 209 2.6261751088602177 1
85 210 5.816855147662351 1
213 213 3.8288160465625602 0
63 235 2.061670178918302 1
89 241 1.9880391010997909 0
108 248 5.890486225480862 0
33 275 1.9634954084936207 0
122 287 1.325359400733194 1
145 297 1.055378782065321 0
61 308 1.6689710972195777 1
34 315 1.7916895602504288 0
129 321 4.368777283898306 0
257 322 4.147884050442774 0
67 330 1.325359400733194 0
125 331 0.7117670855789375 1
214 338 4.147884050442774 0
45 342 1.5953400194010667 1
148 345 3.9760782021995817 1
52 369 1.1044661672776617 0
40 374 1.7916895602504288 1
248 388 4.000621894805752 0
198 391 3.877903431774901 1
45 394 1.5707963267948966 0
104 406 3.8533597391687304 0
138 406 3.77972866135022 1
206 408 3.706097583531709 0
51 409 3.3870295796514958 0
36 412 5.105088062083414 1
88 412 3.80427235395639 0
73 416 3.4606606574700063 1
253 423 3.77972866135022 0
163 427 3.5342917352885173 0
42 433 6.062292073724054 0
234 434 3.5833791205008576 1
173 438 3.411573272257666 1
52 448 2.8961557275280905 1
171 450 3.2397674240144743 1
133 465 3.215223731408304 0
208 466 3.2888548092268146 0
113 468 3.067961575771282 0
144 513 3.018874190558942 0
192 515 3.0925052683774528 0
57 527 0.22089323345553233 0
65 534 0.02454369260617026 0
78 540 6.135923151542564 0
129 545 2.945243112740431 1
87 549 6.234097921967246 1
