296
560
500
46
46 201 2.5770877236478773 1
94 205 0.04908738521234052 0
183 212 0.6381360077604268 0
48 232 2.380738182798515 0
126 238 3.2643111166206444 0
101 259 2.6261751088602177 1
66 261 5.816855147662351 1
194 263 3.8288160465625602 0
252 285 0.9817477042468103 0
45 287 2.061670178918302 1
72 291 1.9880391010997909 0
90 299 5.8659425328746915 0
20 327 1.9389517158874505 1
104 327 0.4172427743048944 0
127 346 1.030835089459151 0
44 360 1.6689710972195777 1
17 367 1.8162332528565992 0
112 371 4.368777283898306 0
240 371 4.123340357836604 0
50 381 1.3008157081270237 0
108 381 0.7117670855789375 1
197 387 4.147884050442774 0
29 391 1.6198837120072371 1
131 395 3.9760782021995817 1
35 420 1.0799224746714913 0
23 425 1.7916895602504288 1
230 435 3.9760782021995817 0
184 436 3.877903431774901 0
33 445 1.3744467859455345 1
165 455 3.7551849687440497 1
122 456 3.77972866135022 1
88 457 3.8533597391687304 0
44 459 3.5342917352885173 1
192 459 3.706097583531709 0
28 461 5.5714182216006485 1
70 462 3.8288160465625602 0
57 467 3.2888548092268146 1
236 471 3.77972866135022 0
146 476 3.5342917352885173 0
24 479 6.062292073724054 1
219 483 3.5588354278946874 1
158 487 3.3624858870453256 1
156 499 3.2397674240144743 1
191 514 3.215223731408304 0
118 515 3.1906800388021335 0
97 518 3.043417883165112 0
