296
560
500
40
150 88 0.4172427743048944 0
119 101 2.9697868053466014 1
51 125 5.497787143782138 0
60 145 2.282563412373834 0
127 170 2.6998061866787286 1
73 174 2.110757564130642 0
137 201 2.6261751088602177 0
48 210 1.9389517158874505 0
140 216 2.5280003384355365 0
111 228 5.64504929941916 0
145 239 1.2517283229146832 1
130 251 1.7671458676442586 1
200 254 4.295146206079795 0
146 255 1.423534171157875 1
144 271 1.3499030933393643 1
107 282 1.5953400194010667 0
18 299 5.031456984264903 0
30 304 1.9144080232812801 0
60 304 1.718058482431918 0
39 314 1.7671458676442586 0
84 371 1.227184630308513 1
243 374 3.9760782021995817 0
30 380 1.9880391010997909 0
208 382 4.0987966652304335 1
41 387 1.3499030933393643 0
97 405 4.344233591292136 1
222 405 3.77972866135022 0
31 417 3.8533597391687304 1
51 419 4.344233591292136 0
169 424 3.9515345095934116 0
142 431 3.9269908169872414 1
69 432 4.025165587411922 0
210 440 3.6324665057131984 0
101 447 3.9269908169872414 1
21 453 2.945243112740431 0
94 454 3.6815538909255388 0
146 455 3.5342917352885173 0
234 474 3.436116964863836 0
143 480 3.3379421944391554 0
202 489 3.3379421944391554 1
