296
560
500
39
86 112 2.1598449493429825 0
142 118 2.773437264497239 0
60 144 1.9634954084936207 0
151 145 2.650718801466388 0
155 160 2.5034566458293663 0
124 173 5.595961914206819 0
155 174 1.9144080232812801 0
213 190 4.295146206079795 0
154 191 1.718058482431918 0
145 193 1.8162332528565992 1
161 200 1.423534171157875 1
159 212 1.3989904785517047 1
120 222 1.6198837120072371 0
28 229 5.056000676871073 0
40 234 1.9389517158874505 0
70 236 1.6689710972195777 0
49 245 1.7916895602504288 0
96 307 1.2026409377023426 1
38 309 1.9880391010997909 0
221 315 4.074252972624263 1
50 316 1.423534171157875 0
12 337 2.3316507975861747 1
235 337 3.730641276137879 0
108 338 4.319689898685965 1
39 345 5.841398840268521 1
59 348 4.344233591292136 0
22 354 5.841398840268521 0
181 358 3.9269908169872414 0
78 362 4.025165587411922 0
154 365 3.902447124381071 1
222 372 3.6079228131070282 0
108 377 3.9760782021995817 1
104 385 3.706097583531709 0
157 386 3.485204350076177 0
153 411 3.3870295796514958 0
211 420 3.3624858870453256 1
52 424 3.141592653589793 1
196 469 0.09817477042468103 0
76 473 3.067961575771282 0
