296
560
500
33
270 44 3.902447124381071 0
121 74 1.9880391010997909 0
187 74 2.282563412373834 1
141 97 1.7916895602504288 0
206 98 2.184388641949153 0
215 105 2.1598449493429825 1
284 128 4.000621894805752 0
193 132 5.252350217720435 0
230 133 0.9572040116406401 1
129 139 1.5953400194010667 0
236 149 1.1044661672776617 1
217 152 1.3499030933393643 1
238 162 1.030835089459151 1
205 184 1.227184630308513 0
168 223 1.3008157081270237 0
131 230 4.6878452877785195 0
137 235 1.4971652489763858 1
153 243 1.3744467859455345 0
217 279 0.859029241215959 1
95 297 4.6878452877785195 0
236 302 4.025165587411922 1
166 305 1.5462526341887264 0
180 309 0.9817477042468103 0
201 336 3.9760782021995817 0
224 336 3.8288160465625602 1
113 349 4.884194828627882 1
258 349 6.234097921967246 0
270 349 3.215223731408304 0
167 351 5.522330836388308 0
107 353 4.957825906446392 0
253 361 3.2397674240144743 0
116 380 4.589670517353839 0
110 392 5.424156065963627 1
