296
560
500
29
69 132 2.282563412373834 1
132 139 2.9943304979527716 1
133 169 2.7979809571034093 0
103 189 5.915029918087033 0
127 190 2.5280003384355365 1
128 196 1.2026409377023426 0
130 207 1.5462526341887264 0
114 217 1.9880391010997909 1
126 224 1.6444274046134073 0
182 232 4.565126824747668 0
85 239 1.8407769454627694 0
30 249 1.9144080232812801 0
41 325 1.4480778637640452 1
222 339 4.417864669110647 0
44 353 4.614214209960009 1
159 361 4.319689898685965 1
195 365 4.246058820867455 0
12 378 4.049709280018092 0
168 388 4.025165587411922 0
83 391 4.123340357836604 1
112 391 4.123340357836604 0
37 396 4.172427743048944 1
22 415 3.8533597391687304 1
83 415 3.706097583531709 0
146 417 3.9269908169872414 0
72 434 3.5342917352885173 1
159 459 3.77972866135022 0
127 464 3.6079228131070282 1
128 507 3.436116964863836 1
