296
560
500
30
272 19 1.030835089459151 0
160 25 2.5280003384355365 1
110 32 2.086213871524472 0
172 54 2.380738182798515 0
87 68 1.9144080232812801 0
176 75 2.184388641949153 1
153 83 5.5714182216006485 0
173 106 1.6935147898257479 1
236 106 4.295146206079795 1
189 107 1.325359400733194 1
189 123 1.3499030933393643 1
151 138 1.5462526341887264 0
61 156 4.9823695990525625 0
66 164 1.7916895602504288 1
102 165 1.6444274046134073 0
81 174 1.718058482431918 0
132 230 1.1780972450961724 1
256 231 4.049709280018092 1
75 239 1.88986433067511 0
86 246 1.2026409377023426 0
144 259 4.319689898685965 1
80 265 1.1290098598838318 1
219 276 3.902447124381071 0
99 277 4.270602513473625 0
191 284 3.902447124381071 1
119 290 3.9760782021995817 0
150 302 3.877903431774901 1
198 307 3.436116964863836 0
157 312 3.509748042682347 0
194 332 3.2643111166206444 0
