296
560
500
42
205 60 1.325359400733194 0
128 78 2.1598449493429825 0
137 80 5.743224069843841 1
109 90 5.595961914206819 1
124 92 2.1353012567368124 0
217 96 1.2762720155208536 0
226 113 4.3933209765044765 1
229 140 1.1780972450961724 0
174 164 4.417864669110647 1
166 169 1.2762720155208536 0
242 171 4.319689898685965 0
145 180 1.6689710972195777 0
135 183 2.454369260617026 1
213 184 1.3744467859455345 1
124 195 5.350524988145116 1
143 211 3.1906800388021335 0
160 213 4.295146206079795 1
201 216 4.417864669110647 0
80 221 5.522330836388308 0
178 222 4.270602513473625 0
229 253 4.0987966652304335 0
126 296 2.6016314162540475 1
72 307 2.0371264863121317 0
134 327 2.478912953223196 0
28 340 5.056000676871073 1
134 342 2.3316507975861747 0
49 346 1.88986433067511 0
112 355 5.546874528994478 0
142 357 1.9634954084936207 0
140 368 1.4726215563702154 0
199 376 4.270602513473625 1
131 379 1.6198837120072371 1
145 383 1.3008157081270237 0
112 408 1.4971652489763858 0
65 435 1.6198837120072371 0
45 451 1.6935147898257479 0
225 497 4.000621894805752 0
97 498 1.1290098598838318 1
111 528 4.246058820867455 1
227 531 0.19634954084936207 0
186 544 3.8288160465625602 0
158 551 3.8533597391687304 1
