296
560
500
25
130 281 2.478912953223196 0
75 285 2.012582793705961 0
46 291 2.1353012567368124 0
144 307 2.356194490192345 0
54 321 1.8407769454627694 0
153 324 2.356194490192345 0
123 342 5.399612373357457 0
220 342 4.049709280018092 1
168 379 1.1044661672776617 1
128 394 1.3989904785517047 0
34 410 4.933282213840222 0
77 417 1.4971652489763858 0
46 418 1.7671458676442586 0
56 428 1.5953400194010667 0
254 465 3.877903431774901 1
119 482 1.0062913968529805 1
58 491 1.6444274046134073 0
70 497 1.1044661672776617 0
134 506 4.147884050442774 1
221 516 3.6079228131070282 0
86 526 4.147884050442774 0
189 527 3.6815538909255388 1
109 537 3.8288160465625602 0
141 545 3.7551849687440497 1
196 546 3.2888548092268146 0
