296
560
500
26
105 153 2.8716120349219203 0
115 233 2.675262494072558 0
58 236 2.110757564130642 0
124 260 2.552544031041707 0
131 268 2.478912953223196 1
32 276 1.8653206380689396 0
99 290 5.497787143782138 0
136 298 1.1044661672776617 1
124 302 1.7671458676442586 1
196 303 4.147884050442774 1
139 315 1.3008157081270237 1
138 330 1.1780972450961724 1
100 344 1.4480778637640452 0
51 367 1.5462526341887264 0
31 380 1.6198837120072371 0
221 428 3.9760782021995817 1
87 432 1.055378782065321 1
103 461 4.196971435655114 1
185 475 3.730641276137879 0
155 484 3.77972866135022 1
79 492 4.000621894805752 0
110 502 3.8288160465625602 1
163 506 3.3870295796514958 0
88 510 3.5342917352885173 0
112 511 3.411573272257666 0
157 525 3.215223731408304 1
