296
560
500
50
173 62 3.1661363461959633 1
135 66 6.209554229361076 0
136 79 2.748893571891069 0
228 95 0.6135923151542565 0
244 104 3.730641276137879 1
88 111 5.66959299202533 1
110 117 2.356194490192345 0
65 128 2.1353012567368124 0
124 129 5.964117303299373 1
129 135 2.356194490192345 0
50 150 5.301437602932776 0
230 150 3.877903431774901 1
152 154 0.14726215563702155 0
227 158 1.030835089459151 0
191 161 3.509748042682347 1
245 196 4.172427743048944 1
64 230 5.105088062083414 1
156 231 0.22089323345553233 1
77 237 1.8407769454627694 1
172 251 2.6016314162540475 1
154 257 6.1850105367549055 1
167 264 1.6444274046134073 1
120 266 1.6689710972195777 1
131 273 1.5707963267948966 1
41 304 4.9823695990525625 1
152 304 1.325359400733194 1
103 308 1.5707963267948966 1
59 309 1.8162332528565992 0
143 312 1.4480778637640452 1
128 324 4.6878452877785195 0
72 333 1.5953400194010667 1
250 346 4.270602513473625 1
245 371 4.123340357836604 0
61 372 1.7426021750380885 0
126 374 1.1780972450961724 0
76 377 1.423534171157875 1
174 380 4.295146206079795 0
60 408 1.2762720155208536 0
142 418 4.270602513473625 1
252 419 4.000621894805752 0
237 432 3.877903431774901 1
87 434 4.319689898685965 0
165 443 3.9760782021995817 0
216 457 3.7551849687440497 0
140 462 3.877903431774901 1
197 484 3.5342917352885173 1
243 494 3.5342917352885173 1
99 498 3.5833791205008576 0
144 515 3.6324665057131984 0
226 533 3.313398501832985 1
