296
560
500
43
171 56 0.7853981633974483 1
94 84 3.215223731408304 1
53 93 6.1850105367549055 1
214 95 0.8344855486097889 1
56 101 2.724349879284899 0
192 109 3.9269908169872414 0
147 113 0.5890486225480862 0
240 120 3.9760782021995817 0
163 122 3.706097583531709 1
31 144 2.356194490192345 0
46 155 5.890486225480862 1
50 161 2.282563412373834 0
154 168 3.8288160465625602 1
235 171 0.9081166264282996 0
151 175 0.9081166264282996 0
78 179 0.04908738521234052 0
115 181 3.436116964863836 1
173 211 4.0987966652304335 1
220 213 0.9817477042468103 1
237 238 4.123340357836604 1
85 254 0.04908738521234052 1
101 276 1.3008157081270237 0
100 287 1.3989904785517047 1
55 291 1.521708941582556 1
72 299 1.4480778637640452 0
42 321 1.4971652489763858 1
98 329 1.1290098598838318 0
85 336 1.3008157081270237 1
75 349 4.565126824747668 1
197 358 4.147884050442774 1
197 384 3.9760782021995817 0
75 396 1.055378782065321 0
131 397 4.0987966652304335 1
282 398 0.760854470791278 1
209 430 3.902447124381071 0
98 440 4.147884050442774 1
196 445 3.77972866135022 1
242 461 3.706097583531709 0
124 463 3.877903431774901 0
176 471 3.6570101983193686 0
207 505 3.436116964863836 1
164 506 3.411573272257666 0
249 518 3.2643111166206444 1
