296
560
500
43
187 110 3.6815538909255388 1
183 128 0.7363107781851077 0
81 132 2.9943304979527716 1
107 152 3.1661363461959633 1
228 159 0.8344855486097889 1
68 162 6.160466844148735 1
70 170 2.6998061866787286 0
210 172 3.9269908169872414 1
161 179 0.5890486225480862 0
254 183 3.9269908169872414 0
181 190 3.706097583531709 1
23 204 5.64504929941916 1
47 212 2.3316507975861747 0
58 219 5.890486225480862 0
68 229 2.3071071049800045 0
170 235 3.80427235395639 1
251 235 0.9081166264282996 0
167 242 0.9081166264282996 0
94 247 0.04908738521234052 0
132 250 3.436116964863836 1
10 266 2.3071071049800045 0
236 277 0.9817477042468103 1
190 278 4.074252972624263 1
253 302 4.123340357836604 1
102 322 0.02454369260617026 1
121 338 2.380738182798515 1
103 350 5.743224069843841 1
117 353 1.4726215563702154 1
69 360 1.5462526341887264 1
86 366 1.4726215563702154 0
54 392 1.4971652489763858 1
113 397 1.1780972450961724 0
97 399 1.325359400733194 1
87 414 4.614214209960009 1
210 423 4.172427743048944 1
210 450 4.000621894805752 0
85 459 1.0799224746714913 0
142 461 4.123340357836604 1
220 494 3.902447124381071 0
210 504 3.7551849687440497 0
108 505 4.147884050442774 1
135 527 3.80427235395639 0
188 535 3.6324665057131984 0
