296
560
500
36
217 53 3.436116964863836 1
235 83 3.6079228131070282 1
137 87 6.135923151542564 1
106 90 2.675262494072558 0
82 99 5.816855147662351 1
154 109 2.8961557275280905 1
158 121 0.14726215563702155 1
161 131 2.9697868053466014 0
268 135 1.0799224746714913 0
281 154 4.221515128261284 1
173 156 0.7363107781851077 0
59 176 5.620505606812989 1
206 183 3.9269908169872414 1
61 189 2.3316507975861747 1
246 189 4.344233591292136 1
237 193 1.3499030933393643 0
137 226 0.6872233929727672 1
87 233 2.2089323345553233 1
239 237 4.614214209960009 1
93 248 2.1598449493429825 1
118 251 6.209554229361076 1
50 254 2.1353012567368124 0
10 271 2.0371264863121317 1
68 285 5.2768939103266055 1
83 287 1.9634954084936207 1
96 288 1.8407769454627694 1
39 333 1.6935147898257479 0
86 356 4.71238898038469 1
169 366 4.859651136021712 1
32 378 4.71238898038469 1
153 386 4.589670517353839 0
51 413 4.295146206079795 1
134 433 4.540583132141498 0
117 440 4.344233591292136 1
85 450 4.172427743048944 0
121 452 4.638757902566179 1
