296
560
500
56
144 74 2.9697868053466014 1
176 96 3.2397674240144743 1
28 99 5.375068680751287 0
276 112 3.902447124381071 1
226 125 0.6381360077604268 0
245 137 3.730641276137879 1
87 142 5.71868037723767 1
112 157 2.454369260617026 1
60 160 2.184388641949153 0
121 160 6.037748381117884 0
127 168 2.429825568010856 1
49 174 5.399612373357457 0
230 186 3.8288160465625602 1
151 196 0.22089323345553233 0
223 200 0.859029241215959 1
192 205 3.5588354278946874 1
248 231 4.049709280018092 1
56 258 5.203262832508095 1
63 263 1.88986433067511 0
147 276 0.09817477042468103 1
164 288 2.675262494072558 0
108 303 1.718058482431918 1
143 303 5.841398840268521 1
119 313 1.6198837120072371 1
29 324 5.031456984264903 1
91 324 1.6689710972195777 1
41 334 1.8407769454627694 1
121 349 1.423534171157875 1
141 349 1.2762720155208536 1
114 355 4.76147636559703 0
63 357 1.6198837120072371 0
248 378 4.270602513473625 1
45 401 1.6935147898257479 0
62 402 1.4480778637640452 1
241 408 4.025165587411922 1
167 409 4.196971435655114 1
118 411 1.1044661672776617 1
46 438 1.2026409377023426 0
29 439 1.8162332528565992 1
248 445 3.877903431774901 0
130 446 4.196971435655114 1
230 458 3.80427235395639 1
73 460 4.295146206079795 0
35 462 1.521708941582556 0
159 465 3.877903431774901 1
207 481 3.6815538909255388 0
128 488 3.877903431774901 1
37 489 1.5462526341887264 1
73 507 3.8533597391687304 1
189 509 3.485204350076177 1
239 518 3.509748042682347 1
169 519 0.3190680038802134 1
43 522 3.2397674240144743 1
180 539 3.5588354278946874 0
67 550 3.3870295796514958 1
140 550 3.5833791205008576 1
