296
560
500
59
160 60 2.8716120349219203 1
192 79 3.141592653589793 1
44 89 5.301437602932776 1
248 105 0.5645049299419159 0
268 116 3.6815538909255388 1
111 132 5.66959299202533 1
135 145 2.356194490192345 1
87 149 2.2089323345553233 0
147 152 5.964117303299373 1
152 158 2.356194490192345 0
255 166 3.77972866135022 1
68 168 5.399612373357457 1
178 178 0.14726215563702155 0
249 180 0.8344855486097889 1
218 185 3.5342917352885173 1
25 202 1.9880391010997909 0
276 210 3.9760782021995817 1
88 247 5.105088062083414 1
178 256 0.04908738521234052 1
99 257 1.88986433067511 1
196 274 2.5770877236478773 1
178 281 5.915029918087033 1
37 282 1.9389517158874505 1
142 286 1.6935147898257479 1
191 290 1.5953400194010667 1
153 295 1.5953400194010667 1
119 321 1.5707963267948966 0
145 330 4.73693267299086 1
162 341 1.423534171157875 0
92 351 1.5953400194010667 1
12 360 2.061670178918302 1
281 362 4.270602513473625 1
80 390 1.718058482431918 0
275 392 4.049709280018092 1
97 393 1.423534171157875 1
148 393 1.1290098598838318 0
38 421 2.1353012567368124 1
64 423 1.88986433067511 1
81 425 1.227184630308513 0
281 430 3.9515345095934116 0
166 435 4.196971435655114 1
68 447 1.5707963267948966 0
269 448 3.8533597391687304 1
109 450 4.295146206079795 0
196 454 3.877903431774901 1
282 455 3.9269908169872414 1
69 465 1.5707963267948966 1
244 470 3.730641276137879 0
164 476 3.8288160465625602 1
38 493 5.5714182216006485 0
99 494 3.8288160465625602 0
225 498 3.509748042682347 1
55 501 0.1227184630308513 0
76 507 3.313398501832985 1
201 508 0.3436116964863836 1
269 508 3.5588354278946874 1
209 527 3.5833791205008576 0
99 537 3.411573272257666 1
169 537 3.6079228131070282 1
