296
560
500
26
90 109 5.66959299202533 1
113 115 2.380738182798515 0
125 122 5.939573610693203 0
128 128 2.3316507975861747 1
157 150 0.2454369260617026 0
194 158 3.5342917352885173 1
251 200 4.221515128261284 1
155 225 0.2699806186678728 1
168 252 1.2517283229146832 0
117 260 1.718058482431918 1
162 260 1.6198837120072371 1
169 267 1.3008157081270237 0
132 268 1.6689710972195777 0
96 291 1.6935147898257479 0
151 303 1.3499030933393643 0
136 305 1.4971652489763858 1
121 320 4.73693267299086 0
70 331 1.6198837120072371 0
242 346 4.319689898685965 1
64 366 1.6198837120072371 0
116 367 1.2762720155208536 0
169 376 4.295146206079795 1
235 378 4.147884050442774 1
199 409 1.0799224746714913 0
128 412 4.344233591292136 1
204 425 1.1780972450961724 0
