296
560
500
27
167 81 3.2643111166206444 1
218 113 0.6135923151542565 0
234 123 3.77972866135022 1
75 126 5.6941366846315 1
99 138 2.380738182798515 1
108 142 5.915029918087033 0
106 171 2.2580197197676637 0
141 171 0.19634954084936207 0
178 178 3.5342917352885173 1
236 213 4.172427743048944 1
138 239 0.22089323345553233 0
154 272 1.2762720155208536 0
100 279 1.718058482431918 1
142 279 1.6198837120072371 0
116 287 1.6689710972195777 0
154 287 1.3008157081270237 0
78 307 1.6689710972195777 0
121 324 1.5462526341887264 1
136 324 1.3499030933393643 0
54 344 1.5953400194010667 0
104 344 4.76147636559703 0
226 367 4.344233591292136 0
100 386 1.2026409377023426 0
221 394 4.147884050442774 1
150 396 4.295146206079795 0
115 431 4.270602513473625 1
139 457 3.9515345095934116 0
