296
560
500
46
92 22 2.478912953223196 1
141 35 0.0 1
104 74 5.890486225480862 0
124 96 2.3316507975861747 0
50 105 2.184388641949153 0
68 106 2.110757564130642 0
114 110 5.5714182216006485 1
129 111 6.037748381117884 0
174 118 0.6381360077604268 1
159 149 0.7853981633974483 0
237 151 0.8835729338221293 1
124 172 6.037748381117884 1
47 181 5.080544369477243 1
275 195 1.055378782065321 1
141 196 1.3744467859455345 1
230 203 1.227184630308513 0
202 204 1.3008157081270237 0
140 211 1.6689710972195777 1
250 224 1.2517283229146832 1
71 225 5.129631754689584 0
226 238 1.3989904785517047 0
130 244 1.7916895602504288 1
35 250 5.006913291658733 1
281 271 1.1535535524900022 1
86 282 2.429825568010856 1
267 291 1.325359400733194 0
149 297 1.9389517158874505 1
34 304 3.2643111166206444 1
268 319 1.5953400194010667 0
27 344 0.04908738521234052 1
245 366 5.154175447295755 0
274 370 5.424156065963627 0
85 377 5.964117303299373 0
254 379 5.546874528994478 0
126 387 5.595961914206819 1
216 389 5.448699758569798 0
226 400 5.841398840268521 0
159 402 5.595961914206819 0
186 403 5.64504929941916 0
185 413 5.988660995905543 1
63 415 0.0 1
243 430 3.067961575771282 0
224 431 6.135923151542564 1
156 434 6.135923151542564 1
176 442 0.02454369260617026 0
88 445 0.04908738521234052 0
