296
560
500
42
111 51 2.5280003384355365 1
160 63 0.02454369260617026 1
123 99 5.915029918087033 0
68 131 2.184388641949153 0
87 131 2.1598449493429825 0
149 133 6.135923151542564 0
193 143 0.7117670855789375 1
177 171 0.859029241215959 0
253 180 0.9081166264282996 1
141 193 6.037748381117884 1
66 203 5.080544369477243 1
158 217 1.3744467859455345 1
217 228 1.325359400733194 0
157 230 1.6935147898257479 1
245 231 1.227184630308513 0
90 244 5.105088062083414 0
264 253 1.2517283229146832 1
240 263 1.423534171157875 0
145 265 1.7671458676442586 1
54 273 4.9823695990525625 1
13 274 1.5953400194010667 0
103 303 2.380738182798515 1
19 313 3.6815538909255388 0
164 318 1.9144080232812801 1
280 321 1.3008157081270237 0
54 327 3.1661363461959633 1
280 344 1.5953400194010667 0
46 369 6.209554229361076 1
256 394 5.154175447295755 0
101 398 5.939573610693203 0
265 407 5.424156065963627 0
140 415 5.620505606812989 0
227 415 5.473243451175968 0
171 426 5.595961914206819 0
237 427 5.8659425328746915 0
196 429 5.66959299202533 0
78 439 6.258641614573416 1
194 439 5.988660995905543 1
238 457 6.234097921967246 1
168 459 6.1850105367549055 1
102 469 0.09817477042468103 0
189 469 0.0 0
