296
560
500
24
15 171 5.595961914206819 1
92 214 6.1850105367549055 1
11 222 5.301437602932776 0
52 234 5.473243451175968 0
188 243 0.5890486225480862 0
101 246 0.09817477042468103 0
168 262 0.7363107781851077 0
206 275 0.760854470791278 0
91 284 5.620505606812989 0
116 291 1.521708941582556 1
120 304 1.0799224746714913 1
131 341 1.1290098598838318 1
33 342 4.417864669110647 1
76 356 4.442408361716817 0
175 369 1.2517283229146832 1
118 397 1.7671458676442586 1
56 404 4.319689898685965 0
69 414 4.859651136021712 0
60 422 4.196971435655114 0
25 427 0.9081166264282996 0
87 447 2.552544031041707 1
210 462 5.129631754689584 0
169 474 5.325981295538946 0
106 482 5.620505606812989 1
