296
560
500
24
124 24 6.135923151542564 0
42 25 5.105088062083414 1
137 43 1.3008157081270237 1
199 49 1.2762720155208536 0
228 49 1.2026409377023426 0
137 56 1.718058482431918 1
66 70 5.129631754689584 0
249 75 1.2517283229146832 1
223 84 1.3989904785517047 0
124 92 1.7916895602504288 1
29 94 5.006913291658733 1
81 125 2.454369260617026 1
144 142 1.9389517158874505 1
30 146 3.2397674240144743 1
22 187 6.258641614573416 1
239 217 5.227806525114265 0
80 219 5.964117303299373 0
119 236 5.6941366846315 0
211 236 5.497787143782138 0
220 248 5.915029918087033 0
149 249 5.66959299202533 0
176 251 5.6941366846315 0
56 258 0.0 1
177 265 6.013204688511713 0
