296
560
500
29
102 230 2.5280003384355365 1
149 244 0.02454369260617026 1
109 280 5.915029918087033 0
128 301 2.3316507975861747 0
56 311 2.184388641949153 0
73 313 2.1353012567368124 0
118 315 5.595961914206819 1
133 316 6.037748381117884 0
177 322 0.6381360077604268 1
162 353 0.7853981633974483 0
241 359 0.8835729338221293 1
130 382 6.135923151542564 0
51 387 5.105088062083414 1
145 400 1.3744467859455345 1
283 400 0.9572040116406401 0
205 407 1.2762720155208536 0
234 408 1.2026409377023426 0
144 414 1.6935147898257479 1
76 429 5.105088062083414 0
254 431 1.2026409377023426 1
229 440 1.3744467859455345 0
133 450 1.7671458676442586 1
40 455 5.006913291658733 1
14 485 4.295146206079795 1
91 486 2.429825568010856 1
272 495 1.325359400733194 0
153 500 1.9144080232812801 1
41 507 3.2397674240144743 1
273 520 1.5707963267948966 0
