296
560
500
34
84 54 2.82252464970958 0
88 77 2.552544031041707 1
136 92 0.0 1
98 130 5.915029918087033 0
116 153 2.5280003384355365 0
40 156 2.282563412373834 0
61 158 2.2580197197676637 0
103 162 5.743224069843841 0
125 167 6.062292073724054 0
163 173 0.5645049299419159 1
232 203 0.9326603190344698 0
151 206 0.7853981633974483 0
30 228 5.2768939103266055 1
117 233 6.160466844148735 0
193 257 1.325359400733194 0
266 257 1.1290098598838318 1
221 258 1.2762720155208536 0
52 272 5.2768939103266055 0
239 279 1.325359400733194 1
215 289 1.4480778637640452 0
114 294 1.9389517158874505 1
13 296 5.056000676871073 1
13 315 5.424156065963627 0
266 328 1.1290098598838318 1
62 329 2.380738182798515 1
130 342 2.012582793705961 1
252 346 1.3499030933393643 0
252 371 1.5953400194010667 0
227 422 5.203262832508095 0
61 427 5.8659425328746915 0
105 440 5.620505606812989 0
197 442 5.497787143782138 0
133 455 5.66959299202533 0
164 456 5.6941366846315 0
