296
560
500
30
120 91 2.6016314162540475 0
125 115 2.552544031041707 1
172 131 0.0 1
136 168 5.964117303299373 0
101 196 2.2334760271614935 0
82 199 2.2580197197676637 1
162 207 6.111379458936394 0
204 216 0.7117670855789375 1
263 251 0.9572040116406401 1
190 255 0.9572040116406401 1
156 272 0.0 0
70 273 5.178719139901925 1
227 305 1.3499030933393643 0
255 305 1.3008157081270237 0
94 315 5.178719139901925 0
272 325 1.3008157081270237 1
249 338 1.4726215563702154 0
152 339 1.8653206380689396 1
42 350 4.614214209960009 0
52 359 5.64504929941916 1
17 362 0.6872233929727672 1
104 370 2.552544031041707 1
35 380 3.509748042682347 0
167 393 2.061670178918302 1
90 460 6.135923151542564 0
261 465 5.252350217720435 1
130 479 5.841398840268521 0
225 483 5.546874528994478 0
161 492 5.767767762450011 0
190 494 5.816855147662351 0
