296
560
500
40
98 70 2.6261751088602177 0
103 94 2.552544031041707 1
146 110 6.258641614573416 1
109 149 5.890486225480862 0
132 170 2.5280003384355365 0
58 176 2.2334760271614935 0
76 179 2.1598449493429825 0
115 182 5.6941366846315 0
12 186 5.105088062083414 0
135 187 5.988660995905543 0
181 192 0.6135923151542565 1
247 219 0.859029241215959 0
166 223 0.760854470791278 0
135 252 6.135923151542564 0
52 254 5.105088062083414 1
285 261 0.9326603190344698 0
149 271 1.3744467859455345 1
237 275 1.2026409377023426 0
209 276 1.2762720155208536 0
148 283 1.718058482431918 1
257 295 1.227184630308513 1
76 298 5.154175447295755 0
233 306 1.423534171157875 0
136 317 1.8407769454627694 1
34 320 5.105088062083414 1
36 336 5.473243451175968 0
23 339 0.07363107781851078 0
88 352 2.5280003384355365 1
273 357 1.3008157081270237 0
154 368 1.9880391010997909 1
275 382 1.5707963267948966 0
253 432 5.154175447295755 0
85 443 5.964117303299373 0
263 443 5.375068680751287 0
223 455 5.448699758569798 0
129 457 5.6941366846315 0
233 465 5.816855147662351 0
161 469 5.66959299202533 0
189 469 5.71868037723767 0
190 483 6.013204688511713 0
