296
560
500
42
127 127 3.436116964863836 1
87 128 3.3624858870453256 0
68 130 2.9206994201342606 0
140 143 0.36815538909255385 1
181 149 3.4606606574700063 1
123 159 3.2397674240144743 0
84 165 0.0 0
199 168 0.44178646691106466 1
170 173 3.485204350076177 1
230 187 3.5588354278946874 0
163 195 3.3379421944391554 1
182 221 3.3870295796514958 0
44 239 5.841398840268521 1
113 239 2.748893571891069 0
66 246 2.6261751088602177 1
132 264 2.748893571891069 1
217 272 0.6135923151542565 0
138 273 0.07363107781851078 0
126 301 2.478912953223196 1
36 310 2.282563412373834 1
158 313 3.067961575771282 1
126 314 6.086835766330224 0
92 321 2.282563412373834 1
60 331 5.522330836388308 1
227 332 3.877903431774901 1
115 338 2.1598449493429825 0
265 379 0.8835729338221293 0
113 396 1.7426021750380885 1
120 416 0.8835729338221293 0
114 428 1.2762720155208536 1
146 434 4.000621894805752 0
134 447 4.025165587411922 0
110 449 5.71868037723767 1
81 461 5.301437602932776 0
251 464 3.5588354278946874 0
182 465 3.6324665057131984 0
89 476 5.939573610693203 0
222 481 3.509748042682347 1
142 484 3.2643111166206444 0
228 497 3.1661363461959633 1
128 530 0.02454369260617026 0
167 532 3.1906800388021335 0
