296
560
500
38
92 140 3.2397674240144743 0
136 142 3.485204350076177 1
147 158 0.44178646691106466 1
188 168 3.5588354278946874 1
131 173 3.3624858870453256 0
92 175 0.07363107781851078 0
202 187 0.44178646691106466 1
177 192 3.5588354278946874 1
233 207 3.5833791205008576 0
165 212 3.436116964863836 1
42 239 5.939573610693203 0
184 240 3.485204350076177 0
115 251 2.9206994201342606 0
65 253 2.6998061866787286 1
128 277 2.8716120349219203 1
137 284 0.2454369260617026 0
215 293 0.6872233929727672 0
30 314 2.380738182798515 1
151 326 3.1906800388021335 1
84 328 2.356194490192345 1
108 350 2.2334760271614935 1
251 400 0.8099418560036186 0
98 404 1.8162332528565992 1
103 423 0.9817477042468103 0
96 435 1.3744467859455345 1
127 445 4.123340357836604 0
90 456 5.816855147662351 1
114 456 4.0987966652304335 0
60 466 5.375068680751287 0
159 479 3.7551849687440497 0
66 481 6.037748381117884 0
227 483 3.6815538909255388 0
34 494 5.66959299202533 0
119 494 3.3624858870453256 0
198 498 3.5833791205008576 1
202 515 3.2643111166206444 1
100 538 0.1227184630308513 0
139 544 3.2888548092268146 0
