296
560
500
44
131 89 3.485204350076177 1
143 106 0.4172427743048944 1
184 115 3.5342917352885173 1
124 120 3.313398501832985 0
87 123 0.07363107781851078 0
199 135 0.5154175447295755 1
173 139 3.5588354278946874 1
230 157 3.6324665057131984 0
161 159 3.411573272257666 1
179 187 3.436116964863836 0
39 189 5.915029918087033 0
110 201 2.8961557275280905 0
65 202 2.724349879284899 1
128 228 2.8961557275280905 1
134 236 0.1718058482431918 0
213 242 0.7363107781851077 0
118 260 2.650718801466388 0
27 265 2.356194490192345 1
119 277 0.02454369260617026 0
84 278 2.405281875404685 1
149 286 3.1906800388021335 0
49 287 5.620505606812989 1
105 299 2.282563412373834 0
217 302 3.9515345095934116 1
249 353 0.7363107781851077 0
96 356 1.8162332528565992 1
101 375 0.9817477042468103 0
94 387 1.3989904785517047 1
125 397 4.123340357836604 0
87 407 5.8659425328746915 1
112 408 4.123340357836604 0
246 414 3.77972866135022 0
57 417 5.399612373357457 0
157 430 3.7551849687440497 0
64 432 6.037748381117884 0
225 436 3.706097583531709 0
32 445 5.66959299202533 0
115 445 3.3870295796514958 0
195 450 3.6079228131070282 1
199 467 3.2888548092268146 1
95 496 0.07363107781851078 1
136 496 3.313398501832985 0
206 518 3.0925052683774528 0
155 533 3.0925052683774528 1
