296
560
500
21
171 40 0.9572040116406401 0
130 60 1.7426021750380885 1
137 73 0.8835729338221293 0
19 87 5.203262832508095 1
131 87 1.2762720155208536 1
164 93 4.025165587411922 0
151 106 4.049709280018092 0
127 108 5.743224069843841 1
98 120 5.301437602932776 0
200 122 3.5833791205008576 0
242 131 3.3379421944391554 1
107 135 5.964117303299373 0
160 143 3.2643111166206444 0
75 148 5.64504929941916 0
245 156 3.1661363461959633 0
41 172 5.64504929941916 1
146 186 0.02454369260617026 0
183 186 3.0925052683774528 0
78 195 6.062292073724054 1
203 220 2.9943304979527716 1
165 280 2.9206994201342606 0
