296
560
500
40
104 100 3.1906800388021335 1
142 107 3.5588354278946874 1
154 123 0.4172427743048944 1
195 131 3.509748042682347 1
141 139 3.3379421944391554 0
101 141 0.09817477042468103 0
216 153 0.5399612373357456 1
180 155 3.5588354278946874 1
235 173 3.6815538909255388 1
176 179 3.4606606574700063 1
183 188 3.2643111166206444 0
52 209 5.964117303299373 1
122 212 2.8961557275280905 1
78 218 2.7979809571034093 1
137 246 2.9206994201342606 1
145 253 0.1718058482431918 0
227 257 0.6381360077604268 0
126 275 2.5770877236478773 0
36 278 2.405281875404685 1
130 290 0.02454369260617026 0
156 294 3.1661363461959633 1
87 300 2.405281875404685 1
113 315 2.2334760271614935 0
95 337 5.424156065963627 0
96 337 5.375068680751287 0
104 377 1.8162332528565992 1
104 392 1.325359400733194 1
102 404 1.2026409377023426 1
134 411 4.172427743048944 0
124 417 3.8533597391687304 1
96 422 5.841398840268521 1
68 431 5.350524988145116 0
170 443 3.6570101983193686 0
243 444 3.5833791205008576 0
74 446 6.037748381117884 0
126 458 3.3379421944391554 0
207 458 3.5342917352885173 1
213 482 3.2643111166206444 0
116 500 0.1227184630308513 0
151 505 3.2888548092268146 0
