296
560
500
42
69 152 0.39269908169872414 0
70 162 3.043417883165112 1
126 165 3.4606606574700063 1
87 166 3.3624858870453256 0
135 180 0.3190680038802134 1
180 186 3.436116964863836 1
127 193 3.2888548092268146 1
195 203 0.36815538909255385 1
81 204 6.258641614573416 0
248 205 3.5342917352885173 1
170 211 3.411573272257666 1
228 220 3.485204350076177 0
162 234 3.2888548092268146 1
183 261 3.313398501832985 0
40 271 5.964117303299373 0
118 284 2.9206994201342606 0
69 285 2.724349879284899 1
221 310 0.5645049299419159 0
135 312 2.8716120349219203 1
142 320 0.02454369260617026 0
128 344 2.6016314162540475 0
35 347 2.2089323345553233 1
131 360 0.0 0
94 364 2.380738182798515 1
160 367 3.141592653589793 0
229 368 3.7551849687440497 1
61 371 5.595961914206819 1
114 380 2.2089323345553233 1
269 413 0.9326603190344698 0
113 440 1.7671458676442586 1
120 459 0.8835729338221293 0
114 471 1.3008157081270237 1
146 477 4.025165587411922 0
133 488 4.000621894805752 0
109 489 5.767767762450011 1
252 495 3.411573272257666 0
78 499 5.375068680751287 0
182 504 3.5833791205008576 0
87 513 6.037748381117884 0
223 515 3.411573272257666 1
139 521 3.2397674240144743 0
227 537 3.1661363461959633 0
