296
560
500
41
103 85 3.6324665057131984 1
112 104 0.44178646691106466 1
149 112 3.5588354278946874 1
58 117 0.19634954084936207 0
94 118 3.436116964863836 0
162 130 0.36815538909255385 1
215 131 3.509748042682347 1
136 136 3.5588354278946874 1
195 147 3.485204350076177 0
126 159 3.411573272257666 1
147 185 3.3624858870453256 0
35 196 2.675262494072558 1
81 203 3.043417883165112 0
98 230 2.8961557275280905 1
183 233 0.5645049299419159 0
25 236 2.5034566458293663 1
102 239 0.04908738521234052 0
89 261 2.6998061866787286 0
54 277 2.429825568010856 1
91 277 0.04908738521234052 0
118 285 3.1906800388021335 0
191 290 3.77972866135022 1
75 298 2.282563412373834 0
229 334 0.6381360077604268 0
71 351 1.7426021750380885 1
78 371 0.8835729338221293 0
72 383 1.2762720155208536 1
104 389 4.000621894805752 0
232 394 3.6570101983193686 0
91 400 3.9760782021995817 0
67 401 5.767767762450011 1
212 416 3.509748042682347 0
142 420 3.6570101983193686 0
182 433 3.4606606574700063 1
100 435 3.2643111166206444 0
188 449 3.1661363461959633 1
90 479 0.02454369260617026 0
128 480 3.1661363461959633 0
204 495 2.9943304979527716 0
157 508 2.9206994201342606 0
105 509 3.117048960983623 0
