296
560
500
39
122 138 3.3379421944391554 1
136 154 0.2945243112740431 1
176 156 3.3624858870453256 1
120 172 3.1906800388021335 0
191 172 0.3436116964863836 1
85 180 6.234097921967246 0
166 182 3.3870295796514958 1
228 190 3.4606606574700063 0
156 206 3.215223731408304 1
182 231 3.2397674240144743 0
40 247 5.915029918087033 0
117 257 2.84706834231575 0
72 259 2.724349879284899 1
218 276 0.5890486225480862 0
135 284 2.82252464970958 1
140 292 6.234097921967246 0
128 316 2.5770877236478773 0
35 320 2.429825568010856 1
131 333 6.1850105367549055 0
95 336 2.429825568010856 1
229 336 3.77972866135022 1
160 337 3.067961575771282 0
53 343 5.620505606812989 0
118 355 2.282563412373834 0
113 407 1.8653206380689396 1
118 425 0.9326603190344698 0
110 439 1.3499030933393643 1
145 446 4.049709280018092 0
130 456 3.8288160465625602 0
102 458 5.792311455056181 1
73 467 5.399612373357457 0
179 472 3.6079228131070282 0
81 481 5.988660995905543 0
219 483 3.411573272257666 1
134 489 3.2643111166206444 0
230 491 0.2945243112740431 0
222 506 3.1906800388021335 0
123 531 0.04908738521234052 0
159 533 3.1661363461959633 0
