296
560
500
60
284 123 3.9515345095934116 1
170 137 0.6381360077604268 1
126 140 3.141592653589793 0
266 146 0.760854470791278 0
246 152 3.902447124381071 1
100 162 2.82252464970958 0
47 164 5.816855147662351 1
186 184 3.730641276137879 0
147 186 0.5645049299419159 0
26 208 2.6261751088602177 0
15 210 5.792311455056181 0
109 219 2.6998061866787286 1
131 227 0.6381360077604268 0
80 232 2.356194490192345 0
202 245 1.1290098598838318 0
111 253 2.5034566458293663 0
177 272 4.049709280018092 0
204 279 4.246058820867455 0
52 288 5.325981295538946 0
243 288 4.196971435655114 0
121 291 2.1598449493429825 1
97 302 1.9389517158874505 0
60 315 1.88986433067511 1
105 316 1.7671458676442586 0
121 317 1.325359400733194 1
40 329 1.9389517158874505 1
113 336 1.423534171157875 0
68 353 1.8407769454627694 0
99 371 1.5462526341887264 1
134 374 1.2517283229146832 0
149 374 1.325359400733194 0
74 383 1.9144080232812801 0
151 396 4.540583132141498 1
82 403 1.8162332528565992 0
278 407 4.074252972624263 1
10 410 5.154175447295755 0
145 417 4.368777283898306 1
87 428 1.5953400194010667 1
41 440 5.178719139901925 0
237 453 3.9760782021995817 0
78 456 5.64504929941916 1
94 456 3.80427235395639 1
126 461 4.049709280018092 1
264 469 3.706097583531709 1
206 471 3.9760782021995817 1
61 472 5.595961914206819 0
162 481 3.80427235395639 1
183 483 3.9515345095934116 0
124 488 3.5833791205008576 0
238 488 3.6324665057131984 0
226 502 3.3870295796514958 0
63 503 6.111379458936394 0
95 504 3.117048960983623 1
172 509 3.411573272257666 0
33 514 5.743224069843841 0
98 519 0.14726215563702155 1
131 521 3.2888548092268146 0
212 529 3.0925052683774528 0
114 536 3.2397674240144743 0
73 548 2.945243112740431 1
