296
560
500
60
104 51 2.724349879284899 0
216 98 0.662679700366597 1
172 101 3.141592653589793 0
36 113 2.3316507975861747 0
142 124 2.7979809571034093 0
90 127 5.792311455056181 1
230 144 3.7551849687440497 0
190 145 0.4908738521234052 0
153 179 2.650718801466388 1
177 185 0.5645049299419159 0
124 194 2.3071071049800045 0
248 203 1.1535535524900022 0
158 211 2.478912953223196 0
224 228 4.049709280018092 0
250 238 4.270602513473625 0
169 249 2.2089323345553233 1
285 249 4.295146206079795 0
99 251 5.2768939103266055 0
143 261 1.9389517158874505 0
152 272 1.7916895602504288 0
107 277 1.9144080232812801 1
91 293 1.9634954084936207 0
159 295 1.4971652489763858 0
25 296 2.086213871524472 0
114 312 1.8653206380689396 0
143 330 1.5707963267948966 1
192 333 1.2517283229146832 0
178 334 1.3008157081270237 0
118 345 1.88986433067511 0
200 355 4.3933209765044765 0
125 364 1.8407769454627694 0
54 374 5.178719139901925 0
188 379 4.3933209765044765 1
130 390 1.6198837120072371 1
86 402 5.129631754689584 0
274 414 4.074252972624263 0
121 417 5.6941366846315 1
136 418 3.8533597391687304 1
167 422 4.074252972624263 1
247 433 4.000621894805752 1
103 434 5.595961914206819 0
203 443 3.8288160465625602 1
223 444 3.9760782021995817 0
165 449 3.5833791205008576 0
275 452 3.730641276137879 0
104 465 6.111379458936394 0
137 466 3.0925052683774528 1
266 466 3.436116964863836 0
55 467 5.473243451175968 1
212 471 3.411573272257666 0
31 475 5.448699758569798 0
75 477 5.6941366846315 0
138 482 0.07363107781851078 1
170 482 3.2397674240144743 0
251 493 3.141592653589793 0
153 498 3.2397674240144743 0
77 508 5.890486225480862 0
115 510 2.8716120349219203 1
237 540 2.9697868053466014 0
55 542 5.915029918087033 1
