296
560
500
61
178 91 0.6135923151542565 1
133 95 3.0925052683774528 0
255 109 3.902447124381071 1
106 119 2.773437264497239 0
53 123 5.767767762450011 1
195 137 3.706097583531709 0
156 140 0.5154175447295755 0
36 167 2.5280003384355365 0
23 171 5.71868037723767 0
118 174 2.650718801466388 1
141 181 0.5890486225480862 0
89 189 2.282563412373834 0
212 196 1.0799224746714913 0
123 207 2.478912953223196 0
187 224 4.049709280018092 0
215 231 4.221515128261284 0
253 242 4.221515128261284 0
131 244 2.012582793705961 1
65 246 5.2768939103266055 0
110 257 1.9144080232812801 0
118 267 1.6935147898257479 0
75 271 1.88986433067511 1
134 271 1.3008157081270237 1
59 287 1.88986433067511 0
127 291 1.3989904785517047 0
84 306 1.7916895602504288 0
114 326 1.4971652489763858 1
163 327 1.2026409377023426 0
149 328 1.2517283229146832 0
90 341 1.88986433067511 0
172 349 4.319689898685965 0
98 358 1.7916895602504288 0
286 360 4.147884050442774 1
30 372 5.129631754689584 1
161 372 4.344233591292136 1
103 384 1.521708941582556 1
59 398 5.105088062083414 0
249 404 4.025165587411922 0
95 412 5.767767762450011 1
136 419 4.0987966652304335 0
223 424 3.9515345095934116 1
276 425 3.8288160465625602 1
78 428 5.5714182216006485 0
183 431 3.8288160465625602 0
200 436 3.7551849687440497 0
253 441 3.6570101983193686 0
141 443 3.5833791205008576 0
243 456 3.411573272257666 0
80 459 6.111379458936394 0
114 460 3.0925052683774528 1
189 463 3.3870295796514958 0
31 464 5.424156065963627 1
50 474 5.64504929941916 0
114 475 0.07363107781851078 1
147 475 3.2643111166206444 0
229 483 3.117048960983623 0
131 490 3.1661363461959633 0
54 504 5.841398840268521 0
93 504 2.82252464970958 1
216 530 2.945243112740431 0
210 551 6.160466844148735 0
