296
560
500
59
154 43 3.7551849687440497 0
239 75 0.662679700366597 1
218 95 3.7551849687440497 1
211 124 0.5890486225480862 0
116 130 0.39269908169872414 1
195 134 3.730641276137879 1
256 134 3.730641276137879 0
73 141 2.9943304979527716 0
50 170 2.724349879284899 0
141 171 3.509748042682347 0
104 182 0.2699806186678728 0
282 216 0.6381360077604268 0
74 223 2.429825568010856 1
173 223 0.9326603190344698 0
98 226 0.2454369260617026 0
48 244 2.184388641949153 0
84 255 2.2580197197676637 0
155 256 3.80427235395639 0
181 257 4.049709280018092 0
218 259 4.074252972624263 0
105 289 2.061670178918302 1
32 304 5.129631754689584 0
81 305 1.7671458676442586 0
107 316 1.1044661672776617 1
91 317 1.5707963267948966 0
46 330 1.7426021750380885 1
103 336 1.227184630308513 0
31 347 1.7916895602504288 0
60 362 1.6198837120072371 0
145 362 1.1535535524900022 0
131 367 1.055378782065321 0
272 369 3.9760782021995817 1
95 373 1.325359400733194 1
153 384 4.270602513473625 1
72 391 1.6935147898257479 0
83 406 1.5462526341887264 0
151 408 4.147884050442774 1
246 420 3.80427235395639 0
275 432 3.5833791205008576 1
94 435 1.2517283229146832 1
223 444 3.730641276137879 1
110 451 3.730641276137879 0
47 452 5.080544369477243 0
254 453 3.436116964863836 0
139 454 3.877903431774901 1
91 459 5.595961914206819 1
203 460 3.6570101983193686 0
181 464 3.5342917352885173 1
249 468 3.141592653589793 0
75 479 5.424156065963627 0
144 480 3.3624858870453256 0
195 487 3.117048960983623 0
239 498 2.8961557275280905 0
117 501 2.8961557275280905 1
83 507 5.964117303299373 0
157 508 2.9943304979527716 0
124 516 6.160466844148735 1
144 526 2.9943304979527716 0
237 545 2.6261751088602177 0
