296
560
500
35
113 151 0.5890486225480862 1
67 154 3.0925052683774528 0
40 177 2.748893571891069 0
131 196 3.706097583531709 0
90 198 0.44178646691106466 0
56 231 2.650718801466388 1
78 238 0.5890486225480862 0
25 247 2.3316507975861747 0
151 254 1.055378782065321 0
59 264 2.478912953223196 0
127 283 4.049709280018092 0
156 291 4.196971435655114 0
69 302 2.1598449493429825 1
45 313 1.9634954084936207 0
53 326 1.7916895602504288 0
69 327 1.3499030933393643 1
60 347 1.4726215563702154 0
14 366 1.88986433067511 0
44 383 1.5953400194010667 1
95 384 1.227184630308513 0
80 385 1.2762720155208536 0
19 395 1.9389517158874505 0
105 411 4.368777283898306 0
25 415 1.88986433067511 0
91 432 4.3933209765044765 1
29 441 1.6198837120072371 1
27 473 3.706097583531709 0
67 474 4.0987966652304335 1
109 492 3.877903431774901 0
129 499 3.77972866135022 0
65 502 3.6324665057131984 0
34 517 3.1661363461959633 1
115 525 3.436116964863836 0
29 532 0.19634954084936207 1
70 535 3.3379421944391554 0
