296
560
500
43
188 20 1.0799224746714913 0
63 23 2.184388641949153 0
99 37 2.356194490192345 0
166 50 4.000621894805752 0
193 57 4.221515128261284 0
230 68 4.221515128261284 0
110 76 1.9880391010997909 1
44 85 5.154175447295755 0
88 94 1.8407769454627694 0
97 105 1.6935147898257479 0
113 106 1.3008157081270237 1
53 113 1.8653206380689396 1
106 128 1.423534171157875 0
37 133 1.9144080232812801 0
61 151 1.8162332528565992 0
141 164 1.227184630308513 0
127 166 1.2762720155208536 0
92 168 1.5707963267948966 1
66 185 1.88986433067511 0
151 192 4.368777283898306 0
74 205 1.8162332528565992 0
140 216 4.344233591292136 1
79 232 1.5462526341887264 1
231 244 4.000621894805752 0
30 248 5.203262832508095 0
92 256 3.8533597391687304 0
69 262 5.767767762450011 1
118 263 4.049709280018092 1
203 267 3.9515345095934116 1
160 276 3.80427235395639 0
50 280 5.546874528994478 0
180 281 3.706097583531709 0
120 292 3.5342917352885173 0
168 308 3.2888548092268146 0
92 310 2.9697868053466014 1
131 324 3.1906800388021335 0
88 327 0.04908738521234052 1
94 337 2.773437264497239 0
136 355 0.6872233929727672 1
278 356 4.638757902566179 1
273 397 1.4726215563702154 1
198 486 4.614214209960009 0
204 524 4.516039439535327 1
