296
560
500
55
79 11 2.724349879284899 0
147 62 3.1661363461959633 0
196 63 0.6381360077604268 1
15 73 2.3316507975861747 0
120 84 2.7979809571034093 0
67 86 5.816855147662351 1
213 108 3.730641276137879 0
172 109 0.4908738521234052 0
48 132 2.5280003384355365 0
37 135 5.71868037723767 0
135 142 2.6998061866787286 1
161 150 0.6135923151542565 0
106 155 2.3316507975861747 0
235 167 1.030835089459151 0
141 176 2.5034566458293663 0
212 196 4.000621894805752 0
240 202 4.172427743048944 0
280 214 4.196971435655114 0
78 215 5.301437602932776 0
154 215 2.184388641949153 1
128 226 1.9144080232812801 0
83 238 1.88986433067511 0
137 241 1.718058482431918 0
154 242 1.2762720155208536 1
72 258 1.9144080232812801 0
146 261 1.3989904785517047 0
97 280 1.8162332528565992 0
131 298 1.5462526341887264 1
184 300 1.2517283229146832 0
169 302 1.2762720155208536 0
105 309 1.9144080232812801 0
193 326 4.368777283898306 0
112 332 1.8407769454627694 0
41 343 5.154175447295755 1
180 348 4.368777283898306 1
117 356 1.5707963267948966 1
69 370 5.203262832508095 0
129 380 3.9269908169872414 0
108 385 5.792311455056181 1
157 391 4.074252972624263 1
89 402 5.595961914206819 0
239 406 4.074252972624263 1
192 412 3.877903431774901 1
215 416 4.000621894805752 0
155 419 3.6079228131070282 0
38 428 5.497787143782138 0
88 434 6.111379458936394 0
125 435 3.117048960983623 1
204 444 3.4606606574700063 0
58 446 5.6941366846315 0
121 451 0.19634954084936207 1
160 454 3.3379421944391554 0
100 481 2.945243112740431 1
163 492 0.5154175447295755 1
105 505 2.552544031041707 0
