296
560
500
49
209 138 0.662679700366597 1
165 141 3.117048960983623 0
138 164 2.773437264497239 0
84 169 5.767767762450011 1
186 186 0.5399612373357456 0
222 187 3.706097583531709 1
147 219 2.6016314162540475 1
171 226 0.5890486225480862 0
119 235 2.282563412373834 0
246 242 1.0799224746714913 1
152 251 2.429825568010856 0
23 252 5.252350217720435 1
218 270 4.049709280018092 0
245 277 4.221515128261284 0
282 288 4.270602513473625 0
94 296 5.227806525114265 0
139 301 1.9144080232812801 0
165 304 1.3989904785517047 1
147 314 1.718058482431918 0
162 316 1.3008157081270237 1
103 319 1.8407769454627694 1
88 336 1.88986433067511 0
155 337 1.423534171157875 0
113 351 1.7916895602504288 0
178 357 1.3499030933393643 1
141 369 1.521708941582556 1
191 372 1.4480778637640452 0
45 381 5.031456984264903 0
118 387 1.88986433067511 0
189 392 4.589670517353839 0
263 398 4.344233591292136 0
125 404 1.7916895602504288 0
60 419 5.129631754689584 1
190 422 4.319689898685965 1
130 430 1.4971652489763858 1
85 437 5.178719139901925 1
198 438 1.0799224746714913 1
221 446 0.9572040116406401 1
141 460 0.9817477042468103 1
163 465 4.0987966652304335 0
199 467 1.030835089459151 1
212 469 4.196971435655114 0
108 481 5.325981295538946 1
229 481 4.025165587411922 0
133 488 3.77972866135022 1
119 489 5.620505606812989 1
230 496 1.4726215563702154 0
181 501 1.227184630308513 0
172 514 2.9206994201342606 0
