296
560
500
45
131 133 5.767767762450011 1
84 158 5.448699758569798 1
237 195 3.4606606574700063 0
190 196 0.14726215563702155 1
110 201 5.620505606812989 1
141 215 2.429825568010856 1
177 218 2.5770877236478773 1
65 226 5.375068680751287 0
222 251 0.7117670855789375 0
167 280 6.135923151542564 1
216 282 0.9572040116406401 1
32 298 5.252350217720435 1
109 308 5.203262832508095 0
277 313 4.196971435655114 1
95 324 5.056000676871073 1
214 331 1.2517283229146832 0
136 340 5.2768939103266055 1
177 346 1.2026409377023426 1
168 355 1.9880391010997909 0
174 369 1.6198837120072371 1
198 370 1.423534171157875 1
56 385 2.282563412373834 0
178 396 1.9144080232812801 1
211 399 1.4480778637640452 0
142 428 5.056000676871073 1
70 434 5.227806525114265 0
163 439 5.154175447295755 0
251 446 4.147884050442774 0
276 458 4.049709280018092 1
242 459 3.6570101983193686 0
187 462 5.522330836388308 1
69 472 5.448699758569798 0
151 478 5.325981295538946 0
264 483 3.509748042682347 1
116 490 5.375068680751287 1
85 492 5.497787143782138 0
165 495 5.64504929941916 0
90 507 5.66959299202533 0
127 517 5.620505606812989 0
40 524 5.915029918087033 1
180 532 6.037748381117884 0
124 533 5.890486225480862 0
263 537 3.2643111166206444 0
84 538 6.013204688511713 0
149 542 6.160466844148735 0
