296
560
500
46
156 107 0.3190680038802134 1
68 111 5.66959299202533 1
199 112 3.5342917352885173 0
95 125 2.429825568010856 1
136 130 2.6998061866787286 0
180 161 0.8344855486097889 0
118 183 6.160466844148735 1
168 188 1.0062913968529805 1
59 212 5.252350217720435 0
233 228 4.295146206079795 0
45 230 5.080544369477243 1
163 234 1.3008157081270237 0
87 237 5.325981295538946 1
123 239 2.3071071049800045 0
124 246 1.2517283229146832 1
111 266 1.9144080232812801 1
145 271 1.4480778637640452 1
123 297 1.88986433067511 1
158 301 1.4480778637640452 0
90 325 5.031456984264903 1
155 333 1.521708941582556 0
109 339 5.105088062083414 0
16 343 5.227806525114265 0
200 355 4.147884050442774 0
133 363 5.5714182216006485 1
189 364 3.706097583531709 0
15 366 5.424156065963627 0
223 370 4.0987966652304335 1
97 378 5.325981295538946 0
65 390 5.325981295538946 1
209 391 3.6079228131070282 1
110 396 5.64504929941916 0
34 397 5.424156065963627 0
40 410 5.5714182216006485 0
75 417 5.5714182216006485 0
126 433 6.086835766330224 0
73 435 5.816855147662351 0
35 443 5.890486225480862 0
96 443 6.1850105367549055 0
208 448 3.3870295796514958 0
125 462 3.141592653589793 0
207 475 3.215223731408304 1
236 479 0.9572040116406401 1
66 484 6.111379458936394 1
117 503 0.02454369260617026 0
156 533 3.1661363461959633 0
