296
560
500
45
146 96 2.2334760271614935 0
108 103 2.061670178918302 1
201 111 0.3190680038802134 1
204 135 0.5645049299419159 1
159 156 5.841398840268521 0
58 172 4.908738521234052 1
223 182 0.8835729338221293 0
113 200 4.76147636559703 0
152 212 4.933282213840222 1
106 217 4.663301595172349 1
194 222 1.1780972450961724 0
222 224 1.055378782065321 1
189 229 1.5462526341887264 1
246 248 1.055378782065321 0
211 256 1.4726215563702154 1
281 287 3.141592653589793 1
191 289 4.638757902566179 1
93 290 1.7426021750380885 0
214 296 4.7860200582032 0
245 312 5.178719139901925 1
75 313 4.7860200582032 0
124 334 4.884194828627882 0
216 339 5.031456984264903 0
241 354 5.301437602932776 1
189 362 5.056000676871073 1
140 368 5.056000676871073 0
161 379 5.129631754689584 0
264 380 5.743224069843841 0
209 384 5.252350217720435 0
173 389 5.252350217720435 0
239 400 5.816855147662351 0
212 402 5.497787143782138 0
273 406 2.724349879284899 0
178 422 5.5714182216006485 0
281 448 5.841398840268521 0
226 449 5.71868037723767 1
68 464 5.375068680751287 0
51 475 5.080544369477243 1
64 479 1.7916895602504288 1
212 479 2.5770877236478773 0
46 491 5.154175447295755 0
282 492 2.5280003384355365 1
234 496 5.743224069843841 1
212 501 1.8653206380689396 0
269 509 2.6998061866787286 1
