296
560
500
35
130 95 2.724349879284899 1
169 108 2.9206994201342606 1
203 154 1.030835089459151 0
139 163 0.07363107781851078 1
75 173 5.497787143782138 0
188 179 1.227184630308513 1
58 181 5.375068680751287 1
100 204 5.66959299202533 1
173 226 1.521708941582556 0
117 241 2.2334760271614935 1
148 254 1.7671458676442586 1
118 275 2.184388641949153 1
151 291 1.718058482431918 0
78 292 5.325981295538946 1
94 311 5.375068680751287 0
140 318 1.718058482431918 0
110 341 5.816855147662351 1
71 344 5.64504929941916 0
34 347 5.64504929941916 1
150 348 3.77972866135022 0
176 350 4.442408361716817 0
164 357 4.049709280018092 0
79 366 5.915029918087033 0
195 370 4.368777283898306 1
35 377 5.8659425328746915 0
175 387 3.8533597391687304 1
28 392 6.111379458936394 0
83 405 0.09817477042468103 0
50 412 0.22089323345553233 1
73 434 3.436116964863836 0
158 441 3.6324665057131984 0
168 457 1.030835089459151 1
147 466 3.485204350076177 1
54 468 0.3190680038802134 0
43 529 0.4172427743048944 0
