296
560
500
40
148 82 5.8659425328746915 0
131 111 5.252350217720435 1
223 135 1.1290098598838318 1
122 143 5.375068680751287 0
75 175 5.841398840268521 0
226 183 1.2026409377023426 1
195 197 1.227184630308513 1
76 204 5.252350217720435 1
237 212 4.344233591292136 1
90 217 5.473243451175968 1
117 218 5.2768939103266055 1
80 219 5.252350217720435 0
82 231 5.5714182216006485 1
185 257 0.2454369260617026 1
130 274 2.454369260617026 1
234 276 3.730641276137879 1
168 283 2.6998061866787286 0
213 314 0.8099418560036186 0
151 339 6.111379458936394 1
203 342 0.9817477042468103 1
93 364 5.252350217720435 0
76 376 5.129631754689584 0
199 389 1.227184630308513 0
122 393 5.325981295538946 1
150 418 1.9634954084936207 1
183 426 1.4480778637640452 1
161 451 1.9144080232812801 1
196 459 1.3989904785517047 0
126 479 5.056000676871073 1
193 487 1.521708941582556 0
146 493 5.154175447295755 0
237 507 4.172427743048944 0
171 517 5.5714182216006485 1
228 519 3.730641276137879 0
135 530 5.350524988145116 0
52 534 5.424156065963627 1
179 537 0.02454369260617026 0
101 542 5.375068680751287 1
194 543 3.117048960983623 0
149 549 5.6941366846315 0
