296
560
500
40
169 214 0.22089323345553233 1
81 215 5.66959299202533 1
216 215 3.509748042682347 0
113 232 2.478912953223196 1
153 245 2.724349879284899 0
198 274 0.6872233929727672 0
191 307 0.9081166264282996 1
139 312 6.111379458936394 0
76 328 5.252350217720435 0
260 334 4.196971435655114 0
57 340 5.129631754689584 0
189 357 1.1780972450961724 0
108 363 5.325981295538946 1
143 381 1.6444274046134073 1
138 391 1.9144080232812801 1
172 393 1.325359400733194 1
148 396 1.6444274046134073 1
152 424 1.8653206380689396 1
189 428 1.3989904785517047 0
136 437 1.9634954084936207 1
130 451 5.080544369477243 1
117 453 5.031456984264903 1
37 454 5.227806525114265 0
194 459 3.6570101983193686 1
180 465 5.350524988145116 1
140 466 5.080544369477243 0
235 471 4.074252972624263 0
210 477 3.411573272257666 1
261 479 3.9760782021995817 1
227 484 3.5588354278946874 0
167 490 5.546874528994478 1
249 504 3.411573272257666 1
135 505 5.325981295538946 1
179 508 6.086835766330224 0
56 511 5.595961914206819 0
87 514 5.522330836388308 1
196 519 2.9206994201342606 1
145 521 5.71868037723767 0
62 525 5.792311455056181 0
101 538 5.792311455056181 0
