296
560
500
36
69 173 2.748893571891069 0
111 207 0.7363107781851077 1
174 210 4.123340357836604 1
104 231 0.9326603190344698 1
49 233 6.135923151542564 0
175 270 4.221515128261284 0
100 275 1.1780972450961724 0
56 284 2.1353012567368124 0
18 285 5.301437602932776 1
62 293 1.2026409377023426 1
84 313 1.3008157081270237 1
60 316 1.5953400194010667 1
65 343 1.8653206380689396 1
101 345 1.3499030933393643 0
49 358 1.9880391010997909 1
42 374 5.080544369477243 1
100 375 1.423534171157875 0
34 378 4.957825906446392 0
52 389 5.080544369477243 0
147 394 4.123340357836604 0
121 396 3.5342917352885173 1
209 402 4.123340357836604 1
138 406 3.6570101983193686 0
172 407 4.049709280018092 1
80 410 5.473243451175968 1
43 427 5.301437602932776 0
158 430 3.5588354278946874 1
59 444 5.620505606812989 0
20 468 5.595961914206819 0
77 481 5.964117303299373 0
18 486 5.816855147662351 0
162 487 3.3379421944391554 0
47 498 6.135923151542564 1
78 507 3.018874190558942 0
159 514 3.141592653589793 1
72 542 6.234097921967246 1
