296
560
500
35
123 198 0.2699806186678728 1
61 217 2.454369260617026 1
102 226 2.6998061866787286 0
146 261 0.7117670855789375 1
138 288 0.8835729338221293 1
87 294 6.086835766330224 0
25 313 5.203262832508095 0
209 319 4.196971435655114 0
136 340 1.1535535524900022 0
57 344 5.350524988145116 1
86 379 1.88986433067511 1
120 380 1.3008157081270237 1
96 385 1.5953400194010667 1
101 412 1.8653206380689396 1
138 414 1.3499030933393643 0
84 427 1.9880391010997909 1
79 438 5.080544369477243 1
71 442 4.957825906446392 0
137 443 1.423534171157875 0
89 454 5.080544369477243 0
183 454 4.074252972624263 0
159 461 3.509748042682347 1
209 463 4.000621894805752 1
176 468 3.5342917352885173 0
116 477 5.473243451175968 1
197 488 3.436116964863836 1
79 492 5.325981295538946 0
127 495 6.135923151542564 0
143 498 2.9697868053466014 0
40 504 5.424156065963627 1
93 504 5.595961914206819 1
55 529 5.6941366846315 0
202 542 3.215223731408304 0
116 544 5.988660995905543 0
53 545 5.964117303299373 0
