296
560
500
77
135 17 5.890486225480862 1
63 19 5.252350217720435 0
133 45 2.282563412373834 0
181 50 0.4172427743048944 0
55 59 2.1353012567368124 1
93 59 2.086213871524472 0
228 68 0.9817477042468103 1
254 69 3.9760782021995817 1
118 74 5.522330836388308 1
68 80 2.086213871524472 0
188 88 1.055378782065321 0
164 94 0.5645049299419159 1
15 95 5.227806525114265 1
48 96 5.227806525114265 1
214 104 1.2517283229146832 0
136 114 5.890486225480862 1
144 127 1.8407769454627694 1
258 148 1.4480778637640452 1
270 153 1.3499030933393643 1
211 161 1.6444274046134073 1
87 166 1.7916895602504288 0
149 168 1.9144080232812801 1
243 171 1.4971652489763858 1
160 182 1.8653206380689396 1
115 183 4.908738521234052 1
131 184 5.031456984264903 0
258 189 4.565126824747668 1
98 192 1.718058482431918 1
67 199 1.7426021750380885 0
109 211 4.76147636559703 1
260 212 1.423534171157875 1
107 226 5.006913291658733 1
75 229 4.859651136021712 0
90 229 4.908738521234052 1
163 230 2.012582793705961 0
232 232 1.5462526341887264 1
82 249 5.325981295538946 1
163 252 1.9634954084936207 1
261 253 1.4971652489763858 1
50 263 5.154175447295755 1
130 264 5.2768939103266055 1
171 280 1.9880391010997909 0
268 283 1.4480778637640452 1
72 285 5.448699758569798 1
13 292 5.448699758569798 0
35 297 5.522330836388308 1
55 297 5.5714182216006485 0
23 315 5.939573610693203 0
186 319 1.9634954084936207 0
272 320 1.6198837120072371 0
84 331 5.841398840268521 1
106 346 2.7979809571034093 0
93 352 5.8659425328746915 0
55 369 0.02454369260617026 0
103 369 5.939573610693203 1
128 375 5.71868037723767 0
155 376 5.399612373357457 1
207 378 5.178719139901925 1
259 381 5.546874528994478 1
220 382 5.325981295538946 1
15 387 0.09817477042468103 1
158 394 5.64504929941916 0
166 400 5.767767762450011 1
203 400 5.66959299202533 1
245 403 5.8659425328746915 0
82 421 0.2454369260617026 0
125 424 0.04908738521234052 0
182 424 5.988660995905543 1
71 465 3.3624858870453256 0
48 470 3.067961575771282 1
108 478 0.2945243112740431 0
103 488 3.3870295796514958 1
84 497 0.2454369260617026 0
20 502 0.3190680038802134 0
185 524 6.086835766330224 1
75 548 0.2454369260617026 1
239 549 3.043417883165112 1
