296
560
500
72
115 16 5.816855147662351 1
114 45 2.2580197197676637 0
164 48 0.39269908169872414 0
75 59 2.012582793705961 0
39 60 2.086213871524472 1
209 63 0.9326603190344698 1
237 64 3.9269908169872414 1
100 76 5.473243451175968 1
52 81 2.061670178918302 0
172 86 1.030835089459151 0
148 93 0.5399612373357456 1
33 97 5.203262832508095 1
198 101 1.227184630308513 0
121 114 5.841398840268521 1
136 125 1.055378782065321 0
254 145 1.2762720155208536 1
244 146 1.423534171157875 1
197 160 1.5953400194010667 1
73 168 1.7426021750380885 0
229 168 1.4480778637640452 1
135 169 1.8653206380689396 1
146 182 1.7916895602504288 1
102 185 4.8351074434155406 1
118 185 5.006913291658733 0
240 185 4.565126824747668 0
85 195 1.6689710972195777 1
55 201 1.718058482431918 0
248 210 1.3744467859455345 1
91 219 4.81056375080937 0
96 226 5.031456984264903 1
79 230 4.884194828627882 1
151 230 1.9880391010997909 0
219 230 1.521708941582556 1
63 232 4.859651136021712 0
71 251 5.2768939103266055 1
255 251 1.4480778637640452 0
152 253 1.9389517158874505 1
119 265 5.252350217720435 1
40 267 5.129631754689584 1
258 281 1.3989904785517047 1
62 288 5.424156065963627 1
46 300 5.5714182216006485 0
26 302 5.473243451175968 1
176 320 1.9389517158874505 0
263 320 1.5707963267948966 0
14 321 5.8659425328746915 0
76 335 5.792311455056181 1
276 339 1.2517283229146832 1
98 349 2.82252464970958 0
83 355 5.890486225480862 0
46 368 0.0 1
95 373 5.890486225480862 1
147 377 5.375068680751287 1
199 377 5.129631754689584 1
120 378 5.6941366846315 0
252 380 5.546874528994478 1
211 382 5.325981295538946 1
152 396 5.5714182216006485 0
195 401 5.620505606812989 1
160 402 5.66959299202533 1
238 403 5.841398840268521 0
175 426 5.964117303299373 1
119 427 0.02454369260617026 0
75 432 0.1718058482431918 1
41 475 3.436116964863836 1
116 481 0.4663301595172349 0
131 500 6.1850105367549055 1
80 503 0.22089323345553233 0
258 513 2.8961557275280905 1
224 523 5.988660995905543 1
181 527 6.037748381117884 1
234 551 3.067961575771282 1
