296
560
500
67
95 89 5.301437602932776 0
158 89 5.743224069843841 1
159 117 2.2089323345553233 0
204 118 0.2454369260617026 0
256 131 0.859029241215959 1
87 132 1.9880391010997909 1
121 134 1.9880391010997909 0
146 149 5.399612373357457 1
36 151 5.154175447295755 0
51 154 1.7916895602504288 0
99 156 1.9880391010997909 0
218 156 0.9572040116406401 0
195 164 0.4908738521234052 1
52 165 4.933282213840222 0
245 169 1.1780972450961724 0
83 170 5.129631754689584 1
169 185 5.841398840268521 1
178 197 1.8162332528565992 1
246 228 1.5462526341887264 1
281 235 1.3989904785517047 1
185 239 1.8407769454627694 1
124 241 1.7426021750380885 0
196 253 1.7916895602504288 1
152 256 4.8351074434155406 1
168 258 4.957825906446392 0
136 265 1.6198837120072371 1
111 274 1.6935147898257479 1
30 291 5.129631754689584 0
142 291 4.76147636559703 0
147 300 4.9823695990525625 1
203 300 1.9634954084936207 0
274 300 1.4971652489763858 1
131 303 4.859651136021712 1
116 304 4.81056375080937 0
204 323 1.9144080232812801 1
124 324 5.252350217720435 1
171 337 5.227806525114265 1
94 342 5.080544369477243 1
115 361 5.399612373357457 1
50 363 5.2768939103266055 0
62 370 5.350524988145116 0
100 374 5.522330836388308 0
82 376 5.424156065963627 1
231 390 1.9144080232812801 0
71 393 5.8659425328746915 0
25 397 5.816855147662351 0
60 407 6.111379458936394 1
131 407 5.767767762450011 1
154 420 2.773437264497239 0
138 427 5.8659425328746915 0
38 436 6.258641614573416 1
102 441 6.258641614573416 1
151 445 5.8659425328746915 1
257 445 5.154175447295755 1
204 447 5.325981295538946 1
177 449 5.64504929941916 0
270 450 5.301437602932776 1
67 464 0.14726215563702155 1
255 468 5.595961914206819 1
234 495 5.915029918087033 1
135 498 0.19634954084936207 0
178 498 0.0 0
69 521 0.36815538909255385 1
163 530 0.4908738521234052 1
69 537 3.485204350076177 0
108 539 3.3624858870453256 0
106 548 3.067961575771282 1
