296
560
500
68
157 69 3.485204350076177 0
20 78 5.448699758569798 0
127 85 0.36815538909255385 1
76 102 6.062292073724054 1
36 108 1.88986433067511 0
213 124 0.6872233929727672 0
103 126 0.5154175447295755 0
137 126 0.7363107781851077 0
203 137 0.859029241215959 1
86 142 0.04908738521234052 1
34 144 5.031456984264903 1
204 164 0.6872233929727672 0
218 170 3.80427235395639 0
68 174 5.375068680751287 1
88 175 0.6381360077604268 0
161 176 1.030835089459151 1
239 188 0.859029241215959 1
88 193 1.1535535524900022 1
105 212 1.227184630308513 1
224 226 1.0062913968529805 1
265 227 1.030835089459151 1
128 228 1.227184630308513 1
103 237 4.3933209765044765 0
86 239 4.319689898685965 1
51 240 1.1535535524900022 0
122 254 1.6444274046134073 1
74 256 1.0799224746714913 1
151 257 1.423534171157875 1
111 262 4.589670517353839 0
52 277 1.1535535524900022 0
168 277 1.3744467859455345 1
96 278 4.196971435655114 0
102 283 4.516039439535327 1
90 290 4.295146206079795 1
194 297 1.3744467859455345 1
77 299 4.270602513473625 0
144 306 4.8351074434155406 1
95 316 4.71238898038469 1
232 326 1.4480778637640452 1
73 338 4.589670517353839 1
101 349 5.006913291658733 1
276 363 4.6878452877785195 1
96 371 5.178719139901925 1
54 375 4.9823695990525625 0
83 375 5.006913291658733 0
45 376 4.8351074434155406 1
284 382 5.154175447295755 1
140 383 5.350524988145116 1
232 389 4.957825906446392 0
74 393 5.448699758569798 0
117 399 5.595961914206819 0
201 400 5.301437602932776 0
128 405 2.724349879284899 1
184 409 5.522330836388308 0
75 413 5.816855147662351 0
277 416 5.448699758569798 1
137 427 5.816855147662351 0
229 444 5.816855147662351 0
105 452 6.037748381117884 0
286 461 2.405281875404685 1
192 469 5.964117303299373 1
136 501 6.209554229361076 0
237 501 5.816855147662351 0
220 503 2.82252464970958 0
179 505 2.724349879284899 0
163 520 2.7979809571034093 0
209 523 6.160466844148735 1
180 533 5.915029918087033 0
