296
560
500
40
134 223 2.5034566458293663 0
199 240 0.09817477042468103 0
240 259 0.44178646691106466 0
83 292 5.375068680751287 1
143 302 5.6941366846315 1
149 328 2.184388641949153 0
270 335 3.8288160465625602 1
188 336 0.04908738521234052 1
242 336 0.7853981633974483 1
76 342 1.9634954084936207 1
109 347 1.9389517158874505 0
33 356 5.105088062083414 1
138 360 5.375068680751287 1
39 365 1.9880391010997909 0
93 366 1.9634954084936207 1
208 373 0.9326603190344698 1
46 374 5.105088062083414 1
185 378 6.258641614573416 1
237 379 1.1290098598838318 0
72 384 5.105088062083414 1
155 413 5.399612373357457 1
182 414 1.1290098598838318 1
277 437 1.2762720155208536 1
242 438 1.4726215563702154 1
121 454 1.6935147898257479 1
180 454 1.8162332528565992 1
147 466 4.859651136021712 1
164 471 4.933282213840222 0
130 479 1.5707963267948966 1
191 480 1.8162332528565992 1
100 490 1.6444274046134073 0
143 496 4.663301595172349 1
17 505 5.178719139901925 0
277 508 1.4480778637640452 1
198 512 1.9634954084936207 1
148 513 4.957825906446392 0
131 518 4.76147636559703 0
111 519 4.7860200582032 0
203 539 1.9144080232812801 1
119 541 5.154175447295755 1
