296
560
500
73
120 20 5.8659425328746915 1
209 38 3.5342917352885173 1
99 41 5.66959299202533 1
220 44 0.7853981633974483 1
45 45 4.9823695990525625 1
74 54 5.399612373357457 1
237 60 3.8533597391687304 1
160 62 0.2454369260617026 1
64 63 1.88986433067511 0
214 70 0.8344855486097889 1
42 95 2.061670178918302 1
174 96 0.9572040116406401 0
149 104 0.44178646691106466 1
202 110 1.1290098598838318 0
123 127 5.792311455056181 1
140 136 1.0799224746714913 0
272 144 1.1780972450961724 0
257 150 1.2762720155208536 1
204 166 1.5462526341887264 1
241 169 1.325359400733194 1
77 172 1.7916895602504288 0
140 178 1.8653206380689396 1
261 188 4.417864669110647 1
106 190 4.884194828627882 1
122 196 4.9823695990525625 0
88 199 1.5953400194010667 1
57 205 1.718058482431918 0
265 210 1.325359400733194 1
148 217 2.012582793705961 1
96 228 4.73693267299086 0
100 236 5.006913291658733 1
83 237 4.884194828627882 1
65 240 4.859651136021712 0
154 242 2.086213871524472 1
236 243 1.4971652489763858 1
162 256 1.9389517158874505 1
275 256 1.4480778637640452 0
73 261 5.325981295538946 1
40 276 5.154175447295755 1
123 276 5.325981295538946 1
278 283 1.423534171157875 1
64 284 5.301437602932776 1
175 284 2.086213871524472 1
26 311 5.497787143782138 1
46 316 5.71868037723767 1
14 323 5.767767762450011 1
277 327 1.6198837120072371 1
194 329 2.012582793705961 1
78 345 5.816855147662351 1
277 372 5.080544369477243 1
46 379 0.0 1
133 380 5.5714182216006485 1
99 383 5.964117303299373 1
157 385 5.424156065963627 1
213 386 5.227806525114265 1
270 387 5.473243451175968 1
230 388 5.325981295538946 1
163 403 5.890486225480862 0
177 403 5.5714182216006485 0
211 407 5.6941366846315 1
257 410 5.841398840268521 0
129 430 0.0 1
187 433 5.988660995905543 1
84 443 0.14726215563702155 1
15 463 0.3190680038802134 1
198 487 6.086835766330224 0
49 488 3.4606606574700063 1
102 493 3.2888548092268146 0
218 501 6.086835766330224 1
200 511 3.0925052683774528 0
90 515 0.2699806186678728 0
22 530 0.2945243112740431 1
194 540 6.062292073724054 1
