296
560
500
63
117 42 5.71868037723767 0
120 74 2.1598449493429825 0
169 74 0.2454369260617026 0
214 85 0.8344855486097889 0
44 93 1.9634954084936207 0
82 94 1.9389517158874505 0
108 106 5.375068680751287 1
183 110 0.9572040116406401 0
156 112 0.2454369260617026 0
210 122 1.1535535524900022 0
135 140 5.841398840268521 1
139 149 0.02454369260617026 0
155 156 1.1044661672776617 1
142 175 1.7426021750380885 1
215 183 1.521708941582556 1
252 186 1.1535535524900022 0
154 196 1.7671458676442586 1
261 197 4.295146206079795 0
91 202 1.6198837120072371 0
123 210 4.76147636559703 1
166 211 1.6935147898257479 1
139 212 4.908738521234052 0
106 224 1.5462526341887264 1
77 239 1.5953400194010667 0
120 244 4.638757902566179 1
248 252 1.3989904785517047 1
173 256 1.9144080232812801 1
119 258 4.957825906446392 1
108 262 4.73693267299086 0
93 265 4.71238898038469 1
184 278 1.8162332528565992 0
99 283 5.105088062083414 1
145 288 5.227806525114265 0
66 300 5.031456984264903 0
187 328 2.061670178918302 0
26 329 5.227806525114265 0
59 333 5.375068680751287 0
81 333 5.424156065963627 0
39 334 5.301437602932776 0
213 345 1.9144080232812801 0
49 350 5.792311455056181 1
114 365 5.6941366846315 1
42 370 6.062292073724054 1
243 392 5.080544369477243 1
256 396 5.252350217720435 1
138 400 5.767767762450011 1
189 400 5.325981295538946 1
89 401 6.1850105367549055 1
158 406 5.66959299202533 0
241 411 5.448699758569798 0
197 417 5.497787143782138 0
58 421 0.07363107781851078 0
206 423 5.5714182216006485 1
225 443 5.8659425328746915 1
168 453 6.160466844148735 0
124 456 0.09817477042468103 0
66 484 0.2699806186678728 1
221 487 2.8961557275280905 1
67 498 3.1661363461959633 0
158 507 0.22089323345553233 0
80 512 0.1718058482431918 0
155 521 3.3379421944391554 1
130 523 0.1718058482431918 1
