296
560
500
63
148 91 5.767767762450011 0
86 97 5.325981295538946 0
151 124 2.184388641949153 0
197 124 0.22089323345553233 0
246 133 0.8344855486097889 1
78 142 1.9389517158874505 1
113 143 1.9634954084936207 0
139 155 5.399612373357457 1
213 160 0.9572040116406401 0
26 166 5.105088062083414 0
41 166 1.7671458676442586 0
90 168 1.9144080232812801 0
240 173 1.1535535524900022 0
42 178 4.933282213840222 0
76 180 5.105088062083414 1
164 191 5.792311455056181 1
189 202 1.1290098598838318 0
174 203 1.7671458676442586 1
244 234 1.521708941582556 1
282 240 1.2026409377023426 0
182 246 1.718058482431918 1
120 250 1.5953400194010667 0
152 260 4.76147636559703 1
168 262 4.884194828627882 0
195 263 1.6935147898257479 1
135 275 1.5462526341887264 1
106 289 1.6198837120072371 0
149 293 4.638757902566179 1
29 303 5.080544369477243 0
276 303 1.4480778637640452 1
201 305 1.88986433067511 1
148 307 4.957825906446392 1
122 312 4.71238898038469 1
137 312 4.76147636559703 0
208 328 1.8407769454627694 1
128 332 5.105088062083414 1
178 341 5.178719139901925 1
99 351 5.006913291658733 1
122 369 5.325981295538946 1
55 375 5.227806525114265 0
215 376 2.0371264863121317 0
68 382 5.301437602932776 0
109 382 5.448699758569798 0
90 385 5.375068680751287 1
240 395 1.9144080232812801 0
79 405 5.816855147662351 0
141 415 5.71868037723767 1
69 419 6.062292073724054 1
159 430 2.748893571891069 0
270 444 5.056000676871073 1
282 448 5.2768939103266055 1
49 450 6.1850105367549055 1
164 450 5.816855147662351 1
217 450 5.2768939103266055 1
116 451 6.160466844148735 1
187 455 5.620505606812989 0
267 463 5.473243451175968 0
224 467 5.497787143782138 0
234 473 5.522330836388308 1
81 476 0.07363107781851078 1
249 495 5.8659425328746915 1
194 503 6.1850105367549055 0
150 506 0.09817477042468103 0
