296
560
500
51
118 91 5.964117303299373 0
257 99 3.3870295796514958 1
238 109 0.2945243112740431 1
136 117 2.6998061866787286 0
209 128 0.36815538909255385 1
132 138 5.988660995905543 1
243 185 0.7117670855789375 0
152 202 0.02454369260617026 1
201 240 0.9326603190344698 0
82 242 5.252350217720435 0
148 253 6.135923151542564 1
219 269 4.0987966652304335 1
241 278 1.2026409377023426 0
153 281 0.5645049299419159 1
64 290 1.9880391010997909 0
190 290 1.227184630308513 1
154 291 1.9144080232812801 0
155 324 1.718058482431918 1
50 330 5.105088062083414 1
172 334 1.4726215563702154 0
268 335 4.319689898685965 1
180 338 1.3744467859455345 1
286 339 0.9572040116406401 0
161 350 1.6198837120072371 0
129 354 1.9144080232812801 0
168 394 2.012582793705961 1
279 396 4.172427743048944 1
180 404 1.227184630308513 1
243 414 4.074252972624263 0
178 423 5.71868037723767 1
115 429 5.227806525114265 0
87 431 5.2768939103266055 1
208 434 3.730641276137879 1
227 434 3.902447124381071 0
278 437 4.000621894805752 1
153 443 5.64504929941916 0
137 450 5.5714182216006485 0
124 456 5.546874528994478 0
192 462 0.3436116964863836 0
143 470 6.013204688511713 1
224 471 3.485204350076177 1
279 476 3.706097583531709 0
73 485 5.6941366846315 0
219 485 3.3870295796514958 1
38 489 5.620505606812989 0
96 497 5.841398840268521 1
119 502 6.086835766330224 0
278 506 3.509748042682347 0
36 509 5.8659425328746915 0
52 530 6.062292073724054 1
87 530 0.0 1
