296
560
500
47
71 153 5.964117303299373 0
205 165 3.436116964863836 1
186 173 0.3436116964863836 1
87 177 2.650718801466388 0
156 193 0.3436116964863836 0
84 198 5.988660995905543 1
182 224 0.6135923151542565 0
197 235 3.730641276137879 0
193 243 0.760854470791278 0
268 247 0.8344855486097889 0
247 258 3.8533597391687304 0
107 263 0.02454369260617026 1
155 300 0.9326603190344698 0
37 304 5.252350217720435 0
101 309 6.135923151542564 0
174 333 4.0987966652304335 1
193 338 1.227184630308513 0
108 343 0.5890486225480862 1
19 349 1.9880391010997909 0
256 350 1.1044661672776617 1
108 352 1.9144080232812801 0
144 352 1.2762720155208536 1
114 386 1.718058482431918 0
126 392 1.5462526341887264 0
219 397 4.368777283898306 1
236 399 1.1780972450961724 0
133 401 1.3989904785517047 1
115 411 1.6689710972195777 0
242 412 4.319689898685965 0
82 415 1.9144080232812801 0
120 454 1.9634954084936207 1
229 457 4.196971435655114 1
133 465 1.2762720155208536 1
194 476 4.0987966652304335 0
130 485 5.767767762450011 1
67 491 5.227806525114265 0
40 492 5.2768939103266055 1
178 496 3.902447124381071 0
228 497 3.9760782021995817 1
105 505 5.620505606812989 0
88 513 5.5714182216006485 0
75 518 5.595961914206819 0
142 524 0.3436116964863836 0
92 532 6.013204688511713 1
174 533 3.485204350076177 1
230 539 3.730641276137879 0
21 541 5.71868037723767 1
