296
560
500
50
85 111 5.988660995905543 0
219 128 3.485204350076177 1
102 135 2.6998061866787286 0
199 135 0.39269908169872414 1
169 154 0.39269908169872414 0
97 156 6.037748381117884 1
193 186 0.6381360077604268 0
209 198 3.730641276137879 0
204 206 0.8099418560036186 0
117 222 0.04908738521234052 1
257 222 3.8533597391687304 0
47 259 5.301437602932776 0
164 262 1.0062913968529805 0
109 268 6.160466844148735 0
182 296 4.172427743048944 1
200 302 1.2517283229146832 0
115 303 0.5645049299419159 1
26 305 1.9880391010997909 0
151 314 1.3008157081270237 1
262 315 1.1535535524900022 1
120 345 1.7916895602504288 0
10 347 5.154175447295755 1
131 351 1.5953400194010667 0
222 360 4.417864669110647 1
138 361 1.4480778637640452 1
239 363 1.1780972450961724 0
119 372 1.6935147898257479 0
86 374 1.9634954084936207 0
245 376 4.344233591292136 0
123 415 2.0371264863121317 1
231 422 4.246058820867455 1
129 426 1.4971652489763858 0
195 440 4.123340357836604 0
131 446 5.71868037723767 1
40 449 5.350524988145116 1
68 449 5.2768939103266055 0
179 460 3.9515345095934116 0
230 464 4.000621894805752 1
105 465 5.66959299202533 0
88 472 5.620505606812989 0
75 476 5.64504929941916 0
141 486 0.39269908169872414 0
92 491 6.086835766330224 1
173 497 3.5588354278946874 1
23 502 5.71868037723767 0
229 505 3.7551849687440497 0
46 515 5.890486225480862 1
167 519 3.485204350076177 0
67 521 6.160466844148735 0
33 547 0.02454369260617026 1
