296
560
500
43
159 21 3.2643111166206444 1
183 63 3.313398501832985 0
221 66 3.6570101983193686 1
183 114 3.1661363461959633 1
167 128 0.09817477042468103 1
54 129 5.841398840268521 0
141 151 0.07363107781851078 1
74 155 2.478912953223196 0
74 179 5.743224069843841 1
172 179 0.14726215563702155 0
263 179 0.6135923151542565 0
192 180 3.2397674240144743 1
241 192 3.6079228131070282 0
188 193 0.44178646691106466 0
111 241 5.915029918087033 1
168 258 0.6135923151542565 0
81 266 2.061670178918302 0
278 273 0.8344855486097889 1
193 279 3.730641276137879 1
72 281 5.252350217720435 0
218 281 0.859029241215959 0
119 286 5.767767762450011 0
51 296 5.080544369477243 0
179 311 0.9081166264282996 1
143 321 1.521708941582556 0
150 325 1.2026409377023426 1
260 325 4.000621894805752 1
161 351 1.3008157081270237 0
174 351 1.0799224746714913 0
187 359 0.9817477042468103 1
172 374 1.227184630308513 0
140 388 1.521708941582556 0
270 407 3.7551849687440497 0
194 411 1.521708941582556 1
211 418 0.8835729338221293 1
264 430 3.5342917352885173 0
214 435 5.448699758569798 1
199 462 5.301437602932776 0
275 464 3.141592653589793 1
152 469 4.9823695990525625 0
240 470 6.209554229361076 0
185 477 5.203262832508095 0
196 493 5.6941366846315 1
