296
560
500
29
58 115 6.135923151542564 0
68 143 2.82252464970958 0
167 147 0.36815538909255385 1
63 163 6.135923151542564 1
135 168 0.4663301595172349 0
158 205 0.6381360077604268 0
168 213 3.77972866135022 0
164 224 0.8099418560036186 0
73 235 0.1227184630308513 0
59 273 6.258641614573416 0
115 273 1.055378782065321 0
130 307 4.221515128261284 1
61 316 2.086213871524472 0
149 317 1.3008157081270237 0
65 322 1.7426021750380885 1
97 322 1.3989904785517047 1
62 350 1.88986433067511 0
73 358 1.6935147898257479 0
79 369 1.5462526341887264 1
24 375 2.110757564130642 0
59 376 1.8407769454627694 0
57 420 2.184388641949153 1
68 434 1.3499030933393643 1
63 452 5.939573610693203 1
34 467 5.743224069843841 0
112 470 4.025165587411922 0
16 473 5.6941366846315 0
67 490 0.4908738521234052 0
17 492 6.1850105367549055 1
