296
560
500
47
68 15 2.2334760271614935 0
60 24 5.448699758569798 0
157 31 0.9081166264282996 0
37 39 5.227806525114265 0
101 45 5.988660995905543 0
177 62 4.049709280018092 1
199 71 1.1780972450961724 0
148 85 1.227184630308513 1
264 85 1.0799224746714913 1
112 86 1.9389517158874505 0
19 87 2.086213871524472 0
117 91 1.5707963267948966 1
118 120 1.718058482431918 0
130 127 1.521708941582556 0
229 134 4.295146206079795 1
247 137 1.1290098598838318 0
139 139 1.3499030933393643 1
119 147 1.6198837120072371 0
252 147 4.295146206079795 0
85 150 1.9389517158874505 0
126 190 1.9389517158874505 1
243 198 4.172427743048944 1
140 205 1.1780972450961724 1
206 215 4.074252972624263 0
138 223 5.767767762450011 1
70 230 5.203262832508095 0
42 234 5.227806525114265 1
192 236 3.8533597391687304 0
112 243 5.620505606812989 0
96 253 5.448699758569798 0
195 255 3.706097583531709 0
80 261 5.522330836388308 0
152 263 0.39269908169872414 0
101 274 5.964117303299373 1
191 275 3.5342917352885173 1
60 303 5.792311455056181 1
262 328 4.614214209960009 1
258 351 4.663301595172349 1
187 367 4.957825906446392 0
262 367 4.73693267299086 1
239 369 4.565126824747668 0
235 378 3.8288160465625602 1
245 389 1.6198837120072371 0
238 410 1.9634954084936207 0
222 430 2.086213871524472 0
206 444 1.8653206380689396 0
199 521 4.589670517353839 0
