296
560
500
46
124 65 6.086835766330224 0
136 93 2.748893571891069 0
240 98 0.39269908169872414 1
209 110 0.4908738521234052 1
133 114 6.013204688511713 1
229 149 0.6872233929727672 0
245 162 3.77972866135022 0
239 170 0.8344855486097889 0
150 182 0.04908738521234052 1
79 214 5.375068680751287 0
195 221 1.0062913968529805 0
142 227 6.209554229361076 0
212 256 4.172427743048944 1
54 258 2.1598449493429825 0
231 263 1.3008157081270237 0
144 271 2.0371264863121317 0
180 274 1.3499030933393643 1
149 277 1.718058482431918 1
33 298 5.252350217720435 1
146 305 1.88986433067511 0
157 311 1.6935147898257479 0
163 321 1.521708941582556 1
251 325 4.466952054322987 1
268 328 1.3008157081270237 0
109 329 2.061670178918302 0
143 332 1.8407769454627694 0
273 344 4.442408361716817 0
143 373 2.1353012567368124 1
154 386 1.3008157081270237 1
57 401 5.399612373357457 1
85 402 5.325981295538946 0
218 403 4.172427743048944 0
150 404 5.890486225480862 1
122 420 5.743224069843841 0
198 420 4.000621894805752 0
104 427 5.66959299202533 0
89 431 5.6941366846315 0
198 438 3.77972866135022 0
156 443 0.44178646691106466 0
104 447 6.111379458936394 1
36 455 5.743224069843841 0
189 455 3.5588354278946874 1
59 469 5.915029918087033 1
76 475 6.209554229361076 0
183 478 3.5342917352885173 0
45 501 0.04908738521234052 1
