296
560
500
50
88 126 6.037748381117884 0
36 135 5.71868037723767 0
100 149 2.675262494072558 1
27 152 5.522330836388308 0
14 172 5.325981295538946 1
170 172 0.4172427743048944 0
97 176 6.013204688511713 1
12 188 5.227806525114265 1
17 202 5.473243451175968 0
245 204 4.123340357836604 1
225 205 3.77972866135022 0
195 206 0.662679700366597 0
16 219 5.129631754689584 0
227 221 3.80427235395639 1
254 226 4.172427743048944 0
21 235 5.350524988145116 1
238 242 4.025165587411922 1
115 244 0.0 1
262 262 4.295146206079795 0
42 279 5.375068680751287 0
161 281 0.9326603190344698 0
10 282 5.227806525114265 1
105 291 6.086835766330224 0
180 315 4.147884050442774 1
205 318 1.3008157081270237 1
21 319 2.110757564130642 0
122 324 1.2517283229146832 0
118 334 2.110757564130642 1
149 334 1.325359400733194 1
116 363 1.8162332528565992 0
127 366 1.6198837120072371 0
237 378 1.2517283229146832 0
221 379 4.466952054322987 1
134 380 1.4726215563702154 1
114 388 1.7426021750380885 0
80 389 2.012582793705961 0
117 431 2.110757564130642 1
128 442 1.325359400733194 1
21 450 5.178719139901925 1
124 457 1.88986433067511 1
191 458 4.147884050442774 0
132 460 0.760854470791278 0
59 463 5.301437602932776 0
23 467 4.957825906446392 1
34 467 5.350524988145116 0
14 482 4.908738521234052 1
155 482 3.877903431774901 0
172 497 3.80427235395639 1
133 500 0.4172427743048944 0
167 512 3.5588354278946874 1
