296
560
500
74
182 53 0.2454369260617026 0
84 59 2.1598449493429825 0
234 72 3.6815538909255388 1
143 83 2.2580197197676637 0
105 92 5.399612373357457 0
243 94 1.0062913968529805 1
280 105 4.123340357836604 0
206 112 3.4606606574700063 1
80 113 1.88986433067511 1
34 142 1.9389517158874505 0
98 143 1.8407769454627694 1
197 150 2.9943304979527716 1
261 150 4.270602513473625 0
160 154 5.595961914206819 1
72 155 5.031456984264903 1
105 168 1.6935147898257479 1
123 177 1.6689710972195777 1
73 191 1.8407769454627694 1
26 193 5.080544369477243 1
195 206 1.3989904785517047 1
268 206 4.221515128261284 1
171 220 4.7860200582032 1
219 235 1.055378782065321 1
109 251 1.4971652489763858 1
91 252 1.6198837120072371 1
40 273 1.9634954084936207 0
78 276 1.8162332528565992 1
149 276 4.516039439535327 1
196 277 1.055378782065321 1
162 286 1.1535535524900022 1
28 308 5.178719139901925 1
149 315 1.030835089459151 1
88 321 1.6689710972195777 0
177 325 4.221515128261284 0
77 333 2.061670178918302 1
106 337 0.8835729338221293 1
134 343 4.270602513473625 0
69 350 5.154175447295755 0
86 353 5.71868037723767 1
102 359 3.9760782021995817 1
143 362 4.049709280018092 0
214 366 3.9269908169872414 1
50 367 5.595961914206819 1
240 367 3.730641276137879 0
273 368 3.3624858870453256 0
166 371 4.049709280018092 1
201 376 3.80427235395639 1
121 380 3.730641276137879 1
50 387 6.062292073724054 0
176 394 3.6079228131070282 1
155 404 3.6079228131070282 1
86 405 3.1661363461959633 0
203 422 3.2643111166206444 0
278 432 2.9206994201342606 0
274 454 0.1227184630308513 0
214 457 2.9206994201342606 1
64 473 2.9943304979527716 1
81 473 0.04908738521234052 1
191 480 5.939573610693203 0
214 483 2.6998061866787286 1
125 487 3.215223731408304 1
162 487 3.313398501832985 0
145 491 3.313398501832985 0
267 491 2.7979809571034093 0
197 495 5.767767762450011 0
175 502 6.160466844148735 0
134 503 6.258641614573416 1
180 512 3.043417883165112 1
112 513 3.141592653589793 1
80 522 6.209554229361076 1
203 527 6.086835766330224 1
145 529 3.215223731408304 0
88 533 3.313398501832985 0
93 550 2.9206994201342606 0
