296
560
500
52
231 89 4.025165587411922 1
204 108 0.8344855486097889 1
187 120 3.9760782021995817 1
219 122 3.9760782021995817 0
74 131 0.3436116964863836 0
124 151 3.6815538909255388 1
36 162 2.2580197197676637 0
133 173 0.9817477042468103 1
168 187 4.123340357836604 1
97 193 3.4606606574700063 1
158 228 4.172427743048944 1
90 232 2.9697868053466014 1
55 236 5.5714182216006485 1
200 246 4.246058820867455 1
19 256 1.5707963267948966 1
162 284 4.196971435655114 1
91 288 1.325359400733194 1
210 301 4.0987966652304335 0
69 308 4.663301595172349 1
116 316 1.030835089459151 1
232 330 3.902447124381071 0
10 332 1.4480778637640452 1
261 350 3.5588354278946874 0
96 359 1.0062913968529805 1
51 360 4.491495746929157 1
64 369 1.1044661672776617 1
205 373 3.730641276137879 0
264 379 3.313398501832985 0
52 396 1.030835089459151 1
189 402 3.5588354278946874 1
80 407 4.196971435655114 0
275 413 3.018874190558942 1
11 415 0.9326603190344698 1
249 417 3.117048960983623 0
40 426 4.221515128261284 0
49 444 4.049709280018092 0
178 445 3.313398501832985 0
144 446 3.6815538909255388 0
119 447 3.877903431774901 1
73 454 4.000621894805752 1
265 455 2.84706834231575 1
107 457 3.7551849687440497 1
27 461 3.877903431774901 1
82 476 3.6324665057131984 1
191 482 3.043417883165112 0
277 482 2.012582793705961 1
63 486 3.6079228131070282 1
243 486 2.84706834231575 0
112 503 3.2397674240144743 0
186 509 2.8716120349219203 0
254 521 2.6261751088602177 1
123 537 2.9206994201342606 1
