296
560
500
40
189 62 0.9572040116406401 0
150 63 3.77972866135022 0
257 101 1.2762720155208536 0
60 109 6.209554229361076 0
34 134 5.620505606812989 1
140 134 0.9326603190344698 0
94 137 3.141592653589793 0
175 181 4.221515128261284 1
242 188 4.516039439535327 1
264 192 4.466952054322987 0
12 195 2.2580197197676637 1
129 201 4.025165587411922 1
170 207 1.521708941582556 1
61 208 6.111379458936394 1
98 225 3.6079228131070282 1
191 235 4.76147636559703 1
85 250 3.6079228131070282 1
72 261 1.8653206380689396 1
31 265 5.497787143782138 1
159 265 4.859651136021712 1
57 268 2.0371264863121317 0
182 301 4.933282213840222 1
68 307 1.6935147898257479 1
132 314 4.7860200582032 0
23 333 1.5953400194010667 1
161 347 4.614214209960009 0
158 378 4.319689898685965 1
224 388 4.417864669110647 1
111 405 4.196971435655114 1
178 407 4.0987966652304335 0
81 420 4.049709280018092 0
20 424 4.025165587411922 0
164 432 3.80427235395639 0
47 447 3.8288160465625602 1
129 453 3.5588354278946874 0
152 466 3.6324665057131984 1
42 477 3.5833791205008576 0
24 492 3.4606606574700063 1
123 497 3.436116964863836 1
85 510 3.4606606574700063 0
