296
560
500
65
111 13 5.522330836388308 1
146 13 2.9943304979527716 1
271 16 1.1780972450961724 1
49 27 1.7671458676442586 1
261 35 4.319689898685965 1
68 38 1.6689710972195777 1
147 48 1.4480778637640452 0
144 78 1.3989904785517047 1
221 79 4.246058820867455 1
119 90 4.76147636559703 1
266 95 4.172427743048944 0
167 103 1.1044661672776617 1
31 113 1.6444274046134073 1
50 113 1.521708941582556 1
16 135 1.8407769454627694 1
93 139 4.565126824747668 1
143 149 1.055378782065321 1
107 154 1.1780972450961724 1
251 167 3.80427235395639 0
26 179 1.718058482431918 0
92 181 1.0799224746714913 1
120 191 4.270602513473625 0
234 196 3.6079228131070282 1
45 197 0.9326603190344698 1
78 204 4.319689898685965 1
23 212 5.767767762450011 1
40 219 4.000621894805752 1
83 225 4.000621894805752 0
185 232 3.7551849687440497 1
156 236 3.9515345095934116 1
107 238 4.074252972624263 1
58 242 3.80427235395639 1
142 244 3.8288160465625602 1
216 245 3.3870295796514958 1
114 261 3.730641276137879 1
24 266 3.215223731408304 0
94 269 3.6570101983193686 1
225 276 3.0925052683774528 0
274 287 3.018874190558942 0
140 291 3.3379421944391554 0
214 304 2.9697868053466014 0
149 327 2.9943304979527716 1
269 336 2.356194490192345 1
84 344 3.436116964863836 0
116 348 3.043417883165112 0
243 349 2.429825568010856 0
191 352 2.748893571891069 0
125 356 2.6261751088602177 1
71 358 2.945243112740431 0
246 363 1.7671458676442586 1
71 369 0.0 1
153 375 5.8659425328746915 1
221 377 2.6261751088602177 1
248 381 1.7916895602504288 1
125 387 5.546874528994478 0
71 391 3.067961575771282 0
30 392 4.7860200582032 1
93 394 3.0925052683774528 0
135 395 6.1850105367549055 1
255 414 5.006913291658733 0
158 432 2.9206994201342606 0
189 438 2.6261751088602177 0
135 452 2.8716120349219203 1
250 453 2.405281875404685 0
237 460 2.552544031041707 0
