296
560
500
29
176 238 0.7363107781851077 0
91 246 0.2945243112740431 0
54 269 2.84706834231575 0
248 284 4.000621894805752 0
216 304 0.859029241215959 1
203 321 3.9760782021995817 1
234 321 3.9760782021995817 0
85 333 0.19634954084936207 1
138 345 3.6815538909255388 1
50 360 2.3316507975861747 0
148 368 0.9817477042468103 1
181 380 4.123340357836604 1
111 389 3.4606606574700063 1
172 423 4.196971435655114 1
67 438 5.399612373357457 1
119 444 3.9515345095934116 1
214 446 4.295146206079795 1
110 456 2.9697868053466014 1
25 460 1.5953400194010667 1
102 463 1.9144080232812801 0
108 479 1.423534171157875 1
174 481 4.246058820867455 1
104 498 1.3499030933393643 1
222 500 4.0987966652304335 0
79 511 4.71238898038469 1
126 515 1.055378782065321 1
104 527 1.1290098598838318 1
10 534 1.4726215563702154 1
240 535 3.877903431774901 1
