296
560
500
53
165 29 0.2699806186678728 1
130 52 2.7979809571034093 1
78 54 5.841398840268521 1
66 112 2.2580197197676637 1
167 120 0.22089323345553233 1
223 135 3.6815538909255388 1
131 142 2.454369260617026 0
90 147 5.5714182216006485 1
57 161 2.0371264863121317 1
241 162 0.9326603190344698 1
85 163 2.110757564130642 0
275 168 4.196971435655114 1
195 176 3.509748042682347 1
70 187 5.2768939103266055 0
71 200 1.9634954084936207 1
43 204 5.154175447295755 1
265 212 4.172427743048944 1
185 213 3.018874190558942 1
146 215 5.71868037723767 1
78 224 1.8407769454627694 1
97 236 1.7671458676442586 1
40 241 1.9389517158874505 1
192 242 3.1661363461959633 1
269 268 4.246058820867455 0
148 286 4.933282213840222 1
204 298 1.1535535524900022 1
55 305 1.7426021750380885 1
74 308 1.5707963267948966 1
38 328 1.8653206380689396 1
116 332 4.614214209960009 1
173 344 1.0799224746714913 1
133 353 1.1780972450961724 1
44 377 1.7916895602504288 0
114 377 1.055378782065321 1
143 384 4.270602513473625 0
63 393 0.9081166264282996 1
265 393 3.6815538909255388 1
94 402 4.295146206079795 0
40 406 5.841398840268521 1
57 415 4.074252972624263 1
97 422 4.000621894805752 1
180 428 3.9269908169872414 1
126 430 4.074252972624263 1
208 431 3.80427235395639 0
242 434 3.411573272257666 0
74 435 3.7551849687440497 1
160 448 3.77972866135022 1
133 453 3.6570101983193686 1
110 463 3.6570101983193686 1
34 468 3.2643111166206444 1
249 468 3.1906800388021335 1
161 492 3.3624858870453256 1
234 501 3.018874190558942 0
