296
560
500
35
99 96 0.3436116964863836 0
151 112 3.6815538909255388 0
158 140 0.9326603190344698 1
198 149 4.074252972624263 0
120 159 3.436116964863836 1
179 193 4.147884050442774 0
115 200 2.9943304979527716 1
78 205 5.546874528994478 1
229 210 4.221515128261284 1
108 220 1.9389517158874505 0
117 231 1.3744467859455345 0
188 248 4.172427743048944 1
115 253 1.325359400733194 1
239 265 4.0987966652304335 0
94 274 4.663301595172349 1
142 283 1.030835089459151 1
126 326 1.0062913968529805 0
75 328 4.466952054322987 1
88 337 1.1044661672776617 1
234 339 3.706097583531709 0
77 366 1.030835089459151 1
220 370 3.5342917352885173 1
104 374 4.221515128261284 0
63 393 4.246058820867455 0
173 409 3.6324665057131984 1
73 412 4.049709280018092 0
203 418 3.2397674240144743 1
143 421 3.877903431774901 0
96 422 4.025165587411922 1
133 432 3.706097583531709 0
109 445 3.5833791205008576 1
213 448 2.9943304979527716 0
88 455 3.5833791205008576 1
136 472 3.2397674240144743 0
210 477 2.8716120349219203 0
