296
560
500
64
133 64 0.2454369260617026 0
185 83 3.6815538909255388 1
94 96 2.2334760271614935 0
57 103 5.424156065963627 0
193 104 0.9572040116406401 1
59 119 1.9389517158874505 0
229 119 4.0987966652304335 1
37 123 1.9144080232812801 0
156 123 3.411573272257666 1
49 144 5.105088062083414 0
214 160 4.196971435655114 0
45 161 1.8162332528565992 0
26 164 5.006913291658733 1
150 164 2.9697868053466014 1
114 168 5.5714182216006485 1
261 179 4.246058820867455 1
58 184 1.6689710972195777 1
152 195 1.4480778637640452 0
75 197 1.5707963267948966 1
27 201 1.8162332528565992 1
226 215 4.196971435655114 0
149 217 1.3989904785517047 1
272 238 4.0987966652304335 0
126 241 4.73693267299086 1
173 249 1.030835089459151 1
46 272 1.5953400194010667 1
65 273 1.4726215563702154 1
38 290 1.7916895602504288 0
156 292 1.030835089459151 0
105 294 4.491495746929157 1
118 304 1.1535535524900022 1
262 311 3.77972866135022 0
107 337 1.0062913968529805 1
44 338 1.6689710972195777 0
247 341 3.5833791205008576 1
134 343 4.221515128261284 0
29 348 2.012582793705961 0
63 354 0.9081166264282996 1
91 361 4.246058820867455 0
28 364 5.006913291658733 0
42 369 5.71868037723767 1
58 375 4.000621894805752 1
197 378 3.7551849687440497 1
100 381 4.074252972624263 0
171 384 3.902447124381071 1
123 390 4.049709280018092 1
230 390 3.313398501832985 1
77 392 3.877903431774901 0
159 401 3.730641276137879 0
135 414 3.6079228131070282 1
240 420 3.018874190558942 0
46 423 3.2397674240144743 0
114 423 3.5833791205008576 1
161 442 3.2643111166206444 0
234 449 2.8716120349219203 0
171 477 2.9206994201342606 1
260 488 0.0 0
142 490 2.9943304979527716 1
167 497 2.1353012567368124 0
145 501 2.650718801466388 0
104 503 3.3379421944391554 1
156 512 5.448699758569798 0
229 517 2.724349879284899 0
164 546 6.013204688511713 1
