296
560
500
52
58 55 6.086835766330224 1
165 74 0.5399612373357456 0
89 87 2.7979809571034093 0
259 93 0.9572040116406401 0
148 100 3.3870295796514958 0
277 101 3.9760782021995817 1
31 109 5.8659425328746915 0
269 110 4.074252972624263 1
56 121 2.5770877236478773 1
218 134 3.877903431774901 1
273 171 4.270602513473625 0
143 186 0.6872233929727672 1
100 193 2.6261751088602177 1
94 207 2.3316507975861747 0
10 228 5.227806525114265 1
127 242 2.6998061866787286 1
205 248 4.221515128261284 1
124 250 0.9572040116406401 0
119 281 1.5953400194010667 1
233 284 1.1044661672776617 0
128 292 1.2517283229146832 0
18 297 1.8653206380689396 0
101 306 1.6935147898257479 1
76 312 1.6935147898257479 1
43 323 1.88986433067511 0
107 324 1.5462526341887264 0
125 333 1.3989904785517047 1
52 339 1.8162332528565992 0
20 356 5.056000676871073 1
152 359 1.2762720155208536 0
270 370 4.221515128261284 1
112 400 1.3499030933393643 0
92 403 1.5707963267948966 0
72 404 1.8407769454627694 0
121 439 4.466952054322987 0
75 453 1.88986433067511 0
82 456 1.6198837120072371 1
116 467 1.1044661672776617 0
87 487 1.3499030933393643 1
124 488 4.270602513473625 1
55 490 5.154175447295755 1
185 503 4.049709280018092 1
76 515 5.743224069843841 1
159 517 3.9515345095934116 1
52 524 5.816855147662351 0
135 526 3.6570101983193686 0
228 538 3.067961575771282 0
147 543 3.436116964863836 1
192 544 3.485204350076177 0
77 545 3.018874190558942 1
209 546 6.135923151542564 0
56 547 6.1850105367549055 1
