296
560
500
45
51 72 5.988660995905543 1
159 81 0.4172427743048944 0
43 83 2.6016314162540475 0
29 91 5.816855147662351 0
86 100 2.6998061866787286 0
145 108 3.2643111166206444 0
29 127 5.816855147662351 0
219 135 3.730641276137879 1
57 137 2.5280003384355365 1
276 163 4.147884050442774 0
152 194 0.6135923151542565 1
107 205 2.5280003384355365 1
103 219 2.282563412373834 0
18 245 5.203262832508095 1
217 247 4.0987966652304335 1
140 250 2.650718801466388 1
137 267 0.9572040116406401 1
250 278 0.9572040116406401 0
144 288 1.227184630308513 1
34 312 1.7671458676442586 0
119 313 1.5707963267948966 1
94 322 1.521708941582556 1
127 330 1.3989904785517047 0
63 333 1.7671458676442586 0
147 337 1.2762720155208536 1
74 349 1.6935147898257479 0
177 359 1.1535535524900022 0
44 366 4.933282213840222 1
17 377 5.006913291658733 0
122 407 1.423534171157875 0
102 410 1.6935147898257479 0
111 458 1.8162332528565992 0
119 458 1.521708941582556 1
120 490 1.6689710972195777 0
231 490 3.877903431774901 0
94 494 5.105088062083414 1
201 510 3.80427235395639 1
118 516 5.6941366846315 1
180 524 3.5833791205008576 0
276 524 3.018874190558942 0
94 527 5.767767762450011 0
238 534 3.3870295796514958 0
279 535 2.724349879284899 1
193 538 3.3379421944391554 1
117 545 2.7979809571034093 1
