296
560
500
42
79 95 5.915029918087033 0
186 105 0.36815538909255385 0
114 127 2.6998061866787286 0
172 132 3.2397674240144743 0
60 156 5.743224069843841 0
248 156 3.706097583531709 1
86 165 2.454369260617026 1
22 201 2.2089323345553233 0
31 213 5.375068680751287 0
183 216 0.5645049299419159 1
139 229 2.5034566458293663 1
135 244 2.2580197197676637 0
251 267 4.049709280018092 1
52 272 5.178719139901925 1
174 273 2.6261751088602177 1
171 292 0.8835729338221293 1
33 293 1.9144080232812801 1
177 309 1.1780972450961724 1
154 336 1.5707963267948966 1
69 343 1.7671458676442586 0
129 346 1.5462526341887264 1
162 351 1.3989904785517047 0
182 359 1.2517283229146832 1
97 366 1.8162332528565992 0
109 374 1.718058482431918 0
213 380 1.1535535524900022 0
79 393 4.933282213840222 1
53 406 4.9823695990525625 0
157 431 1.423534171157875 0
137 434 1.718058482431918 0
146 481 1.7916895602504288 0
153 481 1.4971652489763858 1
271 498 1.2026409377023426 0
285 498 0.9326603190344698 1
161 514 1.3499030933393643 1
261 516 3.9515345095934116 1
129 520 5.056000676871073 1
168 524 0.6381360077604268 1
238 533 3.80427235395639 1
148 534 2.110757564130642 0
156 541 1.8162332528565992 1
163 542 0.9326603190344698 0
