296
560
500
36
186 47 3.4606606574700063 1
223 109 3.6079228131070282 0
81 115 6.1850105367549055 0
158 137 3.3624858870453256 1
78 142 2.773437264497239 0
23 161 2.380738182798515 0
250 184 0.39269908169872414 1
269 190 3.5342917352885173 0
10 209 2.110757564130642 1
120 220 0.14726215563702155 1
200 241 3.706097583531709 1
79 244 2.1353012567368124 0
245 255 0.5890486225480862 0
87 262 1.9634954084936207 0
130 274 2.1598449493429825 1
19 320 4.73693267299086 1
139 327 1.2762720155208536 0
157 350 1.030835089459151 1
173 351 0.8344855486097889 1
216 356 0.7853981633974483 1
118 359 1.1044661672776617 1
58 375 1.3008157081270237 0
93 381 1.3008157081270237 0
109 389 1.2517283229146832 0
91 420 4.491495746929157 1
179 425 1.0062913968529805 0
161 437 1.2762720155208536 0
71 442 4.565126824747668 0
188 475 1.3744467859455345 0
198 475 1.1044661672776617 1
84 483 1.9144080232812801 0
210 502 1.0799224746714913 0
224 512 0.9326603190344698 0
188 518 4.71238898038469 1
210 521 1.7426021750380885 0
226 540 5.5714182216006485 1
