296
560
500
31
64 31 5.988660995905543 0
170 45 0.4172427743048944 0
96 66 2.724349879284899 0
157 73 3.2643111166206444 0
40 95 5.743224069843841 0
230 97 3.730641276137879 1
65 104 2.478912953223196 1
166 160 0.6135923151542565 1
119 171 2.5770877236478773 1
118 190 2.3316507975861747 1
230 209 4.074252972624263 1
27 212 5.227806525114265 1
154 217 2.724349879284899 1
267 241 1.055378782065321 0
144 254 1.5953400194010667 0
158 265 1.1535535524900022 0
43 273 1.7671458676442586 0
129 281 1.5707963267948966 1
174 288 1.227184630308513 0
275 291 1.1535535524900022 0
103 292 1.5953400194010667 1
70 300 1.7671458676442586 0
144 300 1.4726215563702154 1
159 304 1.3008157081270237 1
81 317 1.6935147898257479 0
184 328 4.368777283898306 1
190 328 1.1780972450961724 0
151 373 1.2762720155208536 0
135 379 1.5953400194010667 1
108 384 1.718058482431918 0
145 403 1.6444274046134073 0
