296
560
500
34
248 162 3.2888548092268146 0
227 165 0.1718058482431918 0
222 184 3.4606606574700063 0
86 233 5.939573610693203 0
192 243 0.39269908169872414 0
179 271 3.2643111166206444 0
121 272 2.748893571891069 1
66 293 5.767767762450011 0
254 294 3.6815538909255388 1
89 304 2.454369260617026 1
24 338 2.282563412373834 0
32 353 5.399612373357457 0
191 359 0.5890486225480862 1
142 370 2.5770877236478773 1
142 388 2.3316507975861747 1
257 405 4.000621894805752 1
179 406 2.773437264497239 0
53 409 5.203262832508095 1
33 428 2.012582793705961 1
192 430 3.215223731408304 0
173 432 0.14726215563702155 1
182 460 1.1780972450961724 0
66 481 1.8162332528565992 0
152 482 1.521708941582556 1
128 489 1.5707963267948966 1
194 489 1.1535535524900022 1
168 498 1.4726215563702154 1
183 502 1.2517283229146832 1
94 504 1.8162332528565992 0
106 513 1.7426021750380885 0
207 518 4.295146206079795 1
215 521 1.1044661672776617 0
74 531 4.9823695990525625 1
45 544 5.105088062083414 0
