296
560
500
44
261 153 4.270602513473625 1
235 155 3.2397674240144743 0
214 159 0.07363107781851078 0
138 160 5.350524988145116 1
255 166 3.6079228131070282 1
223 172 3.2397674240144743 1
62 176 4.7860200582032 1
265 179 4.295146206079795 1
287 180 1.4971652489763858 1
269 190 4.025165587411922 0
52 193 5.105088062083414 0
15 207 5.301437602932776 0
15 226 5.129631754689584 0
191 243 0.19634954084936207 0
14 246 5.154175447295755 0
80 248 5.841398840268521 0
183 273 3.141592653589793 0
124 274 2.6261751088602177 0
263 283 3.509748042682347 1
69 309 5.66959299202533 0
99 320 2.429825568010856 0
34 353 2.086213871524472 0
204 356 0.36815538909255385 1
44 366 5.325981295538946 0
159 373 2.5034566458293663 1
157 386 2.3071071049800045 0
278 390 3.8533597391687304 1
202 404 2.84706834231575 0
25 409 1.9144080232812801 0
71 416 5.154175447295755 1
220 427 2.748893571891069 0
48 431 1.88986433067511 0
196 441 1.6935147898257479 0
208 453 1.030835089459151 0
219 463 1.1290098598838318 0
179 473 1.5462526341887264 1
91 482 1.7671458676442586 0
193 482 1.3989904785517047 1
153 484 1.521708941582556 1
208 486 1.2026409377023426 1
119 496 1.6689710972195777 0
71 501 1.9880391010997909 0
234 504 4.295146206079795 1
132 512 1.6689710972195777 0
