296
560
500
33
210 152 3.5833791205008576 0
155 166 0.04908738521234052 0
162 186 3.2397674240144743 0
247 247 3.730641276137879 0
137 253 0.09817477042468103 0
31 264 5.767767762450011 0
132 282 3.043417883165112 0
212 286 3.411573272257666 1
73 289 2.5280003384355365 0
23 326 5.620505606812989 0
278 329 4.295146206079795 0
52 337 2.3316507975861747 0
159 362 0.2945243112740431 1
113 378 2.356194490192345 0
240 392 3.7551849687440497 1
115 397 2.1598449493429825 0
280 404 0.760854470791278 0
167 410 2.84706834231575 0
32 436 5.080544369477243 1
166 442 0.7117670855789375 0
175 456 0.9572040116406401 0
191 469 1.0062913968529805 0
147 474 1.3989904785517047 1
164 484 1.2762720155208536 1
185 486 1.0799224746714913 0
122 487 1.423534171157875 1
57 491 1.6198837120072371 0
88 505 1.5707963267948966 0
217 505 0.9326603190344698 0
210 506 4.147884050442774 1
103 520 1.5462526341887264 0
75 544 4.7860200582032 1
188 545 1.1044661672776617 1
