296
560
500
64
146 28 2.945243112740431 1
116 40 6.013204688511713 0
144 103 2.84706834231575 0
176 106 0.36815538909255385 0
165 112 3.067961575771282 1
138 114 6.234097921967246 1
106 122 2.380738182798515 0
186 136 0.6135923151542565 0
243 144 3.7551849687440497 0
240 160 0.9572040116406401 0
175 174 3.313398501832985 1
57 181 5.2768939103266055 0
221 181 3.902447124381071 1
22 187 1.9144080232812801 1
133 193 1.9880391010997909 1
56 202 1.8407769454627694 1
84 208 1.7426021750380885 1
158 209 2.061670178918302 1
177 209 3.3379421944391554 1
240 229 1.3008157081270237 1
169 239 1.055378782065321 0
261 247 1.227184630308513 1
189 255 4.246058820867455 1
214 257 1.4971652489763858 1
185 268 4.196971435655114 0
44 275 1.6444274046134073 1
25 278 4.908738521234052 0
167 283 0.760854470791278 1
236 292 1.5707963267948966 0
129 299 1.1780972450961724 1
197 307 5.056000676871073 1
161 309 0.8344855486097889 0
120 314 1.227184630308513 1
219 316 2.405281875404685 0
232 316 1.8653206380689396 0
27 327 1.7426021750380885 0
246 331 1.7671458676442586 1
117 335 1.2517283229146832 0
73 338 1.423534171157875 1
258 343 1.6198837120072371 1
269 353 1.2517283229146832 0
48 358 1.5953400194010667 0
233 377 5.203262832508095 0
22 381 1.88986433067511 0
77 390 4.565126824747668 0
240 395 6.037748381117884 1
263 396 2.8961557275280905 1
198 399 6.062292073724054 1
148 400 4.0987966652304335 0
29 409 1.6198837120072371 0
239 410 6.013204688511713 1
107 423 4.196971435655114 1
28 429 1.6935147898257479 1
67 444 4.000621894805752 1
33 447 3.6570101983193686 1
15 452 5.620505606812989 1
144 452 3.6079228131070282 1
103 454 3.5833791205008576 1
173 456 0.07363107781851078 1
72 458 3.3624858870453256 0
50 459 0.19634954084936207 0
206 467 3.215223731408304 1
174 520 0.02454369260617026 1
111 527 3.2888548092268146 0
