296
560
500
56
139 30 0.2699806186678728 0
102 102 2.8716120349219203 0
228 108 3.8288160465625602 1
251 112 0.859029241215959 1
97 114 6.160466844148735 1
64 120 2.405281875404685 0
143 131 0.5890486225480862 1
203 139 3.730641276137879 1
198 160 0.9572040116406401 0
137 171 3.3379421944391554 0
14 178 5.2768939103266055 0
178 182 3.9269908169872414 1
245 187 1.0062913968529805 1
92 195 2.0371264863121317 1
13 200 1.8653206380689396 1
42 208 1.7916895602504288 1
116 211 2.086213871524472 1
135 211 3.3379421944391554 1
197 227 1.3008157081270237 1
127 240 1.1535535524900022 0
218 245 1.2762720155208536 1
145 256 4.295146206079795 1
170 258 1.4971652489763858 1
122 284 0.5890486225480862 1
192 289 1.5462526341887264 0
84 301 1.1780972450961724 1
115 310 0.8099418560036186 0
188 314 1.8407769454627694 0
176 315 2.380738182798515 0
76 320 1.227184630308513 1
203 328 1.7426021750380885 1
72 335 1.3008157081270237 0
27 338 1.423534171157875 1
215 341 1.4480778637640452 1
221 351 1.1535535524900022 1
190 375 5.178719139901925 0
249 376 4.049709280018092 1
221 377 5.6941366846315 1
32 389 4.516039439535327 0
197 391 6.062292073724054 1
221 394 2.9697868053466014 1
156 398 6.013204688511713 1
102 399 4.0987966652304335 0
197 406 6.086835766330224 1
213 416 3.043417883165112 0
62 422 4.172427743048944 1
22 439 4.025165587411922 1
199 443 3.0925052683774528 1
101 449 3.5833791205008576 1
58 451 3.6079228131070282 1
25 452 3.411573272257666 0
133 453 0.07363107781851078 1
164 463 3.2397674240144743 1
189 501 3.1906800388021335 0
135 515 0.0 1
68 522 3.313398501832985 0
