296
560
500
67
143 23 3.018874190558942 1
122 25 6.209554229361076 1
163 32 0.1718058482431918 0
132 99 2.773437264497239 0
256 102 3.77972866135022 1
127 111 6.111379458936394 1
94 121 2.356194490192345 0
175 125 0.5399612373357456 1
235 133 3.706097583531709 1
231 153 0.9572040116406401 0
172 166 3.3379421944391554 0
212 174 3.877903431774901 1
46 184 5.227806525114265 0
278 184 1.030835089459151 1
12 185 1.88986433067511 1
127 190 1.9880391010997909 1
47 204 1.8407769454627694 1
171 205 3.313398501832985 1
151 206 2.0371264863121317 1
76 209 1.718058482431918 1
167 218 1.0799224746714913 1
158 219 1.6198837120072371 1
233 221 1.325359400733194 1
163 233 1.030835089459151 0
253 241 1.2762720155208536 1
182 249 4.270602513473625 1
208 251 1.521708941582556 1
190 252 1.88986433067511 0
38 271 1.6444274046134073 1
161 278 0.5399612373357456 1
17 279 4.908738521234052 0
229 283 1.5462526341887264 0
123 296 1.1535535524900022 1
155 304 0.8344855486097889 0
226 305 1.7671458676442586 0
215 307 2.282563412373834 0
115 313 1.2026409377023426 1
239 319 1.6444274046134073 1
21 325 1.718058482431918 0
111 331 1.2517283229146832 0
67 338 1.3744467859455345 1
42 355 1.521708941582556 0
228 370 5.178719139901925 0
258 373 5.66959299202533 1
18 378 1.8653206380689396 0
234 388 6.062292073724054 1
73 389 4.491495746929157 0
259 391 2.9943304979527716 1
195 394 5.988660995905543 1
143 396 4.0987966652304335 0
234 402 6.135923151542564 1
26 407 1.5707963267948966 0
255 422 3.1906800388021335 1
99 425 4.147884050442774 0
26 428 1.4480778637640452 1
239 440 3.0925052683774528 1
63 443 4.025165587411922 1
142 448 3.5833791205008576 1
36 449 3.9269908169872414 1
173 451 0.07363107781851078 1
100 452 3.5588354278946874 1
69 456 3.313398501832985 0
49 459 0.1227184630308513 0
203 460 3.215223731408304 1
231 498 3.1661363461959633 0
171 515 6.258641614573416 1
112 524 3.2643111166206444 0
