296
560
500
52
170 97 2.9697868053466014 0
211 103 3.436116964863836 0
200 112 0.4663301595172349 0
94 117 5.841398840268521 1
81 138 2.356194490192345 1
233 148 1.1290098598838318 1
107 162 2.282563412373834 0
156 173 2.5280003384355365 1
208 176 3.80427235395639 0
274 188 4.319689898685965 0
37 191 2.2334760271614935 1
170 200 2.675262494072558 1
258 204 1.4971652489763858 1
188 209 3.80427235395639 1
241 211 4.491495746929157 0
167 213 2.1353012567368124 1
167 224 1.718058482431918 0
222 250 1.8407769454627694 1
172 251 4.81056375080937 1
287 252 1.5462526341887264 1
99 256 1.7916895602504288 1
140 260 1.325359400733194 1
161 261 4.8351074434155406 0
84 262 1.8653206380689396 1
26 267 2.061670178918302 1
193 269 2.184388641949153 1
120 281 1.4726215563702154 0
232 285 1.8653206380689396 0
63 286 1.8407769454627694 1
195 303 2.086213871524472 0
168 317 2.84706834231575 0
175 321 2.454369260617026 1
180 348 2.405281875404685 1
60 355 4.589670517353839 0
185 364 2.061670178918302 1
143 374 5.767767762450011 1
184 377 1.8162332528565992 1
104 379 0.3436116964863836 1
214 381 1.5462526341887264 0
141 396 0.36815538909255385 1
170 396 2.1353012567368124 1
28 397 4.123340357836604 1
130 408 0.44178646691106466 1
192 411 4.614214209960009 1
160 414 3.6079228131070282 1
53 418 0.662679700366597 1
134 436 3.7551849687440497 1
74 443 3.8288160465625602 1
113 443 3.6570101983193686 1
129 462 0.19634954084936207 0
91 480 0.6872233929727672 0
73 488 3.706097583531709 0
