296
560
500
55
219 17 1.5462526341887264 1
189 25 4.246058820867455 0
41 32 1.6689710972195777 1
171 41 0.5399612373357456 1
244 55 1.521708941582556 1
132 58 1.1535535524900022 1
165 69 0.7853981633974483 0
219 70 2.454369260617026 1
238 72 1.8407769454627694 0
123 74 1.227184630308513 1
251 93 1.8407769454627694 1
121 98 1.2517283229146832 0
263 102 1.5462526341887264 1
74 104 1.3744467859455345 1
268 113 1.227184630308513 1
41 120 1.521708941582556 1
238 135 5.178719139901925 0
267 139 5.767767762450011 1
79 151 4.516039439535327 0
243 154 6.062292073724054 1
268 157 2.9697868053466014 1
203 159 6.013204688511713 1
151 161 4.123340357836604 0
241 170 6.111379458936394 1
31 172 1.6198837120072371 0
107 190 4.123340357836604 0
260 190 3.2397674240144743 1
42 205 3.706097583531709 0
245 207 3.0925052683774528 1
69 208 4.000621894805752 1
149 213 3.5833791205008576 1
181 217 0.09817477042468103 1
109 218 3.5833791205008576 1
69 219 3.2888548092268146 0
50 222 0.1227184630308513 0
210 227 3.2643111166206444 1
234 266 3.1906800388021335 0
182 282 6.234097921967246 1
234 284 3.043417883165112 0
119 289 3.2397674240144743 0
176 313 6.258641614573416 1
225 318 3.1661363461959633 0
191 324 0.02454369260617026 0
61 325 3.1906800388021335 0
126 342 3.043417883165112 0
144 342 0.07363107781851078 0
70 353 6.013204688511713 1
214 360 3.1661363461959633 1
127 363 6.258641614573416 1
162 368 3.215223731408304 0
58 375 0.2699806186678728 0
121 375 6.209554229361076 0
187 377 3.0925052683774528 1
148 426 3.018874190558942 0
130 428 6.1850105367549055 0
