296
560
500
56
217 97 0.4172427743048944 1
135 101 3.018874190558942 1
104 105 6.135923151542564 1
158 109 0.19634954084936207 0
243 174 3.706097583531709 1
121 179 2.84706834231575 0
272 179 0.8344855486097889 1
80 194 2.405281875404685 1
120 194 6.1850105367549055 0
166 206 0.5890486225480862 1
216 218 3.730641276137879 1
149 241 3.117048960983623 0
222 241 0.9817477042468103 1
201 248 3.8288160465625602 0
31 254 5.350524988145116 0
271 255 0.9572040116406401 1
108 273 1.9389517158874505 1
29 276 1.88986433067511 1
157 284 3.313398501832985 1
134 285 2.0371264863121317 1
64 286 1.7671458676442586 0
142 298 1.6444274046134073 1
210 299 1.1535535524900022 1
245 315 1.1780972450961724 1
167 325 4.0987966652304335 1
180 327 1.8653206380689396 1
194 330 1.4971652489763858 1
172 339 4.8351074434155406 1
21 343 1.6935147898257479 0
144 354 0.5645049299419159 1
219 355 1.4971652489763858 0
107 371 1.1780972450961724 1
196 379 2.380738182798515 1
217 380 1.8407769454627694 0
139 381 0.7363107781851077 0
100 394 1.1535535524900022 1
231 397 1.7426021750380885 1
47 413 1.4480778637640452 1
93 414 1.227184630308513 1
13 423 1.6689710972195777 1
250 445 1.521708941582556 1
222 446 5.227806525114265 1
55 457 4.491495746929157 1
229 458 6.111379458936394 1
251 463 3.043417883165112 1
181 468 6.013204688511713 1
129 472 4.074252972624263 0
223 475 6.135923151542564 1
239 486 3.067961575771282 0
82 491 4.123340357836604 1
218 503 2.9697868053466014 0
32 505 4.049709280018092 1
116 515 3.5588354278946874 1
155 521 0.07363107781851078 1
70 524 3.5833791205008576 0
184 529 3.215223731408304 1
