296
560
500
54
136 73 0.1718058482431918 0
105 139 2.773437264497239 0
226 139 3.730641276137879 1
103 150 6.1850105367549055 1
70 158 2.429825568010856 0
152 167 0.5645049299419159 1
207 172 3.706097583531709 1
203 198 0.9572040116406401 1
149 202 3.3379421944391554 1
19 216 5.2768939103266055 0
195 220 3.9515345095934116 0
257 223 1.0062913968529805 0
99 232 1.9880391010997909 1
17 239 1.88986433067511 1
124 245 2.0371264863121317 1
147 246 3.3624858870453256 1
52 248 1.7916895602504288 0
131 259 1.6444274046134073 1
206 261 1.3008157081270237 1
226 279 1.2762720155208536 1
155 287 4.123340357836604 1
180 291 1.521708941582556 1
151 302 4.270602513473625 0
132 316 0.5890486225480862 1
158 320 4.074252972624263 0
206 328 1.521708941582556 1
93 331 1.1780972450961724 1
125 341 0.8344855486097889 0
180 344 2.478912953223196 1
198 346 1.8407769454627694 0
84 347 1.227184630308513 1
212 364 1.8162332528565992 1
82 369 1.3008157081270237 0
223 376 1.4971652489763858 1
36 377 1.423534171157875 1
228 385 1.2026409377023426 1
204 409 5.129631754689584 1
227 411 5.71868037723767 1
39 423 4.565126824747668 0
204 425 6.086835766330224 1
227 429 2.9943304979527716 1
111 431 4.0987966652304335 0
165 431 5.988660995905543 1
203 441 6.111379458936394 1
65 460 4.147884050442774 0
219 462 3.2397674240144743 1
198 471 3.043417883165112 0
27 477 4.025165587411922 1
107 483 3.5833791205008576 1
67 488 3.5833791205008576 1
140 488 0.09817477042468103 1
31 490 3.3379421944391554 0
168 498 3.2643111166206444 1
195 537 3.1906800388021335 0
