296
560
500
62
105 84 2.9943304979527716 1
78 88 6.135923151542564 1
126 92 0.1227184630308513 0
221 156 3.706097583531709 1
242 157 0.9081166264282996 1
101 160 2.7979809571034093 0
254 175 4.049709280018092 0
97 177 6.062292073724054 0
65 180 2.380738182798515 0
147 185 0.5399612373357456 1
202 189 3.6815538909255388 1
200 216 0.9326603190344698 1
143 226 3.3379421944391554 0
247 234 0.9572040116406401 1
191 236 3.9269908169872414 0
15 241 5.252350217720435 0
96 253 1.9634954084936207 1
15 262 1.8407769454627694 1
144 264 3.2888548092268146 1
121 265 1.9880391010997909 1
50 268 1.7426021750380885 0
205 276 1.2762720155208536 1
130 278 1.6198837120072371 1
135 287 1.1535535524900022 0
221 295 1.2026409377023426 0
155 304 4.0987966652304335 1
180 306 1.4726215563702154 1
168 307 1.9144080232812801 1
151 319 4.221515128261284 0
159 320 4.884194828627882 1
133 334 0.5645049299419159 1
157 337 4.0987966652304335 0
207 344 1.4480778637640452 1
95 351 1.1535535524900022 1
127 360 0.760854470791278 0
183 360 2.429825568010856 1
201 361 1.8162332528565992 0
86 367 1.2026409377023426 1
216 379 1.7916895602504288 1
84 389 1.227184630308513 0
228 389 1.4726215563702154 1
39 397 1.3744467859455345 1
233 398 1.0799224746714913 1
261 420 4.000621894805752 1
204 422 5.178719139901925 0
234 423 5.64504929941916 1
212 439 5.988660995905543 1
234 440 2.8716120349219203 1
45 445 4.491495746929157 0
172 447 5.964117303299373 1
118 451 4.049709280018092 0
210 455 6.013204688511713 1
230 473 3.141592653589793 1
249 473 6.135923151542564 1
73 481 4.0987966652304335 0
209 484 2.9697868053466014 0
36 499 3.9515345095934116 1
116 501 3.5342917352885173 1
153 505 0.02454369260617026 1
76 507 3.509748042682347 1
40 511 3.436116964863836 0
179 512 3.1906800388021335 1
