296
560
500
49
246 70 0.7363107781851077 1
209 84 3.730641276137879 1
201 90 0.7363107781851077 0
104 96 3.067961575771282 0
92 129 2.8716120349219203 0
99 142 0.14726215563702155 0
57 172 2.3071071049800045 1
230 181 1.055378782065321 1
205 200 1.1535535524900022 1
123 213 3.2643111166206444 1
25 226 5.325981295538946 1
56 249 5.375068680751287 1
84 255 6.037748381117884 1
134 276 1.3744467859455345 1
70 280 2.061670178918302 1
47 288 2.2089323345553233 1
186 291 4.319689898685965 1
167 293 4.221515128261284 0
212 304 4.319689898685965 0
138 307 5.399612373357457 0
173 313 3.5588354278946874 1
199 317 4.074252972624263 1
285 319 4.049709280018092 1
170 322 2.9206994201342606 0
54 325 5.2768939103266055 1
21 336 5.424156065963627 1
221 340 3.9269908169872414 0
130 344 5.66959299202533 1
180 346 2.8961557275280905 1
243 348 4.025165587411922 1
198 352 3.3379421944391554 0
227 355 3.6815538909255388 1
211 370 3.1661363461959633 0
248 372 3.3624858870453256 0
68 385 5.5714182216006485 1
222 398 2.9206994201342606 0
267 399 3.043417883165112 0
23 411 5.6941366846315 1
31 428 5.792311455056181 0
105 436 2.748893571891069 1
89 438 5.890486225480862 1
63 458 2.650718801466388 0
48 467 5.767767762450011 0
92 474 5.71868037723767 1
191 507 6.1850105367549055 0
236 507 5.915029918087033 1
89 508 5.939573610693203 0
203 511 3.043417883165112 0
159 518 2.8961557275280905 0
