296
560
500
62
224 38 3.706097583531709 1
216 44 0.6872233929727672 0
121 55 3.018874190558942 0
112 89 2.84706834231575 0
41 102 2.405281875404685 1
119 102 0.09817477042468103 0
80 133 2.282563412373834 1
250 136 1.030835089459151 1
225 155 1.1535535524900022 1
147 166 3.215223731408304 0
50 189 5.252350217720435 1
82 210 5.325981295538946 1
109 216 6.037748381117884 1
164 234 1.2762720155208536 0
96 241 1.9880391010997909 1
194 249 4.221515128261284 1
74 250 2.1598449493429825 1
210 250 4.295146206079795 1
235 261 4.295146206079795 0
163 268 5.399612373357457 0
198 272 3.5342917352885173 1
224 276 4.049709280018092 1
195 282 2.9206994201342606 0
83 287 5.203262832508095 1
244 296 3.902447124381071 0
51 299 5.350524988145116 1
269 304 3.9760782021995817 1
157 305 5.64504929941916 1
206 306 2.8961557275280905 1
223 309 3.2397674240144743 0
17 311 2.3316507975861747 0
252 312 3.6570101983193686 1
237 327 3.0925052683774528 0
275 327 3.2888548092268146 0
98 348 5.497787143782138 1
16 351 5.497787143782138 0
250 355 2.84706834231575 0
54 375 5.66959299202533 1
62 392 5.767767762450011 0
136 398 2.6998061866787286 1
120 401 5.841398840268521 1
19 402 5.890486225480862 0
34 412 2.748893571891069 0
96 421 2.650718801466388 0
17 422 5.890486225480862 1
78 431 5.767767762450011 0
36 435 5.964117303299373 1
123 437 5.6941366846315 1
57 448 5.964117303299373 1
87 459 5.8659425328746915 1
49 468 2.9697868053466014 0
125 478 5.841398840268521 1
174 478 2.6998061866787286 1
188 491 2.454369260617026 1
217 492 5.841398840268521 1
160 496 2.405281875404685 0
111 498 2.6998061866787286 1
97 500 2.8716120349219203 1
222 506 2.84706834231575 1
193 508 5.939573610693203 1
164 517 5.5714182216006485 0
124 540 5.66959299202533 1
