296
560
500
51
218 77 3.706097583531709 1
210 83 0.7117670855789375 0
114 95 2.9943304979527716 0
106 128 2.82252464970958 0
32 139 2.429825568010856 0
111 142 0.04908738521234052 0
74 172 2.2334760271614935 1
243 173 1.0062913968529805 1
219 193 1.1290098598838318 1
139 210 3.1661363461959633 1
45 230 5.252350217720435 1
77 250 5.301437602932776 1
104 256 5.964117303299373 1
160 274 1.2517283229146832 0
92 281 1.9634954084936207 1
190 286 4.196971435655114 1
206 287 4.295146206079795 1
71 290 2.1598449493429825 1
231 298 4.270602513473625 0
160 304 5.424156065963627 0
194 309 3.5342917352885173 1
220 313 4.049709280018092 1
191 319 2.8961557275280905 0
79 327 5.203262832508095 1
242 334 3.902447124381071 0
47 340 5.350524988145116 1
265 341 3.9760782021995817 1
154 342 5.64504929941916 1
202 342 2.84706834231575 1
221 347 3.2888548092268146 0
249 349 3.6570101983193686 1
13 353 2.3071071049800045 0
234 364 3.0925052683774528 0
271 364 3.2888548092268146 0
95 387 5.497787143782138 1
15 391 5.473243451175968 0
247 392 2.84706834231575 0
52 415 5.620505606812989 1
60 432 5.743224069843841 0
134 436 2.675262494072558 1
118 439 5.841398840268521 1
32 453 2.748893571891069 0
93 460 2.748893571891069 0
75 467 5.816855147662351 1
122 475 5.66959299202533 1
34 483 5.890486225480862 0
55 488 5.988660995905543 1
86 498 5.841398840268521 1
201 506 5.915029918087033 1
234 506 2.6998061866787286 0
121 510 5.8659425328746915 0
