296
560
500
36
169 105 3.5342917352885173 0
143 132 3.3379421944391554 0
145 146 0.6381360077604268 0
93 156 2.724349879284899 1
38 197 5.6941366846315 1
135 221 3.5833791205008576 1
61 230 5.743224069843841 1
249 235 1.423534171157875 1
218 242 1.5953400194010667 1
84 248 0.1227184630308513 1
100 257 1.4726215563702154 0
37 263 2.552544031041707 1
60 266 2.405281875404685 1
95 267 2.1598449493429825 1
122 290 1.7916895602504288 1
29 304 5.595961914206819 1
148 316 4.638757902566179 1
108 317 5.64504929941916 1
162 323 4.76147636559703 1
142 338 3.902447124381071 1
182 345 4.71238898038469 0
136 346 3.3379421944391554 0
91 347 6.013204688511713 0
165 353 4.417864669110647 1
16 369 5.915029918087033 1
135 372 3.313398501832985 1
177 380 4.295146206079795 0
247 384 4.368777283898306 1
146 387 3.6570101983193686 1
197 396 4.319689898685965 1
172 399 4.049709280018092 0
156 406 3.485204350076177 0
191 420 3.7551849687440497 0
225 425 3.9269908169872414 0
158 438 3.2888548092268146 0
200 452 3.3624858870453256 0
