296
560
500
44
110 17 0.22089323345553233 0
67 44 2.356194490192345 1
242 62 1.055378782065321 1
213 80 1.227184630308513 1
130 93 3.313398501832985 1
30 101 5.350524988145116 1
61 128 5.399612373357457 1
91 134 6.135923151542564 1
144 160 1.3744467859455345 0
73 165 2.061670178918302 1
53 167 2.2580197197676637 1
173 175 4.295146206079795 1
190 178 4.368777283898306 1
163 186 4.123340357836604 1
216 192 4.344233591292136 0
176 201 3.5588354278946874 1
201 204 4.123340357836604 1
57 208 5.301437602932776 1
173 210 2.9943304979527716 0
25 215 5.448699758569798 1
132 226 5.66959299202533 0
222 226 3.9515345095934116 0
246 234 4.000621894805752 1
181 235 2.9206994201342606 1
229 242 3.6570101983193686 1
197 246 3.3379421944391554 1
250 257 3.2888548092268146 0
213 264 3.117048960983623 1
69 271 5.595961914206819 1
224 286 2.84706834231575 0
272 286 3.067961575771282 0
26 291 5.767767762450011 1
34 309 5.890486225480862 0
107 324 2.773437264497239 1
90 326 5.915029918087033 1
64 343 2.675262494072558 0
47 352 5.816855147662351 0
91 363 5.767767762450011 1
55 382 5.915029918087033 1
200 395 5.915029918087033 0
91 396 5.964117303299373 0
168 398 2.6998061866787286 1
222 402 2.478912953223196 1
204 405 2.748893571891069 1
