296
560
500
41
169 63 3.730641276137879 1
157 68 0.7363107781851077 0
63 79 3.0925052683774528 0
50 115 2.8961557275280905 0
60 128 0.22089323345553233 0
16 158 2.3071071049800045 1
189 163 1.0062913968529805 1
163 185 1.1535535524900022 1
84 197 3.2888548092268146 0
15 238 5.375068680751287 1
43 245 6.013204688511713 1
93 268 1.3499030933393643 1
28 271 2.0371264863121317 1
129 283 4.270602513473625 1
145 285 4.368777283898306 1
175 292 4.319689898685965 1
92 298 5.2768939103266055 1
247 304 4.025165587411922 1
131 307 3.5833791205008576 1
157 309 4.049709280018092 1
128 316 2.9697868053466014 0
12 317 5.252350217720435 1
179 328 3.8533597391687304 0
204 335 3.9515345095934116 1
88 338 5.66959299202533 1
136 338 2.84706834231575 1
263 342 3.3379421944391554 1
187 343 3.5588354278946874 1
240 345 3.5833791205008576 1
155 349 3.2888548092268146 1
207 358 3.2643111166206444 0
168 365 3.043417883165112 1
26 379 5.522330836388308 1
226 385 2.9697868053466014 0
181 386 2.7979809571034093 0
250 399 2.724349879284899 1
66 431 2.650718801466388 1
51 434 5.816855147662351 1
28 458 2.3071071049800045 0
58 473 5.620505606812989 1
135 514 2.6016314162540475 0
