296
560
500
38
134 130 3.067961575771282 0
121 164 2.8961557275280905 0
129 176 0.1718058482431918 0
256 179 4.025165587411922 0
253 203 4.172427743048944 1
86 206 2.3071071049800045 1
237 235 1.2026409377023426 0
151 243 3.2888548092268146 0
53 261 5.301437602932776 1
84 284 5.375068680751287 1
109 286 5.964117303299373 0
92 311 2.061670178918302 0
161 317 1.5953400194010667 1
79 326 2.2334760271614935 0
214 327 4.344233591292136 0
188 338 4.270602513473625 1
175 343 3.5833791205008576 0
235 343 4.3933209765044765 0
161 349 5.350524988145116 0
197 354 3.6570101983193686 1
221 356 4.074252972624263 1
19 358 2.5280003384355365 0
81 361 5.252350217720435 1
194 363 3.018874190558942 0
47 365 5.399612373357457 0
153 377 5.71868037723767 0
241 377 3.9515345095934116 0
204 381 2.9697868053466014 0
218 392 3.3624858870453256 0
267 394 3.902447124381071 0
246 400 3.6324665057131984 0
233 411 3.1906800388021335 0
91 423 5.5714182216006485 1
243 438 2.8716120349219203 0
48 454 5.66959299202533 0
55 465 5.792311455056181 0
81 494 2.478912953223196 1
111 516 5.71868037723767 1
