296
560
500
35
181 140 3.877903431774901 1
217 157 3.9269908169872414 0
200 163 0.760854470791278 0
103 167 3.117048960983623 0
92 200 2.945243112740431 0
100 219 0.2454369260617026 1
54 241 2.356194490192345 1
225 254 1.055378782065321 1
205 275 1.227184630308513 0
118 281 3.3379421944391554 0
19 296 5.325981295538946 1
49 319 5.424156065963627 1
74 323 5.964117303299373 0
63 348 2.061670178918302 1
127 354 1.5953400194010667 1
44 361 2.2580197197676637 0
180 365 4.3933209765044765 0
157 371 4.295146206079795 0
142 379 3.5833791205008576 0
201 381 4.3933209765044765 0
127 385 5.350524988145116 0
162 391 3.6324665057131984 1
188 395 4.074252972624263 1
45 396 5.2768939103266055 1
160 401 3.067961575771282 0
14 404 5.399612373357457 1
118 414 5.743224069843841 0
208 417 3.9760782021995817 0
235 429 4.000621894805752 1
183 430 3.3379421944391554 0
212 438 3.6324665057131984 0
197 448 3.1661363461959633 0
55 458 5.595961914206819 1
208 475 2.8716120349219203 0
37 520 6.013204688511713 1
