296
560
500
56
174 60 3.1906800388021335 0
76 77 6.062292073724054 0
125 113 2.8716120349219203 1
124 123 6.1850105367549055 0
267 137 0.5890486225480862 0
260 148 3.8533597391687304 0
34 155 2.356194490192345 1
130 168 2.7979809571034093 0
241 170 3.8533597391687304 0
141 197 0.02454369260617026 0
208 209 0.9572040116406401 1
155 214 2.8716120349219203 1
210 231 3.8533597391687304 1
29 240 1.9880391010997909 0
167 247 2.9206994201342606 0
198 250 1.055378782065321 0
176 267 2.8716120349219203 0
96 269 1.8162332528565992 0
63 276 1.8653206380689396 0
162 276 0.02454369260617026 0
26 282 5.105088062083414 0
262 287 4.196971435655114 1
180 294 3.018874190558942 1
80 302 1.6689710972195777 1
49 343 1.7916895602504288 1
263 343 4.221515128261284 0
134 351 1.1780972450961724 1
183 371 1.1535535524900022 0
103 374 1.2762720155208536 0
260 378 4.172427743048944 0
187 385 4.270602513473625 1
82 397 1.3499030933393643 1
58 398 1.7426021750380885 0
76 415 1.423534171157875 0
113 418 4.3933209765044765 1
265 418 3.9515345095934116 0
173 421 4.172427743048944 0
233 429 3.9269908169872414 1
65 439 1.7426021750380885 0
277 450 3.6815538909255388 1
76 456 1.5462526341887264 0
78 471 5.5714182216006485 1
154 471 3.902447124381071 0
64 472 5.056000676871073 0
113 472 4.000621894805752 0
183 475 3.80427235395639 1
252 475 3.4606606574700063 0
95 479 3.411573272257666 0
95 496 2.82252464970958 0
63 498 5.8659425328746915 0
226 499 3.313398501832985 0
263 509 3.2397674240144743 0
179 517 3.436116964863836 1
141 520 3.5588354278946874 0
73 543 5.964117303299373 0
137 548 3.215223731408304 0
