296
560
500
45
154 129 3.117048960983623 0
41 150 2.6016314162540475 0
59 158 5.890486225480862 0
109 184 2.6998061866787286 1
250 190 0.5399612373357456 0
106 196 6.037748381117884 0
247 206 3.77972866135022 0
230 229 3.7551849687440497 0
26 236 2.3316507975861747 1
121 238 2.6261751088602177 0
132 268 6.160466844148735 0
203 272 0.8344855486097889 1
151 287 2.773437264497239 0
206 291 3.730641276137879 1
195 311 0.8835729338221293 0
166 314 2.7979809571034093 0
26 319 1.9880391010997909 0
176 331 2.675262494072558 0
266 337 4.025165587411922 1
164 342 6.135923151542564 0
97 343 1.7916895602504288 0
62 353 1.8162332528565992 0
24 359 5.105088062083414 0
187 359 3.043417883165112 1
82 374 1.6444274046134073 1
273 390 4.074252972624263 0
178 391 1.0062913968529805 0
141 417 1.1044661672776617 1
45 419 1.6935147898257479 0
272 426 4.049709280018092 0
109 441 1.2026409377023426 0
89 465 1.2762720155208536 1
281 465 3.8288160465625602 0
64 467 1.6198837120072371 0
249 480 3.7551849687440497 1
187 482 4.049709280018092 0
84 487 1.2762720155208536 0
132 490 4.196971435655114 0
75 511 1.6198837120072371 0
268 522 3.3379421944391554 0
87 523 1.0062913968529805 0
199 524 3.6570101983193686 0
171 531 3.730641276137879 0
127 536 3.902447124381071 0
94 538 0.760854470791278 1
