296
560
500
48
159 110 3.313398501832985 0
58 117 6.111379458936394 0
101 156 2.9206994201342606 0
100 172 6.258641614573416 0
245 192 0.8344855486097889 0
13 194 2.478912953223196 1
237 201 3.9269908169872414 0
256 205 3.9760782021995817 0
108 220 2.82252464970958 0
219 221 3.8533597391687304 0
119 249 6.258641614573416 0
187 260 0.9572040116406401 1
135 271 2.8716120349219203 0
188 280 3.8533597391687304 1
148 299 2.8961557275280905 0
176 299 1.0062913968529805 0
156 317 2.773437264497239 0
76 320 1.7671458676442586 0
143 327 6.234097921967246 0
42 328 1.7671458676442586 0
244 337 4.123340357836604 1
163 347 3.043417883165112 1
62 350 1.5462526341887264 1
149 355 0.6135923151542565 0
251 388 4.074252972624263 0
29 397 1.6198837120072371 0
124 401 1.030835089459151 1
252 422 4.049709280018092 0
95 423 1.1535535524900022 0
83 447 1.2762720155208536 0
52 448 1.5953400194010667 0
263 461 3.8533597391687304 0
173 468 4.074252972624263 0
74 470 1.2762720155208536 0
233 473 3.8288160465625602 1
124 477 4.147884050442774 0
278 491 3.6079228131070282 1
65 493 1.6935147898257479 0
78 506 1.4726215563702154 0
188 515 3.730641276137879 0
256 519 3.436116964863836 0
160 520 3.8288160465625602 0
82 523 5.522330836388308 1
118 523 3.9515345095934116 0
66 525 4.9823695990525625 0
100 530 3.411573272257666 0
234 543 3.2397674240144743 0
103 548 2.945243112740431 0
