296
560
500
30
31 17 1.6198837120072371 1
128 55 1.1290098598838318 1
214 72 4.246058820867455 0
83 76 1.227184630308513 0
59 101 1.3989904785517047 0
209 109 4.196971435655114 0
41 119 1.3499030933393643 0
30 141 1.3989904785517047 0
266 141 3.8288160465625602 0
215 151 3.9515345095934116 0
126 154 4.196971435655114 0
77 156 4.319689898685965 0
181 169 3.9515345095934116 0
30 179 1.1290098598838318 0
228 183 3.6079228131070282 1
68 199 4.049709280018092 0
35 203 3.6324665057131984 0
134 203 3.877903431774901 0
51 204 3.6079228131070282 0
107 204 3.9760782021995817 0
201 211 3.509748042682347 0
55 224 2.9206994201342606 0
264 229 3.3624858870453256 0
174 235 3.3624858870453256 0
212 241 3.117048960983623 0
93 250 3.6079228131070282 0
130 251 3.509748042682347 1
93 279 3.313398501832985 0
129 302 3.1661363461959633 0
133 359 2.2334760271614935 0
