296
560
500
25
34 184 6.209554229361076 0
139 189 3.5342917352885173 0
72 232 3.067961575771282 0
66 250 0.04908738521234052 0
113 256 0.39269908169872414 1
112 265 3.3624858870453256 0
204 286 3.902447124381071 0
68 299 2.82252464970958 0
180 302 3.80427235395639 0
78 328 0.09817477042468103 0
147 346 0.9572040116406401 1
93 351 2.9697868053466014 0
146 363 3.8288160465625602 1
100 378 2.8961557275280905 0
141 386 1.0799224746714913 1
32 399 1.7671458676442586 0
197 422 4.172427743048944 0
114 423 2.8961557275280905 1
12 425 1.6935147898257479 0
204 475 4.147884050442774 0
70 483 1.2026409377023426 0
43 504 1.2762720155208536 0
201 511 4.0987966652304335 0
25 526 1.3008157081270237 0
14 544 1.521708941582556 0
