296
560
500
48
173 86 3.411573272257666 0
65 90 6.160466844148735 0
110 131 2.945243112740431 0
110 146 6.258641614573416 0
18 170 2.405281875404685 1
264 170 1.0062913968529805 1
251 183 3.902447124381071 0
273 187 4.0987966652304335 0
115 192 2.8961557275280905 0
222 197 3.8533597391687304 0
123 221 0.14726215563702155 0
190 241 1.055378782065321 1
138 246 3.067961575771282 0
191 262 3.9269908169872414 1
142 272 2.945243112740431 0
175 280 1.1290098598838318 0
73 289 1.8653206380689396 0
40 294 1.9389517158874505 0
52 317 1.7426021750380885 0
153 320 3.0925052683774528 1
237 321 4.270602513473625 1
15 358 1.9144080232812801 0
101 375 1.325359400733194 0
233 379 4.246058820867455 0
77 397 1.3989904785517047 1
26 412 1.7671458676442586 0
226 415 4.196971435655114 0
51 418 1.4480778637640452 1
43 434 1.4971652489763858 0
88 452 4.344233591292136 0
138 453 4.246058820867455 0
228 454 3.9760782021995817 0
31 457 1.8162332528565992 0
194 464 4.025165587411922 1
41 474 1.6198837120072371 0
240 484 3.6079228131070282 1
29 490 5.080544369477243 0
74 495 4.123340357836604 0
56 499 3.4606606574700063 0
115 500 4.000621894805752 0
143 500 3.9269908169872414 0
209 511 3.5342917352885173 0
59 512 3.018874190558942 1
26 515 5.915029918087033 0
180 534 3.411573272257666 0
219 541 3.117048960983623 0
98 546 3.6324665057131984 0
134 548 3.5833791205008576 1
