296
560
500
47
89 91 6.1850105367549055 0
193 94 3.4606606574700063 0
131 134 3.067961575771282 0
126 148 0.07363107781851078 0
40 163 2.478912953223196 1
269 187 0.9572040116406401 0
128 196 2.9697868053466014 0
261 196 4.049709280018092 0
282 205 4.0987966652304335 0
241 212 3.9515345095934116 0
136 225 0.1718058482431918 0
151 244 3.067961575771282 1
202 247 1.0799224746714913 1
23 249 2.1353012567368124 0
201 265 3.9269908169872414 1
154 277 3.043417883165112 0
183 281 1.1044661672776617 0
83 289 1.9144080232812801 0
50 291 1.9144080232812801 0
14 293 5.178719139901925 0
65 316 1.7916895602504288 1
163 323 3.117048960983623 1
246 329 4.319689898685965 1
27 355 1.8653206380689396 0
109 373 1.2762720155208536 0
241 383 4.344233591292136 0
36 411 1.7671458676442586 0
64 417 1.3744467859455345 0
232 419 4.221515128261284 1
20 427 1.9389517158874505 0
53 430 1.521708941582556 0
273 431 4.147884050442774 0
149 450 4.221515128261284 0
38 459 1.88986433067511 0
239 459 4.025165587411922 0
206 464 4.000621894805752 1
247 489 3.77972866135022 1
85 491 4.0987966652304335 0
125 495 4.000621894805752 0
155 496 3.877903431774901 0
66 497 4.049709280018092 0
55 501 3.1906800388021335 1
220 511 3.6079228131070282 0
71 517 3.1906800388021335 0
192 533 3.509748042682347 0
111 544 3.6324665057131984 0
146 544 3.5588354278946874 1
