296
560
500
38
159 83 3.4606606574700063 0
99 123 3.018874190558942 0
93 138 0.04908738521234052 0
237 174 0.9572040116406401 0
229 182 4.025165587411922 0
97 186 2.9697868053466014 0
248 190 4.0987966652304335 0
209 199 3.9269908169872414 0
104 215 0.14726215563702155 0
170 234 1.030835089459151 1
119 240 3.0925052683774528 0
171 255 3.9269908169872414 1
122 266 2.9697868053466014 0
154 271 1.0799224746714913 0
52 279 1.8653206380689396 0
18 285 1.8653206380689396 0
31 306 1.7426021750380885 0
134 313 3.141592653589793 1
217 315 4.295146206079795 1
81 364 1.2762720155208536 0
214 372 4.319689898685965 0
206 410 4.246058820867455 1
38 416 1.3499030933393643 0
262 423 4.074252972624263 0
27 428 1.4480778637640452 0
124 443 4.196971435655114 0
215 451 4.000621894805752 0
179 461 3.9760782021995817 0
224 481 3.7551849687440497 1
61 489 4.0987966652304335 0
132 491 3.8533597391687304 0
103 493 3.9515345095934116 0
44 494 3.9760782021995817 0
198 505 3.5833791205008576 0
51 508 3.6324665057131984 1
173 528 3.436116964863836 0
90 541 3.6079228131070282 0
123 541 3.5833791205008576 1
