296
560
500
35
190 170 0.8344855486097889 0
159 174 3.4606606574700063 0
191 194 3.877903431774901 0
127 203 0.5154175447295755 0
80 207 2.380738182798515 0
50 209 5.66959299202533 0
109 214 2.748893571891069 0
35 217 2.2334760271614935 1
159 223 3.706097583531709 0
212 229 0.9817477042468103 1
74 232 5.71868037723767 0
114 235 0.4908738521234052 1
244 238 4.074252972624263 0
104 251 2.380738182798515 1
29 263 1.9634954084936207 0
115 286 2.2334760271614935 1
80 317 1.6198837120072371 1
209 317 4.147884050442774 0
129 343 1.2762720155208536 1
55 347 1.5953400194010667 1
134 360 1.3008157081270237 0
35 394 1.5462526341887264 0
17 423 1.5953400194010667 1
65 500 4.270602513473625 1
272 502 3.3870295796514958 1
196 512 3.6570101983193686 1
132 513 4.000621894805752 1
244 521 3.485204350076177 1
87 524 4.000621894805752 0
67 530 3.8288160465625602 1
160 531 3.730641276137879 0
224 533 3.2888548092268146 1
123 541 3.706097583531709 0
65 543 3.485204350076177 1
93 544 3.6570101983193686 0
