296
560
500
35
187 146 0.9326603190344698 0
186 171 3.9760782021995817 0
74 172 2.478912953223196 0
121 175 0.6135923151542565 0
103 185 2.9206994201342606 0
66 198 5.841398840268521 0
152 198 3.77972866135022 0
105 206 0.5399612373357456 1
202 207 1.030835089459151 1
234 219 4.172427743048944 0
94 222 2.5034566458293663 1
100 255 2.184388641949153 1
61 280 1.718058482431918 0
188 297 4.270602513473625 1
43 312 1.6935147898257479 0
116 331 1.3989904785517047 0
14 361 1.5953400194010667 0
45 468 4.270602513473625 0
257 469 3.5588354278946874 0
241 484 3.5342917352885173 0
104 489 4.0987966652304335 1
61 491 4.074252972624263 1
165 491 3.7551849687440497 1
45 501 3.902447124381071 0
204 503 3.6079228131070282 1
129 507 3.80427235395639 0
37 517 3.5588354278946874 1
61 517 3.730641276137879 0
192 517 3.436116964863836 1
94 518 3.8288160465625602 0
198 532 3.141592653589793 1
101 537 3.4606606574700063 0
46 539 3.1661363461959633 0
141 541 3.436116964863836 0
76 549 3.2397674240144743 0
