296
560
500
28
202 105 3.117048960983623 0
179 124 6.258641614573416 0
238 127 1.055378782065321 0
220 129 3.3624858870453256 0
209 147 0.9572040116406401 1
197 161 3.1661363461959633 1
257 162 4.246058820867455 0
187 194 2.82252464970958 1
140 200 2.184388641949153 1
109 209 2.1598449493429825 0
63 234 2.086213871524472 0
253 262 4.6878452877785195 0
42 344 4.71238898038469 0
46 375 4.417864669110647 0
90 391 4.417864669110647 1
68 408 4.196971435655114 0
106 417 4.147884050442774 0
140 421 4.123340357836604 0
62 433 3.9760782021995817 1
195 442 4.025165587411922 1
239 444 4.0987966652304335 0
165 449 3.8288160465625602 0
180 449 3.9760782021995817 1
220 449 4.000621894805752 0
192 450 0.6381360077604268 0
98 456 3.877903431774901 1
157 478 3.6570101983193686 0
138 488 0.5399612373357456 0
