296
560
500
30
60 11 2.6016314162540475 1
67 46 2.2580197197676637 1
27 74 1.5707963267948966 0
156 78 4.172427743048944 1
12 108 1.521708941582556 0
87 119 1.2517283229146832 0
257 153 4.0987966652304335 1
245 251 3.6570101983193686 0
231 264 3.5342917352885173 0
27 267 4.196971435655114 1
207 271 3.6324665057131984 1
95 279 3.9760782021995817 1
154 279 3.6570101983193686 0
50 293 3.9760782021995817 0
186 293 3.3624858870453256 0
121 295 3.706097583531709 0
85 310 3.730641276137879 0
195 322 3.0925052683774528 0
94 336 3.411573272257666 1
136 336 3.3379421944391554 1
69 343 3.436116964863836 0
184 343 6.209554229361076 0
241 345 3.067961575771282 1
192 362 3.1906800388021335 0
205 392 2.9697868053466014 1
166 411 2.9697868053466014 0
139 449 2.9206994201342606 1
205 462 2.773437264497239 1
109 479 0.1718058482431918 1
136 519 0.04908738521234052 0
