296
560
500
27
220 177 3.7551849687440497 1
69 183 2.8961557275280905 0
55 200 6.111379458936394 1
271 206 0.8099418560036186 1
110 222 3.1661363461959633 0
273 256 4.000621894805752 1
56 280 2.650718801466388 0
204 286 0.9081166264282996 1
55 300 5.915029918087033 0
38 303 2.454369260617026 1
86 306 2.675262494072558 0
138 311 0.8344855486097889 1
193 315 3.9760782021995817 1
15 321 5.620505606812989 1
115 322 3.043417883165112 0
76 324 6.013204688511713 1
161 339 3.902447124381071 0
22 343 2.3316507975861747 0
115 344 0.662679700366597 1
215 347 0.9326603190344698 1
251 347 4.049709280018092 1
103 358 2.748893571891069 1
107 393 2.5034566458293663 1
65 408 1.88986433067511 1
37 428 1.8162332528565992 0
201 432 4.123340357836604 1
116 458 1.3499030933393643 0
