296
560
500
37
242 112 0.8835729338221293 0
99 120 2.5034566458293663 0
242 137 3.9269908169872414 0
176 141 0.6135923151542565 0
99 142 5.71868037723767 0
129 142 2.454369260617026 0
83 149 2.3316507975861747 1
159 152 2.8716120349219203 0
208 165 3.77972866135022 0
121 167 5.792311455056181 0
263 167 1.0062913968529805 0
158 174 0.4663301595172349 1
153 190 2.6016314162540475 1
75 193 2.0371264863121317 0
160 226 2.405281875404685 1
117 249 1.718058482431918 0
248 264 4.221515128261284 1
50 268 1.8653206380689396 0
93 281 1.6444274046134073 1
169 281 1.325359400733194 1
172 297 1.3499030933393643 0
71 326 1.5953400194010667 0
52 355 1.6689710972195777 1
99 431 4.270602513473625 0
166 449 4.000621894805752 0
117 458 3.9760782021995817 0
222 458 3.706097583531709 0
100 461 3.902447124381071 0
274 468 3.5833791205008576 1
189 469 3.6815538909255388 0
151 478 3.80427235395639 0
255 478 3.411573272257666 1
93 482 3.436116964863836 0
119 483 3.6570101983193686 1
158 497 3.4606606574700063 0
200 500 3.3870295796514958 0
135 508 3.3624858870453256 0
