296
560
500
37
99 72 0.0 0
144 156 0.5645049299419159 0
93 195 0.19634954084936207 0
14 208 2.2580197197676637 0
67 221 6.062292073724054 0
116 243 0.9817477042468103 0
33 249 1.9634954084936207 1
90 278 1.2762720155208536 0
179 289 1.325359400733194 0
68 292 2.110757564130642 0
87 292 1.8162332528565992 1
140 300 1.4971652489763858 1
22 302 4.9823695990525625 1
56 305 5.375068680751287 1
102 325 1.8653206380689396 0
128 340 1.6935147898257479 1
209 347 1.3008157081270237 0
28 352 4.884194828627882 1
164 356 1.5462526341887264 0
244 360 1.3499030933393643 0
45 367 5.105088062083414 0
64 376 5.203262832508095 1
82 381 2.356194490192345 1
45 386 5.031456984264903 0
24 388 4.491495746929157 0
179 400 1.5707963267948966 0
25 407 4.417864669110647 0
227 413 1.2517283229146832 1
120 414 2.061670178918302 1
91 417 2.454369260617026 1
206 417 1.3989904785517047 0
25 426 6.111379458936394 1
45 473 5.988660995905543 0
86 502 5.6941366846315 1
168 516 5.448699758569798 1
153 519 5.64504929941916 1
122 537 6.1850105367549055 0
