296
560
500
38
152 109 0.04908738521234052 0
197 201 0.5154175447295755 1
34 230 2.1353012567368124 0
146 232 0.14726215563702155 0
66 248 2.110757564130642 0
122 257 6.037748381117884 0
49 276 5.252350217720435 0
172 278 1.0062913968529805 0
20 288 1.9634954084936207 0
87 288 1.9389517158874505 1
145 312 1.2517283229146832 0
235 325 1.3008157081270237 0
126 327 2.1353012567368124 0
143 330 1.8162332528565992 1
195 337 1.4480778637640452 1
51 341 1.718058482431918 0
77 341 5.006913291658733 1
113 343 5.2768939103266055 1
157 363 1.8653206380689396 0
183 376 1.6444274046134073 1
267 383 1.3008157081270237 0
128 385 5.154175447295755 0
83 391 4.884194828627882 1
221 392 1.5462526341887264 0
58 396 1.4480778637640452 0
132 397 2.2089323345553233 1
112 411 2.5770877236478773 0
120 413 5.325981295538946 1
137 418 2.3316507975861747 1
78 424 4.540583132141498 0
93 424 5.546874528994478 1
237 436 1.5953400194010667 0
175 451 2.061670178918302 1
263 453 1.423534171157875 0
145 455 2.478912953223196 1
80 466 6.209554229361076 0
100 507 6.037748381117884 0
135 543 5.841398840268521 0
