296
560
500
38
194 126 0.02454369260617026 0
68 190 5.546874528994478 1
240 212 0.5154175447295755 0
79 248 2.1353012567368124 0
189 251 0.14726215563702155 0
111 266 2.110757564130642 0
165 276 6.062292073724054 0
94 296 5.203262832508095 0
214 297 0.9817477042468103 0
64 307 1.9634954084936207 0
131 307 1.9389517158874505 1
189 332 1.2762720155208536 0
277 342 1.3008157081270237 0
168 347 2.061670178918302 0
186 348 1.8162332528565992 1
237 354 1.4480778637640452 1
96 360 1.7426021750380885 0
121 361 4.9823695990525625 1
155 363 5.301437602932776 1
200 382 1.8653206380689396 0
226 396 1.6935147898257479 1
49 406 1.7426021750380885 0
262 410 1.521708941582556 0
127 411 4.884194828627882 1
102 415 1.4971652489763858 0
127 432 5.080544369477243 1
154 432 2.552544031041707 0
162 434 5.203262832508095 1
180 438 2.3071071049800045 1
278 455 1.5953400194010667 0
60 457 1.227184630308513 0
217 471 2.061670178918302 1
35 473 1.325359400733194 0
188 474 2.429825568010856 1
122 488 6.209554229361076 0
142 530 5.988660995905543 0
56 533 3.877903431774901 0
80 553 3.8288160465625602 1
