296
560
500
38
25 124 5.497787143782138 0
120 153 5.939573610693203 0
114 215 5.743224069843841 0
242 220 0.5890486225480862 0
165 236 0.19634954084936207 0
112 249 5.473243451175968 0
222 260 0.7363107781851077 1
65 282 1.3499030933393643 0
280 284 0.6381360077604268 0
170 286 0.6872233929727672 1
32 294 1.325359400733194 0
178 296 1.1044661672776617 1
107 299 1.1780972450961724 1
241 302 0.9326603190344698 1
214 307 1.1044661672776617 1
69 312 4.491495746929157 1
136 343 4.246058820867455 1
205 343 4.344233591292136 0
61 344 1.1780972450961724 0
116 361 0.9817477042468103 0
232 365 1.521708941582556 1
284 365 1.2762720155208536 1
208 377 1.7916895602504288 0
170 381 4.147884050442774 0
189 382 4.442408361716817 1
263 388 1.6444274046134073 1
189 393 4.3933209765044765 1
158 399 0.6872233929727672 0
69 406 1.1780972450961724 0
116 430 0.9572040116406401 0
224 439 5.399612373357457 0
160 459 0.4908738521234052 0
265 459 5.301437602932776 0
120 468 1.0799224746714913 0
151 486 0.5399612373357456 0
235 514 3.0925052683774528 1
202 515 3.1661363461959633 0
278 522 6.135923151542564 0
