296
560
500
56
257 33 1.423534171157875 1
201 35 1.7426021750380885 1
136 47 4.957825906446392 1
109 51 1.6689710972195777 0
217 68 1.8407769454627694 0
246 81 1.6198837120072371 1
190 89 5.105088062083414 0
144 99 4.859651136021712 1
60 102 1.6935147898257479 1
119 108 1.3744467859455345 0
287 112 1.521708941582556 0
172 120 2.6016314162540475 0
199 124 2.2580197197676637 1
43 143 1.7426021750380885 0
79 153 1.1290098598838318 0
240 155 2.012582793705961 1
209 162 2.429825568010856 1
55 171 1.227184630308513 0
145 176 6.111379458936394 0
42 196 1.0799224746714913 0
47 209 4.442408361716817 0
165 217 5.988660995905543 0
81 228 3.80427235395639 0
39 234 0.6135923151542565 1
106 245 3.730641276137879 1
212 249 5.6941366846315 0
264 255 2.380738182798515 0
48 270 0.5645049299419159 1
210 272 6.037748381117884 1
140 275 0.22089323345553233 0
49 283 0.8099418560036186 0
111 300 0.36815538909255385 0
126 301 0.39269908169872414 0
74 309 0.4172427743048944 1
56 311 1.2026409377023426 1
76 325 0.9572040116406401 0
186 326 2.9943304979527716 0
89 331 1.4480778637640452 0
66 379 4.933282213840222 0
163 383 3.877903431774901 1
100 384 5.154175447295755 1
147 403 3.0925052683774528 0
167 410 1.2026409377023426 1
68 411 1.6689710972195777 0
182 430 4.344233591292136 1
177 441 4.663301595172349 1
62 450 4.76147636559703 1
168 457 1.2762720155208536 0
70 466 4.516039439535327 1
93 476 4.344233591292136 1
79 479 4.246058820867455 0
107 481 4.025165587411922 1
190 487 1.227184630308513 1
131 488 4.368777283898306 1
148 489 1.1290098598838318 0
172 495 4.319689898685965 0
