296
560
500
34
156 131 5.964117303299373 0
58 138 5.6941366846315 1
170 160 6.258641614573416 0
38 194 2.356194490192345 1
47 228 5.497787143782138 1
218 249 0.4172427743048944 1
170 277 0.1718058482431918 1
53 286 2.0371264863121317 0
86 298 2.110757564130642 0
148 307 6.135923151542564 0
67 322 5.2768939103266055 1
201 325 0.9326603190344698 1
108 338 1.9144080232812801 1
42 345 1.9634954084936207 0
170 363 1.2517283229146832 0
265 368 1.227184630308513 0
167 381 1.8407769454627694 1
223 384 1.3989904785517047 1
100 389 4.9823695990525625 1
74 391 1.718058482431918 0
189 410 1.88986433067511 1
211 425 1.6444274046134073 1
154 430 5.105088062083414 0
24 436 1.7671458676442586 1
108 438 4.8351074434155406 1
252 439 1.521708941582556 0
82 446 1.3499030933393643 0
130 454 2.454369260617026 1
163 463 2.282563412373834 1
42 489 1.1290098598838318 0
203 498 2.0371264863121317 1
172 502 2.478912953223196 1
16 504 1.4726215563702154 0
107 512 6.234097921967246 0
