296
560
500
41
146 88 6.258641614573416 0
18 161 5.522330836388308 1
194 179 0.4172427743048944 1
147 208 0.1718058482431918 1
31 216 2.1598449493429825 0
65 230 2.110757564130642 0
125 238 6.160466844148735 0
175 255 0.9326603190344698 1
49 256 5.252350217720435 0
85 272 1.9634954084936207 1
15 275 2.110757564130642 0
143 287 1.055378782065321 1
137 297 2.012582793705961 0
239 301 1.2762720155208536 0
141 313 1.8407769454627694 1
196 313 1.423534171157875 1
75 320 5.031456984264903 1
48 322 1.7671458676442586 0
163 342 1.8653206380689396 1
185 356 1.6935147898257479 1
274 357 1.2762720155208536 0
128 364 5.129631754689584 0
80 370 4.933282213840222 1
225 370 1.5462526341887264 0
54 375 1.3989904785517047 0
108 391 2.6261751088602177 0
136 397 2.356194490192345 1
241 415 1.5707963267948966 0
13 423 1.0799224746714913 0
177 429 2.086213871524472 1
270 430 1.3499030933393643 0
146 431 2.454369260617026 1
81 444 6.160466844148735 0
99 477 6.062292073724054 1
14 496 3.6324665057131984 0
40 511 3.6570101983193686 1
143 518 5.816855147662351 0
204 535 5.522330836388308 1
68 540 0.2454369260617026 0
139 541 6.160466844148735 1
93 549 3.313398501832985 1
