296
560
500
39
88 187 5.497787143782138 1
257 196 0.4663301595172349 0
210 236 0.14726215563702155 0
59 243 5.203262832508095 1
97 245 2.086213871524472 0
132 253 2.086213871524472 0
188 261 6.062292073724054 0
242 279 1.030835089459151 1
116 282 5.203262832508095 0
154 292 1.9634954084936207 1
88 298 1.9634954084936207 0
211 317 1.325359400733194 0
212 334 1.8162332528565992 0
265 337 1.4971652489763858 0
142 344 5.031456984264903 1
116 346 1.7426021750380885 0
221 368 1.9144080232812801 0
247 384 1.6935147898257479 1
147 393 4.933282213840222 1
65 394 1.7916895602504288 1
122 399 1.4726215563702154 0
185 414 5.178719139901925 1
162 418 5.056000676871073 0
193 419 2.282563412373834 0
156 431 1.4971652489763858 1
143 432 4.491495746929157 0
79 443 1.227184630308513 0
138 449 4.319689898685965 1
234 451 2.061670178918302 0
163 466 5.056000676871073 1
197 467 2.454369260617026 1
143 470 4.417864669110647 0
137 475 4.074252972624263 1
168 475 5.5714182216006485 0
62 494 0.9326603190344698 1
147 495 4.000621894805752 1
143 506 3.730641276137879 0
59 518 1.2026409377023426 0
100 528 3.902447124381071 0
