296
560
500
61
101 56 5.743224069843841 1
165 58 2.8716120349219203 1
218 62 0.5154175447295755 1
91 76 2.380738182798515 1
132 76 5.939573610693203 1
261 78 3.706097583531709 1
162 88 2.7979809571034093 1
250 113 3.730641276137879 1
123 122 5.792311455056181 0
206 123 0.760854470791278 0
106 131 2.3071071049800045 1
113 133 2.184388641949153 0
61 147 5.325981295538946 1
81 152 5.448699758569798 1
201 155 0.9817477042468103 0
44 156 2.184388641949153 1
104 157 5.448699758569798 1
145 158 6.160466844148735 1
175 167 0.859029241215959 0
157 200 0.9817477042468103 1
16 203 5.154175447295755 1
61 205 2.012582793705961 1
235 212 1.227184630308513 0
144 220 2.061670178918302 0
217 232 1.3499030933393643 1
149 235 1.7916895602504288 1
44 240 5.105088062083414 1
248 241 4.3933209765044765 1
122 243 5.399612373357457 1
163 253 1.8162332528565992 1
117 254 4.933282213840222 1
94 256 1.8162332528565992 1
126 271 5.154175447295755 1
193 274 1.718058482431918 1
103 280 4.9823695990525625 1
218 283 1.423534171157875 0
258 288 1.1535535524900022 0
112 293 5.497787143782138 1
138 295 2.552544031041707 1
87 299 4.957825906446392 0
97 300 5.424156065963627 1
249 316 1.2762720155208536 1
88 317 5.546874528994478 1
217 319 1.7916895602504288 0
60 324 5.203262832508095 1
237 334 1.5462526341887264 0
86 336 5.8659425328746915 1
62 344 5.71868037723767 1
102 370 5.988660995905543 1
212 372 5.178719139901925 1
264 375 4.221515128261284 1
249 378 3.706097583531709 0
219 386 5.915029918087033 1
143 392 5.964117303299373 0
273 393 3.4606606574700063 0
186 423 5.964117303299373 0
118 440 6.234097921967246 1
144 461 3.043417883165112 0
189 467 0.07363107781851078 1
175 481 2.9206994201342606 1
156 490 6.111379458936394 1
