296
560
500
54
105 19 2.8961557275280905 1
212 26 3.8533597391687304 1
81 42 6.013204688511713 0
51 50 2.3316507975861747 0
195 53 3.8533597391687304 1
149 57 0.8099418560036186 0
56 60 2.2580197197676637 0
50 78 5.546874528994478 1
20 79 5.473243451175968 1
85 87 6.209554229361076 1
140 87 1.0062913968529805 0
115 98 0.9326603190344698 0
96 130 1.0799224746714913 1
79 147 2.110757564130642 0
171 148 1.3008157081270237 0
85 164 1.9144080232812801 1
58 166 5.546874528994478 1
151 167 1.3989904785517047 1
242 173 4.368777283898306 1
181 176 4.442408361716817 1
51 180 5.006913291658733 1
28 182 1.88986433067511 1
96 183 1.88986433067511 1
59 197 5.227806525114265 1
266 203 1.1780972450961724 1
36 205 5.031456984264903 1
124 207 1.8162332528565992 1
148 218 1.4971652489763858 0
42 221 5.546874528994478 1
68 224 2.6016314162540475 1
28 226 5.497787143782138 1
16 227 5.056000676871073 0
187 228 1.2762720155208536 0
18 241 5.64504929941916 1
144 253 1.8653206380689396 0
176 254 1.3499030933393643 1
13 262 5.939573610693203 1
163 270 1.5953400194010667 0
27 298 5.988660995905543 1
135 306 5.252350217720435 1
172 314 3.706097583531709 0
187 314 4.295146206079795 1
140 321 6.013204688511713 1
65 322 6.013204688511713 0
196 333 3.5588354278946874 0
107 356 6.013204688511713 0
213 359 3.509748042682347 0
40 371 6.258641614573416 1
70 388 3.117048960983623 1
115 401 0.07363107781851078 1
103 415 3.043417883165112 1
82 422 6.1850105367549055 1
133 431 3.141592653589793 1
109 446 2.9206994201342606 1
