296
560
500
50
95 19 2.9697868053466014 0
142 33 0.5399612373357456 1
53 42 5.988660995905543 1
189 57 3.8533597391687304 1
81 61 2.82252464970958 0
70 73 6.086835766330224 1
57 78 2.5280003384355365 1
172 83 3.7551849687440497 1
127 91 0.7363107781851077 0
34 102 2.2334760271614935 0
28 121 5.473243451175968 1
122 123 0.9817477042468103 0
66 127 6.135923151542564 1
95 135 0.859029241215959 0
78 169 1.0062913968529805 1
154 178 1.227184630308513 0
64 188 2.110757564130642 0
136 200 1.3499030933393643 1
228 200 4.295146206079795 1
167 207 4.3933209765044765 1
40 210 5.448699758569798 1
34 220 5.031456984264903 1
81 220 1.88986433067511 1
11 223 1.8162332528565992 1
43 236 5.252350217720435 1
110 243 1.7916895602504288 1
19 245 5.031456984264903 1
141 249 1.4480778637640452 1
176 258 1.1780972450961724 0
26 260 5.546874528994478 1
53 262 2.6016314162540475 1
13 265 5.448699758569798 1
166 283 1.2517283229146832 1
133 285 1.7916895602504288 0
154 300 1.5462526341887264 0
18 336 5.915029918087033 1
127 338 5.227806525114265 1
182 342 4.221515128261284 1
167 343 3.6570101983193686 0
136 352 5.915029918087033 1
58 358 5.964117303299373 0
190 360 3.509748042682347 0
212 383 3.5342917352885173 1
104 389 5.939573610693203 0
37 407 6.209554229361076 1
67 427 2.9943304979527716 0
113 433 0.04908738521234052 1
102 447 2.9697868053466014 1
80 456 6.135923151542564 1
113 474 2.9206994201342606 0
