296
560
500
66
78 17 5.816855147662351 1
145 23 2.945243112740431 1
190 28 0.44178646691106466 1
65 39 2.405281875404685 1
109 39 6.013204688511713 1
244 46 3.77972866135022 0
135 58 2.82252464970958 0
127 69 6.1850105367549055 1
111 74 2.552544031041707 1
228 83 3.77972866135022 1
181 91 0.7853981633974483 0
87 97 2.2334760271614935 0
33 111 5.350524988145116 1
82 114 5.546874528994478 1
54 115 5.448699758569798 1
14 118 2.2089323345553233 1
175 118 0.9817477042468103 1
117 123 6.1850105367549055 1
147 133 0.9081166264282996 0
31 160 2.086213871524472 0
131 168 1.1044661672776617 1
205 180 1.2762720155208536 0
114 184 2.110757564130642 0
281 198 4.295146206079795 1
119 199 1.8653206380689396 1
12 203 5.178719139901925 1
186 203 1.3744467859455345 1
92 205 5.448699758569798 1
217 211 4.417864669110647 1
63 215 1.8162332528565992 1
85 216 5.056000676871073 1
131 218 1.8653206380689396 1
93 236 5.227806525114265 1
160 241 1.7916895602504288 1
70 243 5.031456984264903 1
184 251 1.4726215563702154 0
78 257 5.546874528994478 1
224 259 1.1780972450961724 0
104 260 2.6016314162540475 1
54 262 4.9823695990525625 0
64 262 5.473243451175968 1
55 278 5.5714182216006485 1
27 284 5.252350217720435 1
181 286 1.8653206380689396 0
213 286 1.3008157081270237 1
50 298 5.915029918087033 1
200 302 1.5707963267948966 0
27 305 5.743224069843841 1
65 333 5.988660995905543 1
174 339 5.203262832508095 1
225 344 4.270602513473625 1
210 345 3.706097583531709 0
179 353 5.988660995905543 1
104 357 5.988660995905543 0
235 363 3.509748042682347 0
146 389 5.988660995905543 0
80 404 6.258641614573416 1
105 427 3.117048960983623 0
149 433 0.07363107781851078 1
135 447 3.018874190558942 1
114 454 6.209554229361076 1
216 457 6.258641614573416 1
166 463 3.141592653589793 1
187 467 3.0925052683774528 1
99 473 2.9206994201342606 0
146 490 2.84706834231575 1
