296
560
500
56
55 16 5.915029918087033 1
45 17 2.3316507975861747 0
134 22 0.7853981633974483 0
39 38 5.5714182216006485 1
13 52 2.2334760271614935 1
67 57 6.135923151542564 1
122 58 0.9572040116406401 1
98 66 0.8835729338221293 0
81 100 1.030835089459151 1
160 111 1.227184630308513 0
65 118 2.086213871524472 0
139 126 1.3008157081270237 1
70 133 1.8407769454627694 1
236 133 4.295146206079795 1
173 139 4.344233591292136 1
14 149 1.7916895602504288 1
90 150 1.8162332528565992 0
45 168 5.227806525114265 1
116 170 1.7426021750380885 1
23 175 4.9823695990525625 1
142 180 1.4480778637640452 0
183 187 1.2026409377023426 0
31 189 5.522330836388308 1
58 192 2.6016314162540475 1
10 198 5.031456984264903 1
19 201 5.546874528994478 0
173 212 1.2517283229146832 1
140 215 1.8162332528565992 0
161 228 1.521708941582556 0
261 237 1.227184630308513 1
23 261 5.939573610693203 0
188 270 4.246058820867455 1
140 271 5.178719139901925 0
174 272 3.6570101983193686 0
142 281 5.939573610693203 1
65 288 5.964117303299373 0
199 290 3.509748042682347 0
216 317 3.5342917352885173 0
111 318 5.939573610693203 0
45 337 6.1850105367549055 1
72 357 2.9943304979527716 0
119 362 0.04908738521234052 1
100 376 2.7979809571034093 1
89 384 6.013204688511713 1
133 387 3.0925052683774528 0
162 396 3.018874190558942 1
41 412 0.9326603190344698 0
154 418 0.3190680038802134 0
112 422 6.1850105367549055 1
126 431 6.258641614573416 1
167 439 3.5342917352885173 0
158 446 3.3379421944391554 1
222 476 4.638757902566179 1
223 487 4.884194828627882 1
133 503 3.141592653589793 0
196 504 5.031456984264903 0
