296
560
500
52
125 127 2.6261751088602177 0
268 140 3.6079228131070282 1
131 146 5.890486225480862 1
199 153 3.067961575771282 0
119 163 2.5280003384355365 1
244 168 0.5890486225480862 1
150 173 6.013204688511713 1
190 186 2.9697868053466014 1
136 223 2.405281875404685 0
275 225 3.902447124381071 1
230 228 0.8835729338221293 0
74 235 5.473243451175968 1
58 236 2.3316507975861747 1
99 237 5.5714182216006485 1
128 240 5.64504929941916 1
160 254 6.258641614573416 1
216 256 1.030835089459151 0
191 267 1.0062913968529805 0
68 281 2.184388641949153 0
169 297 1.1535535524900022 1
243 315 1.423534171157875 0
44 320 5.325981295538946 1
143 322 2.405281875404685 1
126 330 5.64504929941916 1
222 331 1.521708941582556 1
246 335 4.565126824747668 0
94 338 1.9634954084936207 1
117 338 5.301437602932776 1
165 346 1.9880391010997909 1
120 354 5.424156065963627 0
98 366 5.129631754689584 1
191 372 1.9144080232812801 1
102 375 5.66959299202533 0
131 387 2.724349879284899 1
215 387 1.6444274046134073 0
254 395 1.325359400733194 0
78 399 5.890486225480862 1
52 403 5.2768939103266055 1
207 419 1.9880391010997909 0
73 422 5.964117303299373 1
241 422 1.4480778637640452 1
43 431 5.767767762450011 1
225 439 1.718058482431918 0
84 453 6.086835766330224 0
197 477 5.301437602932776 0
231 482 3.7551849687440497 0
120 486 6.086835766330224 0
246 487 3.9269908169872414 0
195 489 6.037748381117884 1
257 502 3.730641276137879 0
163 521 6.062292073724054 0
91 535 0.0 1
