296
560
500
49
94 174 5.792311455056181 1
160 178 2.945243112740431 1
205 181 0.44178646691106466 1
81 189 2.429825568010856 0
112 200 5.890486225480862 1
257 203 3.7551849687440497 1
155 207 2.84706834231575 1
245 235 3.77972866135022 1
199 244 0.7363107781851077 0
113 252 2.3316507975861747 0
48 267 5.350524988145116 1
71 268 5.497787143782138 1
189 274 0.9081166264282996 0
92 277 5.473243451175968 1
132 281 6.086835766330224 1
165 288 0.859029241215959 0
46 314 2.086213871524472 0
226 328 1.227184630308513 0
147 329 1.0799224746714913 0
124 348 2.184388641949153 1
207 349 1.3989904785517047 1
238 354 4.368777283898306 1
26 356 5.203262832508095 1
108 362 5.424156065963627 1
151 368 1.8407769454627694 1
78 371 1.8407769454627694 1
95 371 5.031456984264903 0
116 390 5.203262832508095 0
180 394 1.8162332528565992 1
87 396 5.031456984264903 1
206 400 1.4971652489763858 0
246 402 1.2026409377023426 0
121 412 2.6261751088602177 1
81 413 5.522330836388308 1
67 417 5.031456984264903 0
236 431 1.2762720155208536 1
73 434 5.792311455056181 0
202 435 1.8653206380689396 0
42 440 5.154175447295755 1
223 449 1.5462526341887264 0
69 456 5.8659425328746915 0
80 480 6.013204688511713 0
201 490 5.154175447295755 0
237 491 3.6324665057131984 0
249 493 3.80427235395639 0
261 507 3.6324665057131984 0
201 508 5.939573610693203 0
124 509 5.939573610693203 0
173 545 5.939573610693203 1
