296
560
500
40
177 222 3.5342917352885173 1
41 233 5.890486225480862 1
106 238 2.9943304979527716 0
203 239 0.7363107781851077 1
150 248 0.4908738521234052 1
31 249 2.552544031041707 1
58 261 5.964117303299373 1
204 268 3.77972866135022 0
97 273 2.9206994201342606 1
187 301 3.77972866135022 1
140 310 0.7117670855789375 0
55 315 2.429825568010856 0
10 328 5.546874528994478 1
31 339 5.546874528994478 1
130 340 0.859029241215959 0
72 347 6.111379458936394 1
105 355 0.7853981633974483 0
169 390 1.1780972450961724 0
89 395 1.0799224746714913 0
246 409 4.221515128261284 1
151 410 1.3008157081270237 1
71 416 2.184388641949153 0
184 418 4.295146206079795 1
48 424 5.595961914206819 1
18 429 1.7426021750380885 1
99 429 1.7426021750380885 0
36 430 5.056000676871073 0
270 442 1.1044661672776617 0
52 449 5.252350217720435 1
126 454 1.7426021750380885 1
29 456 4.9823695990525625 1
153 462 1.4480778637640452 0
195 465 1.1780972450961724 0
68 472 2.650718801466388 1
185 491 1.2517283229146832 1
16 496 5.767767762450011 0
151 496 1.8162332528565992 0
173 510 1.4971652489763858 0
175 542 1.6935147898257479 1
102 548 2.552544031041707 1
