296
560
500
49
206 168 3.485204350076177 0
234 181 0.8835729338221293 1
90 198 5.473243451175968 1
238 199 3.8533597391687304 0
188 205 3.215223731408304 0
139 208 5.939573610693203 1
152 218 2.282563412373834 0
158 233 2.1598449493429825 1
114 241 2.0371264863121317 1
239 243 4.000621894805752 1
206 252 3.6815538909255388 1
152 254 5.8659425328746915 0
178 255 2.478912953223196 1
224 266 0.9572040116406401 0
265 273 0.8099418560036186 0
208 287 3.5588354278946874 1
106 290 5.080544369477243 1
249 297 4.0987966652304335 1
123 312 1.8407769454627694 0
209 324 3.3870295796514958 1
200 328 0.9326603190344698 0
188 333 1.4480778637640452 1
45 349 5.203262832508095 1
107 350 1.9144080232812801 0
127 351 1.6444274046134073 0
200 353 1.030835089459151 1
218 357 4.074252972624263 1
113 371 1.8162332528565992 0
129 375 1.2517283229146832 0
214 389 4.196971435655114 1
121 400 1.055378782065321 0
114 416 5.743224069843841 1
148 417 4.172427743048944 0
131 423 3.877903431774901 1
70 429 5.424156065963627 0
265 435 3.6815538909255388 1
214 436 4.000621894805752 1
181 438 4.074252972624263 0
97 442 6.258641614573416 1
72 451 5.71868037723767 1
163 457 3.8288160465625602 1
98 467 0.04908738521234052 0
116 467 3.0925052683774528 0
220 476 3.6570101983193686 1
172 480 3.6570101983193686 1
237 491 3.411573272257666 0
202 513 3.411573272257666 0
277 519 3.067961575771282 0
132 540 3.141592653589793 0
