296
560
500
61
110 49 2.945243112740431 1
169 112 3.436116964863836 0
272 120 3.902447124381071 1
197 123 0.8344855486097889 1
204 144 3.8533597391687304 0
53 145 5.448699758569798 1
154 145 3.1661363461959633 1
103 155 5.890486225480862 1
117 169 2.2334760271614935 1
123 179 2.110757564130642 1
207 187 3.9760782021995817 1
79 188 2.0371264863121317 1
174 196 3.6079228131070282 1
144 198 2.429825568010856 1
118 199 5.816855147662351 0
191 207 0.9081166264282996 0
231 212 0.8344855486097889 0
175 228 3.485204350076177 1
267 230 3.9760782021995817 0
74 234 5.056000676871073 1
217 236 4.049709280018092 1
171 242 3.018874190558942 1
260 243 3.9269908169872414 0
148 251 6.258641614573416 1
96 258 1.8162332528565992 1
178 265 3.3624858870453256 1
167 272 0.8344855486097889 1
158 282 1.3008157081270237 1
187 294 3.9515345095934116 1
96 295 1.521708941582556 0
77 298 1.9634954084936207 0
87 320 1.7426021750380885 1
96 320 1.2026409377023426 1
186 328 4.147884050442774 1
93 346 0.9817477042468103 0
120 360 4.147884050442774 0
86 362 5.66959299202533 1
105 368 3.77972866135022 1
240 371 3.5833791205008576 1
187 373 3.9760782021995817 1
155 379 4.000621894805752 0
71 388 6.1850105367549055 1
272 395 3.3379421944391554 1
142 396 3.7551849687440497 0
74 412 0.0 0
92 412 3.0925052683774528 0
196 412 3.5588354278946874 1
150 421 3.5833791205008576 1
261 424 3.1906800388021335 0
214 427 3.3624858870453256 0
180 449 3.313398501832985 0
255 452 3.043417883165112 0
113 481 3.043417883165112 0
110 493 0.0 1
217 495 3.018874190558942 1
246 505 2.748893571891069 1
104 533 2.9697868053466014 0
209 535 6.111379458936394 0
226 535 2.945243112740431 1
180 541 3.0925052683774528 0
196 547 2.748893571891069 1
