296
560
500
44
72 100 2.82252464970958 0
226 154 3.485204350076177 1
125 189 3.043417883165112 0
159 189 0.5645049299419159 1
172 203 3.6815538909255388 1
124 228 2.748893571891069 1
191 247 3.6324665057131984 1
81 255 5.5714182216006485 1
225 259 0.4172427743048944 0
264 261 3.5588354278946874 0
98 262 1.9144080232812801 0
32 267 5.031456984264903 1
165 269 3.313398501832985 1
112 270 1.8162332528565992 1
183 270 0.5154175447295755 0
262 276 3.5342917352885173 0
139 280 2.1353012567368124 1
218 287 3.6570101983193686 1
114 292 5.448699758569798 0
72 297 1.6198837120072371 1
180 300 3.215223731408304 1
178 313 2.5034566458293663 1
166 330 6.086835766330224 0
198 333 3.2643111166206444 1
189 337 0.4663301595172349 0
82 342 4.663301595172349 0
221 353 3.5588354278946874 0
115 357 1.3744467859455345 1
228 388 3.80427235395639 1
137 394 1.0799224746714913 1
113 400 1.521708941582556 0
142 416 0.7363107781851077 1
131 418 1.227184630308513 1
249 430 3.5342917352885173 1
177 442 3.80427235395639 0
221 448 3.6079228131070282 0
169 452 3.6079228131070282 0
267 461 3.117048960983623 1
212 473 3.411573272257666 1
143 487 5.816855147662351 1
228 487 3.1661363461959633 1
172 501 2.650718801466388 0
270 501 2.8716120349219203 0
153 511 5.841398840268521 0
