296
560
500
76
130 20 2.2089323345553233 1
86 40 2.061670178918302 1
220 40 4.000621894805752 1
185 49 3.6570101983193686 1
103 50 2.0371264863121317 1
133 51 6.086835766330224 1
156 52 2.773437264497239 1
204 63 0.9817477042468103 0
244 65 0.9081166264282996 0
186 84 3.5588354278946874 1
79 85 5.129631754689584 1
228 92 4.0987966652304335 1
281 94 4.049709280018092 1
178 96 3.018874190558942 1
156 103 0.07363107781851078 1
277 104 3.9515345095934116 0
96 109 1.9144080232812801 0
166 118 1.7671458676442586 0
185 120 3.411573272257666 1
175 123 0.9081166264282996 0
79 145 1.9880391010997909 0
98 146 1.5707963267948966 0
174 146 1.055378782065321 1
194 152 4.049709280018092 1
87 168 1.7916895602504288 1
96 169 1.3008157081270237 1
188 182 4.172427743048944 1
86 195 1.3499030933393643 1
83 210 5.792311455056181 1
114 213 4.221515128261284 1
102 218 3.80427235395639 1
38 223 5.448699758569798 0
187 229 3.9760782021995817 1
152 231 4.025165587411922 0
241 231 3.6570101983193686 1
66 237 6.1850105367549055 1
44 250 5.767767762450011 0
135 251 3.80427235395639 1
274 257 3.3870295796514958 1
67 260 0.07363107781851078 0
86 261 3.141592653589793 0
190 267 3.6324665057131984 1
144 273 3.6324665057131984 1
208 284 3.436116964863836 0
258 285 3.2888548092268146 0
173 303 3.3870295796514958 0
248 312 3.117048960983623 0
103 331 3.117048960983623 0
98 343 0.02454369260617026 1
207 352 3.117048960983623 1
234 364 2.84706834231575 1
39 376 0.8835729338221293 0
64 386 2.8716120349219203 0
72 395 2.6998061866787286 1
222 398 6.037748381117884 0
53 401 5.66959299202533 0
149 408 6.258641614573416 1
168 413 0.02454369260617026 1
274 416 2.3071071049800045 0
148 420 3.1906800388021335 0
176 427 3.117048960983623 0
77 430 3.436116964863836 0
211 443 3.018874190558942 0
275 455 2.2334760271614935 1
42 456 0.44178646691106466 1
264 464 2.675262494072558 1
211 480 2.84706834231575 1
273 482 2.061670178918302 0
272 499 2.282563412373834 0
215 509 2.650718801466388 1
150 513 2.945243112740431 0
124 516 3.067961575771282 0
138 516 6.037748381117884 0
262 522 2.429825568010856 0
224 528 2.478912953223196 0
85 543 0.07363107781851078 1
