296
560
500
51
182 135 3.313398501832985 0
216 145 0.7363107781851077 1
212 159 3.5833791205008576 1
173 172 3.067961575771282 1
69 183 5.350524988145116 1
123 186 5.816855147662351 1
136 201 2.1598449493429825 1
228 203 3.8533597391687304 1
146 209 2.110757564130642 1
102 218 1.9634954084936207 1
169 225 2.5770877236478773 1
198 226 3.5588354278946874 0
147 229 5.915029918087033 1
217 229 0.859029241215959 0
259 232 0.7853981633974483 0
241 253 3.9760782021995817 1
202 254 3.4606606574700063 1
157 259 5.743224069843841 1
282 260 3.9269908169872414 1
199 269 3.2643111166206444 1
159 272 1.7916895602504288 0
175 272 0.0 0
92 273 5.031456984264903 0
187 290 1.6689710972195777 0
117 291 1.718058482431918 0
205 291 3.313398501832985 1
124 329 1.4480778637640452 0
106 331 1.8162332528565992 0
118 352 1.6198837120072371 1
217 353 4.074252972624263 1
130 354 1.0799224746714913 0
121 382 1.1535535524900022 1
153 392 4.0987966652304335 0
281 392 3.485204350076177 1
120 398 5.71868037723767 1
142 399 3.9515345095934116 0
189 401 3.9760782021995817 1
228 401 3.77972866135022 1
77 417 5.350524988145116 0
180 427 3.6815538909255388 0
108 428 6.013204688511713 1
237 437 3.436116964863836 1
83 446 5.64504929941916 0
133 449 2.945243112740431 0
188 450 3.4606606574700063 1
259 450 3.215223731408304 0
112 453 6.111379458936394 0
228 476 3.1906800388021335 0
155 518 2.945243112740431 0
263 525 2.9697868053466014 1
156 531 6.1850105367549055 1
