296
560
500
54
186 150 3.3624858870453256 0
215 157 0.8099418560036186 1
225 174 3.902447124381071 1
175 190 3.1661363461959633 1
71 192 5.375068680751287 1
125 200 5.890486225480862 1
30 209 2.012582793705961 1
142 215 2.282563412373834 1
149 224 2.086213871524472 1
235 225 3.8288160465625602 1
21 226 5.178719139901925 1
104 232 1.9880391010997909 1
259 241 0.6135923151542565 0
28 242 1.8653206380689396 1
171 244 2.405281875404685 1
200 245 3.5833791205008576 0
145 246 5.792311455056181 0
219 246 0.760854470791278 0
248 270 3.902447124381071 1
206 271 3.3870295796514958 1
25 284 5.031456984264903 0
95 284 5.006913291658733 0
204 286 2.9943304979527716 1
181 295 6.234097921967246 1
121 307 1.718058482431918 0
213 307 3.4606606574700063 1
199 322 0.9817477042468103 0
224 335 3.8533597391687304 1
213 336 0.8344855486097889 0
111 342 1.8162332528565992 0
135 343 1.3989904785517047 1
47 348 5.031456984264903 1
124 362 1.6198837120072371 1
137 365 1.0799224746714913 0
227 370 4.074252972624263 1
133 393 0.7853981633974483 0
161 405 4.0987966652304335 0
126 408 5.6941366846315 1
148 410 4.049709280018092 0
236 416 3.80427235395639 1
200 423 3.9269908169872414 0
84 424 5.325981295538946 0
113 436 6.062292073724054 1
186 440 3.730641276137879 0
92 452 5.66959299202533 0
247 452 3.436116964863836 1
137 457 3.018874190558942 0
118 459 6.209554229361076 0
267 461 3.117048960983623 0
199 464 3.509748042682347 1
232 488 3.1906800388021335 0
164 524 2.945243112740431 0
274 527 2.9206994201342606 1
164 537 6.135923151542564 1
