296
560
500
53
183 102 3.436116964863836 0
214 109 0.8099418560036186 0
219 133 3.8288160465625602 0
168 140 3.1906800388021335 0
116 146 5.890486225480862 1
131 154 2.282563412373834 0
140 167 2.2089323345553233 1
220 179 3.9515345095934116 0
89 182 2.012582793705961 1
162 188 2.5770877236478773 1
131 190 5.792311455056181 0
190 191 3.6079228131070282 0
209 198 0.8835729338221293 0
250 203 0.8344855486097889 0
188 215 3.411573272257666 1
284 220 4.000621894805752 0
232 223 4.025165587411922 1
82 231 5.080544369477243 1
187 232 3.2643111166206444 1
278 233 3.9269908169872414 0
163 235 0.0 0
102 251 1.8407769454627694 0
193 254 3.313398501832985 1
201 280 3.9269908169872414 1
107 284 1.5707963267948966 0
88 287 1.9389517158874505 0
97 310 1.718058482431918 1
111 310 1.1780972450961724 0
202 317 4.0987966652304335 1
103 337 0.8099418560036186 0
131 349 4.147884050442774 0
97 353 5.71868037723767 1
119 355 4.025165587411922 0
256 360 3.5833791205008576 1
201 362 3.9760782021995817 1
169 369 3.9760782021995817 0
82 381 6.111379458936394 1
156 386 3.730641276137879 0
208 400 3.5588354278946874 1
106 403 2.9943304979527716 0
82 406 6.1850105367549055 0
163 409 3.509748042682347 1
278 413 3.1906800388021335 0
229 415 3.313398501832985 0
194 437 3.2888548092268146 0
271 440 3.043417883165112 0
232 483 3.018874190558942 1
253 496 2.748893571891069 1
197 521 2.9943304979527716 1
249 531 5.816855147662351 0
217 540 2.7979809571034093 0
198 549 6.086835766330224 1
220 552 5.988660995905543 1
