296
560
500
52
158 111 0.4172427743048944 0
169 116 3.485204350076177 0
169 138 3.485204350076177 0
196 150 0.859029241215959 1
48 169 5.473243451175968 1
203 171 3.8533597391687304 0
150 176 3.2397674240144743 0
100 178 5.964117303299373 1
114 188 2.3316507975861747 0
121 202 2.2334760271614935 1
72 212 2.061670178918302 1
206 218 4.025165587411922 1
142 224 2.6016314162540475 1
112 225 5.816855147662351 0
170 228 3.6815538909255388 0
188 236 0.9572040116406401 0
166 251 3.411573272257666 1
133 252 0.0 0
143 257 2.2580197197676637 1
63 261 5.105088062083414 1
263 262 4.025165587411922 0
211 264 4.0987966652304335 1
165 269 3.4606606574700063 1
142 270 0.1227184630308513 0
256 275 3.9760782021995817 0
81 283 1.88986433067511 0
169 291 3.3624858870453256 1
65 317 1.9634954084936207 0
85 318 1.6198837120072371 0
161 319 1.055378782065321 1
73 342 1.7671458676442586 1
82 343 1.2517283229146832 1
175 355 4.172427743048944 1
78 370 0.8835729338221293 0
104 383 4.196971435655114 0
70 385 5.792311455056181 1
92 388 4.0987966652304335 0
173 401 4.000621894805752 1
226 402 3.6815538909255388 1
140 405 4.025165587411922 0
54 412 6.135923151542564 1
126 422 3.80427235395639 0
259 428 3.3870295796514958 1
53 434 0.09817477042468103 0
75 436 3.215223731408304 0
177 439 3.6324665057131984 1
133 446 3.5833791205008576 1
197 456 3.411573272257666 0
245 457 3.2888548092268146 0
161 476 3.3870295796514958 0
238 483 3.0925052683774528 0
197 524 3.067961575771282 1
