296
560
500
55
125 51 2.82252464970958 0
83 75 5.816855147662351 0
51 105 2.429825568010856 0
242 113 3.902447124381071 1
107 136 5.890486225480862 1
226 142 0.9572040116406401 0
178 144 0.859029241215959 1
215 181 4.0987966652304335 1
113 196 5.964117303299373 1
113 204 2.2334760271614935 0
80 205 5.2768939103266055 1
123 205 2.2334760271614935 1
275 211 4.147884050442774 1
164 214 3.6570101983193686 1
159 230 3.436116964863836 1
219 235 4.196971435655114 0
90 239 5.350524988145116 1
119 240 6.037748381117884 1
271 253 4.049709280018092 0
130 262 0.3190680038802134 1
154 262 3.3624858870453256 1
150 277 3.3870295796514958 1
245 283 3.9515345095934116 1
141 284 2.6261751088602177 0
161 294 3.1661363461959633 0
189 301 3.8533597391687304 1
70 311 5.350524988145116 0
94 313 5.350524988145116 0
178 323 3.1661363461959633 1
214 325 3.730641276137879 1
264 335 3.730641276137879 0
21 346 5.792311455056181 0
255 347 3.6079228131070282 0
23 354 2.724349879284899 1
76 354 5.64504929941916 0
93 365 5.841398840268521 1
232 365 3.411573272257666 0
37 368 5.816855147662351 0
240 404 3.2643111166206444 1
58 405 5.988660995905543 1
122 407 0.07363107781851078 1
137 414 3.2643111166206444 1
80 418 6.160466844148735 1
260 419 0.2454369260617026 1
255 430 3.1661363461959633 0
230 449 0.07363107781851078 0
42 459 0.04908738521234052 1
85 477 3.117048960983623 0
104 484 0.02454369260617026 1
207 493 2.9697868053466014 1
106 498 2.9697868053466014 0
152 508 2.6261751088602177 1
208 514 2.6016314162540475 1
90 523 0.02454369260617026 0
203 548 5.890486225480862 0
