296
560
500
54
126 58 5.6941366846315 0
124 80 5.890486225480862 1
163 89 2.748893571891069 1
124 125 5.71868037723767 1
52 131 2.3071071049800045 1
283 147 3.8288160465625602 1
94 151 2.282563412373834 0
76 168 5.448699758569798 1
151 178 5.890486225480862 1
268 183 0.9081166264282996 1
221 184 0.8099418560036186 1
109 208 2.061670178918302 1
99 209 5.2768939103266055 0
30 220 2.184388641949153 1
260 220 4.049709280018092 1
161 235 6.086835766330224 1
127 246 5.252350217720435 1
158 247 2.184388641949153 0
165 251 2.184388641949153 1
210 255 3.6570101983193686 1
33 259 5.375068680751287 1
206 271 3.436116964863836 1
266 275 4.172427743048944 0
166 281 6.037748381117884 1
135 284 5.325981295538946 1
60 292 5.375068680751287 0
177 303 0.2945243112740431 1
202 303 3.3624858870453256 1
198 318 3.3870295796514958 1
191 325 2.6261751088602177 0
209 334 3.141592653589793 0
239 342 3.8288160465625602 1
120 352 5.301437602932776 0
143 355 5.325981295538946 0
227 363 3.1661363461959633 1
263 364 3.706097583531709 1
75 389 5.71868037723767 0
75 396 2.724349879284899 1
126 396 5.620505606812989 0
144 407 5.792311455056181 1
89 410 5.792311455056181 0
66 436 5.915029918087033 0
109 447 5.964117303299373 1
131 459 6.160466844148735 1
188 483 6.234097921967246 1
197 495 3.067961575771282 0
94 504 6.258641614573416 1
140 519 3.0925052683774528 0
161 519 6.234097921967246 0
90 520 3.0925052683774528 1
83 531 2.9206994201342606 0
162 539 2.9206994201342606 0
134 543 2.7979809571034093 1
111 545 2.773437264497239 1
