296
560
500
35
178 116 0.44178646691106466 1
196 154 3.4606606574700063 1
104 155 3.1661363461959633 0
145 158 0.09817477042468103 1
280 159 4.0987966652304335 0
126 220 0.07363107781851078 1
68 258 5.841398840268521 0
183 264 1.4480778637640452 1
106 273 0.4908738521234052 1
256 275 4.491495746929157 1
95 280 2.82252464970958 0
224 289 1.521708941582556 0
109 291 3.018874190558942 1
52 300 5.8659425328746915 1
77 316 0.2945243112740431 1
195 320 4.7860200582032 0
130 323 4.442408361716817 1
123 333 4.221515128261284 0
75 340 0.9572040116406401 1
94 354 3.9760782021995817 1
17 360 5.8659425328746915 1
82 364 3.9760782021995817 1
163 365 4.859651136021712 0
71 368 3.2643111166206444 0
228 369 4.71238898038469 1
81 384 3.706097583531709 0
201 401 4.589670517353839 0
101 406 4.417864669110647 1
78 419 3.6815538909255388 1
161 419 4.466952054322987 1
109 440 4.270602513473625 1
148 471 4.221515128261284 0
132 477 4.123340357836604 0
100 482 3.9269908169872414 0
85 518 3.706097583531709 1
