296
560
500
64
184 17 0.859029241215959 0
222 52 4.147884050442774 1
117 61 6.086835766330224 1
118 62 6.062292073724054 1
84 65 5.375068680751287 1
120 77 2.2580197197676637 1
168 86 3.77972866135022 1
163 101 3.5342917352885173 1
89 106 5.399612373357457 1
121 107 6.111379458936394 1
224 107 4.221515128261284 0
132 130 0.39269908169872414 1
154 131 3.3870295796514958 1
150 147 3.509748042682347 1
140 153 2.675262494072558 0
250 157 3.9515345095934116 1
160 164 3.2397674240144743 0
186 171 3.902447124381071 1
68 173 5.399612373357457 0
90 174 5.399612373357457 1
175 195 3.2643111166206444 1
212 198 3.77972866135022 1
70 215 5.6941366846315 1
32 229 5.890486225480862 0
88 232 5.8659425328746915 1
227 239 3.436116964863836 0
49 268 6.086835766330224 1
114 276 0.1227184630308513 1
231 276 3.1906800388021335 1
71 283 6.258641614573416 1
130 284 3.2888548092268146 1
125 312 0.07363107781851078 1
30 322 0.1227184630308513 1
133 325 3.141592653589793 0
27 340 3.2397674240144743 1
73 343 3.1906800388021335 0
92 352 0.09817477042468103 1
189 357 2.9943304979527716 0
93 366 3.018874190558942 0
43 367 2.478912953223196 1
68 367 2.7979809571034093 1
23 368 0.7117670855789375 1
118 371 0.6381360077604268 0
110 379 1.1780972450961724 1
135 379 2.773437264497239 1
48 383 1.3989904785517047 1
76 383 0.02454369260617026 1
197 386 2.454369260617026 1
194 415 1.5462526341887264 0
80 417 0.0 1
36 441 0.3190680038802134 0
74 447 3.2888548092268146 1
31 448 0.859029241215959 1
210 448 1.5462526341887264 1
201 452 2.6016314162540475 0
206 466 2.184388641949153 1
181 491 2.8716120349219203 1
71 503 0.5154175447295755 0
96 505 0.760854470791278 0
56 506 1.030835089459151 1
113 506 2.478912953223196 0
57 517 4.368777283898306 1
114 530 5.66959299202533 1
171 530 2.478912953223196 0
