296
560
500
38
139 160 5.988660995905543 0
37 177 5.595961914206819 0
131 184 6.013204688511713 1
169 198 2.84706834231575 1
59 214 2.478912953223196 1
129 230 5.792311455056181 1
95 251 2.6016314162540475 0
73 258 5.743224069843841 0
272 288 0.8835729338221293 0
150 289 5.988660995905543 1
21 296 2.3071071049800045 1
216 303 0.7117670855789375 0
266 330 3.9515345095934116 0
19 336 5.522330836388308 1
151 349 6.135923151542564 1
116 351 5.448699758569798 1
149 357 2.405281875404685 0
148 369 2.429825568010856 1
202 371 3.6570101983193686 1
39 373 5.620505606812989 0
263 381 4.123340357836604 0
198 386 3.436116964863836 1
117 390 5.5714182216006485 1
151 393 6.086835766330224 1
166 413 0.3190680038802134 1
188 413 3.3379421944391554 1
185 427 3.4606606574700063 1
173 437 2.748893571891069 1
194 440 3.1661363461959633 0
94 445 5.546874528994478 0
226 448 3.77972866135022 1
116 450 5.5714182216006485 1
45 469 5.841398840268521 1
210 469 3.2643111166206444 1
47 483 2.9206994201342606 1
97 488 5.816855147662351 0
58 500 5.816855147662351 0
117 500 5.988660995905543 1
