296
560
500
48
202 64 5.71868037723767 1
244 72 2.5280003384355365 1
107 84 5.325981295538946 0
219 112 5.620505606812989 1
142 114 2.3071071049800045 1
188 136 2.380738182798515 0
103 144 5.448699758569798 1
169 152 5.497787143782138 1
251 168 5.988660995905543 1
118 198 2.282563412373834 1
94 226 5.424156065963627 1
248 230 6.111379458936394 1
214 233 5.448699758569798 1
117 236 5.448699758569798 1
245 238 2.380738182798515 0
254 243 2.405281875404685 1
138 267 5.522330836388308 0
214 272 5.522330836388308 1
243 277 6.086835766330224 1
249 300 0.4172427743048944 1
276 303 3.485204350076177 1
268 317 3.509748042682347 1
95 319 5.816855147662351 0
258 324 2.82252464970958 0
276 335 3.2888548092268146 0
182 339 5.497787143782138 0
203 342 5.522330836388308 1
94 368 5.816855147662351 0
133 368 5.841398840268521 0
134 376 2.773437264497239 1
179 385 5.767767762450011 0
142 393 5.890486225480862 0
196 398 5.964117303299373 1
114 413 6.013204688511713 1
154 436 6.062292073724054 1
220 445 0.14726215563702155 1
175 451 0.0 1
237 454 3.313398501832985 1
233 482 0.04908738521234052 1
134 492 0.09817477042468103 1
243 495 3.141592653589793 0
141 511 3.141592653589793 1
183 514 3.215223731408304 0
201 523 0.07363107781851078 1
116 532 0.1227184630308513 1
203 537 3.067961575771282 0
133 540 0.1227184630308513 1
181 544 2.82252464970958 0
