296
560
500
44
114 18 2.82252464970958 1
72 48 5.767767762450011 0
40 78 2.380738182798515 0
18 92 5.546874528994478 0
98 106 5.939573610693203 1
165 117 0.8344855486097889 0
209 156 4.123340357836604 1
101 167 5.964117303299373 1
105 172 2.2580197197676637 0
70 174 5.2768939103266055 1
114 176 2.2580197197676637 1
156 187 3.730641276137879 1
156 201 3.6079228131070282 0
213 210 4.196971435655114 0
78 211 5.350524988145116 1
107 212 5.964117303299373 1
119 233 0.3190680038802134 1
145 234 3.411573272257666 1
141 248 3.3870295796514958 1
132 255 2.675262494072558 0
152 266 3.215223731408304 0
180 273 3.8533597391687304 1
60 280 5.325981295538946 0
82 285 5.350524988145116 0
168 295 3.1906800388021335 1
205 297 3.730641276137879 1
15 317 5.71868037723767 0
13 324 2.675262494072558 1
66 324 5.64504929941916 0
83 336 5.816855147662351 1
28 339 5.767767762450011 0
223 340 3.485204350076177 0
110 379 0.04908738521234052 1
47 383 5.939573610693203 0
127 386 3.2397674240144743 1
69 389 6.1850105367549055 1
31 433 0.0 1
76 449 3.117048960983623 0
97 449 0.02454369260617026 0
98 470 2.9697868053466014 0
71 472 2.8961557275280905 1
120 473 0.36815538909255385 0
112 481 0.760854470791278 1
89 482 0.2454369260617026 1
