296
560
500
43
119 117 5.792311455056181 0
87 147 2.380738182798515 0
65 161 5.546874528994478 0
146 177 5.964117303299373 1
211 187 0.7853981633974483 0
255 224 4.0987966652304335 1
149 238 5.964117303299373 1
119 243 5.301437602932776 1
154 243 2.2580197197676637 0
168 244 2.356194490192345 1
204 257 3.6815538909255388 1
205 271 3.5833791205008576 0
261 280 4.196971435655114 0
126 282 5.350524988145116 1
156 282 5.988660995905543 1
50 287 5.375068680751287 0
170 302 0.36815538909255385 1
195 304 3.411573272257666 1
179 319 2.6016314162540475 1
191 319 3.485204350076177 1
203 336 3.117048960983623 0
230 343 3.8533597391687304 1
109 350 5.325981295538946 0
132 353 5.375068680751287 0
219 364 3.1661363461959633 1
255 367 3.7551849687440497 1
64 383 5.767767762450011 0
64 390 2.748893571891069 1
116 393 5.64504929941916 0
135 404 5.816855147662351 1
78 406 5.816855147662351 0
95 443 6.013204688511713 1
163 446 0.09817477042468103 1
178 453 3.2397674240144743 1
121 456 6.1850105367549055 1
80 498 0.02454369260617026 1
77 515 3.215223731408304 1
128 516 3.141592653589793 0
149 516 0.02454369260617026 0
212 523 0.04908738521234052 0
148 537 2.945243112740431 0
123 539 2.82252464970958 1
99 541 2.9943304979527716 1
