296
560
500
48
192 128 0.44178646691106466 1
152 135 2.454369260617026 1
58 153 5.227806525114265 1
153 157 6.013204688511713 0
99 179 5.325981295538946 1
167 207 0.2454369260617026 1
269 219 1.2517283229146832 0
244 220 4.246058820867455 1
159 239 0.4663301595172349 1
240 244 1.3744467859455345 1
167 246 1.423534171157875 0
158 247 1.8407769454627694 0
207 259 1.521708941582556 1
47 261 2.012582793705961 1
153 264 1.7916895602504288 1
53 266 5.056000676871073 0
181 280 1.6935147898257479 1
37 282 5.129631754689584 1
108 293 1.8653206380689396 1
59 295 1.9880391010997909 1
235 303 1.5953400194010667 1
247 330 1.521708941582556 1
152 331 1.9144080232812801 1
38 355 5.178719139901925 1
84 356 5.129631754689584 1
263 371 1.3989904785517047 1
197 382 1.88986433067511 0
258 403 1.5953400194010667 0
145 414 2.184388641949153 0
222 417 1.88986433067511 1
152 433 5.227806525114265 1
78 434 5.424156065963627 0
35 435 5.546874528994478 1
134 461 5.424156065963627 1
68 462 5.64504929941916 1
46 465 5.595961914206819 0
226 465 5.080544369477243 0
90 466 5.595961914206819 1
116 479 5.64504929941916 1
149 489 5.595961914206819 1
176 499 5.620505606812989 1
102 500 5.988660995905543 1
214 501 5.64504929941916 0
150 503 5.890486225480862 1
79 512 6.037748381117884 1
123 512 6.1850105367549055 1
173 516 5.988660995905543 1
132 548 0.3436116964863836 0
