296
560
500
39
155 62 0.04908738521234052 0
66 66 5.375068680751287 1
174 126 0.3436116964863836 1
135 135 2.405281875404685 1
41 155 5.154175447295755 1
137 159 5.915029918087033 0
82 181 5.301437602932776 1
153 202 0.14726215563702155 0
260 208 1.1780972450961724 0
233 210 4.0987966652304335 1
232 236 1.3499030933393643 1
147 239 0.5645049299419159 1
154 248 1.423534171157875 0
196 252 1.423534171157875 1
30 262 2.086213871524472 1
140 264 1.8407769454627694 1
35 267 5.105088062083414 0
169 278 1.6689710972195777 1
18 282 5.203262832508095 1
91 292 1.8653206380689396 1
41 294 2.012582793705961 1
228 295 1.5707963267948966 1
242 322 1.4480778637640452 1
138 332 1.9634954084936207 1
20 352 5.203262832508095 1
67 354 5.154175447295755 1
190 374 1.9389517158874505 0
217 408 1.88986433067511 1
132 410 2.2334760271614935 0
143 422 5.227806525114265 1
63 427 5.448699758569798 0
29 452 5.64504929941916 1
123 452 5.448699758569798 1
52 455 5.6941366846315 1
76 458 5.66959299202533 1
105 470 5.64504929941916 1
138 475 5.595961914206819 0
92 490 5.988660995905543 1
69 497 5.988660995905543 0
