296
560
500
38
128 88 0.1718058482431918 0
137 146 0.4172427743048944 0
94 158 2.454369260617026 1
96 180 5.988660995905543 0
42 202 5.301437602932776 1
112 230 0.1718058482431918 1
223 239 1.2026409377023426 1
192 240 4.147884050442774 1
106 259 0.5399612373357456 1
190 264 1.325359400733194 1
112 267 1.3744467859455345 0
153 273 1.3499030933393643 1
265 274 4.368777283898306 1
99 284 1.7671458676442586 1
129 298 1.5707963267948966 1
54 314 1.8162332528565992 1
190 325 1.521708941582556 1
239 326 1.1535535524900022 1
205 351 1.4480778637640452 1
102 356 1.8407769454627694 1
35 377 5.056000676871073 1
223 389 1.2762720155208536 1
156 400 1.8407769454627694 0
237 416 1.227184630308513 1
215 417 1.4971652489763858 1
103 435 2.184388641949153 0
184 436 1.8407769454627694 1
113 449 5.203262832508095 1
36 463 5.350524988145116 1
94 479 5.424156065963627 1
199 483 4.9823695990525625 1
55 492 5.473243451175968 0
80 497 5.5714182216006485 1
116 505 5.522330836388308 1
145 514 5.620505606812989 1
119 519 5.841398840268521 1
71 520 5.8659425328746915 1
93 530 6.111379458936394 1
