296
560
500
39
64 86 5.522330836388308 1
155 97 0.09817477042468103 1
168 156 0.44178646691106466 1
128 164 2.454369260617026 1
33 170 5.350524988145116 1
129 189 5.964117303299373 0
72 205 5.424156065963627 1
142 239 0.1718058482431918 1
244 245 1.2517283229146832 0
220 247 4.221515128261284 1
133 267 0.6135923151542565 1
215 271 1.4726215563702154 1
9 273 2.061670178918302 1
138 275 1.521708941582556 0
184 279 1.5953400194010667 0
17 284 5.252350217720435 1
122 289 1.9634954084936207 1
152 302 1.8653206380689396 1
17 310 1.9389517158874505 1
68 311 1.9144080232812801 1
124 323 1.9389517158874505 1
257 328 1.1780972450961724 1
205 329 1.6444274046134073 1
118 337 5.080544369477243 1
218 354 1.4480778637640452 1
112 356 1.9880391010997909 1
43 375 5.080544369477243 1
242 389 1.3008157081270237 0
161 403 1.8653206380689396 0
234 423 1.4971652489763858 0
105 436 2.1353012567368124 0
194 439 1.8162332528565992 1
116 451 5.203262832508095 1
42 453 5.325981295538946 0
101 480 5.350524988145116 1
60 492 5.473243451175968 0
87 498 5.5714182216006485 1
125 507 5.546874528994478 1
77 519 5.964117303299373 1
