296
560
500
40
185 89 2.8961557275280905 1
228 96 0.9572040116406401 0
176 110 0.14726215563702155 0
114 111 5.792311455056181 0
169 160 0.8835729338221293 1
30 162 5.595961914206819 1
146 185 1.0799224746714913 1
16 186 2.429825568010856 1
119 204 2.3071071049800045 0
226 207 4.7860200582032 1
65 212 2.380738182798515 1
248 217 1.8162332528565992 0
179 218 2.0371264863121317 1
213 223 1.9389517158874505 1
143 231 2.2334760271614935 1
276 242 1.6935147898257479 0
18 255 5.5714182216006485 1
88 266 2.429825568010856 1
177 277 2.1353012567368124 1
215 305 1.7671458676442586 1
175 306 2.0371264863121317 1
107 329 2.380738182798515 0
44 341 2.650718801466388 1
170 348 1.9144080232812801 1
46 354 5.64504929941916 1
111 373 2.356194490192345 1
14 375 5.8659425328746915 1
144 376 2.110757564130642 1
164 383 1.7426021750380885 1
16 406 6.062292073724054 1
149 408 2.086213871524472 0
96 418 5.424156065963627 0
153 425 1.5707963267948966 1
35 427 6.135923151542564 1
112 436 5.522330836388308 0
22 440 0.2454369260617026 1
140 441 5.5714182216006485 0
65 447 5.915029918087033 0
49 461 0.02454369260617026 0
16 467 0.8099418560036186 0
