296
560
500
43
138 56 0.5154175447295755 0
93 65 2.5280003384355365 1
94 87 6.037748381117884 0
34 111 5.350524988145116 1
109 134 0.22089323345553233 1
221 150 1.1535535524900022 1
192 151 4.147884050442774 1
102 165 0.39269908169872414 1
186 166 1.2517283229146832 1
108 177 1.3989904785517047 1
152 178 1.3499030933393643 1
97 194 1.718058482431918 1
128 198 1.5707963267948966 1
54 221 1.7671458676442586 1
107 232 1.7426021750380885 1
189 233 1.4971652489763858 1
241 244 1.1780972450961724 1
205 260 1.4480778637640452 1
34 290 5.056000676871073 1
223 298 1.3499030933393643 1
161 311 1.88986433067511 1
235 330 1.2517283229146832 1
220 332 1.5953400194010667 0
185 342 1.8407769454627694 1
103 343 2.1353012567368124 0
112 359 5.203262832508095 1
234 363 1.6935147898257479 0
35 366 5.375068680751287 0
96 388 5.375068680751287 1
192 389 5.031456984264903 0
233 392 5.497787143782138 1
32 399 5.5714182216006485 0
214 400 5.129631754689584 0
55 402 5.497787143782138 0
78 408 5.595961914206819 1
115 414 5.546874528994478 1
118 423 5.71868037723767 0
142 424 5.620505606812989 1
179 429 5.473243451175968 0
68 436 5.8659425328746915 0
43 439 5.890486225480862 0
139 442 6.037748381117884 1
89 447 6.135923151542564 0
