296
560
500
23
159 138 0.39269908169872414 0
117 152 2.356194490192345 1
121 176 5.915029918087033 0
64 202 5.301437602932776 1
141 226 0.19634954084936207 1
239 232 1.2517283229146832 0
217 235 4.221515128261284 1
212 254 1.3744467859455345 1
185 267 1.5462526341887264 0
137 269 1.9389517158874505 1
129 280 1.9389517158874505 1
156 293 1.7671458676442586 1
72 313 1.8407769454627694 0
207 317 1.5707963267948966 1
220 343 1.521708941582556 1
124 346 1.8653206380689396 1
54 375 5.105088062083414 1
171 395 1.8653206380689396 0
198 424 1.8407769454627694 1
118 433 2.184388641949153 0
133 445 5.203262832508095 0
57 455 5.325981295538946 1
108 478 5.375068680751287 1
