296
560
500
44
186 57 0.1718058482431918 1
200 112 0.5154175447295755 1
159 116 2.5034566458293663 1
158 139 6.037748381117884 0
101 159 5.375068680751287 1
172 189 0.2945243112740431 1
271 208 1.3008157081270237 0
249 209 4.295146206079795 1
238 228 1.423534171157875 0
212 234 1.5462526341887264 0
46 240 2.2089323345553233 0
154 242 1.88986433067511 1
50 251 5.129631754689584 1
27 257 5.350524988145116 0
182 261 1.7671458676442586 1
51 274 2.012582793705961 1
99 274 1.9144080232812801 0
234 291 1.6689710972195777 1
149 313 1.9880391010997909 1
245 319 1.5707963267948966 1
79 331 5.154175447295755 1
35 336 5.129631754689584 0
20 347 4.8351074434155406 0
25 357 5.154175447295755 1
263 360 1.3989904785517047 0
193 366 1.9634954084936207 0
269 375 4.565126824747668 0
19 379 4.73693267299086 1
26 383 5.203262832508095 0
34 386 5.375068680751287 1
134 395 2.282563412373834 1
251 396 1.5953400194010667 0
217 398 1.88986433067511 1
70 410 5.473243451175968 0
22 412 4.884194828627882 1
145 415 5.252350217720435 1
43 420 5.424156065963627 0
30 435 5.080544369477243 0
123 445 5.473243451175968 1
55 446 5.620505606812989 1
78 454 5.620505606812989 0
222 455 5.105088062083414 1
103 456 5.66959299202533 0
33 457 5.031456984264903 0
