296
560
500
59
157 59 3.067961575771282 1
194 64 0.39269908169872414 1
214 73 3.5342917352885173 1
140 74 0.04908738521234052 1
226 90 0.662679700366597 1
132 91 2.82252464970958 0
229 105 3.6324665057131984 0
194 115 0.4908738521234052 1
133 117 0.07363107781851078 1
162 143 3.2888548092268146 1
92 147 5.792311455056181 1
206 152 0.760854470791278 0
115 161 6.135923151542564 0
43 162 5.424156065963627 0
224 164 0.8344855486097889 0
251 172 3.877903431774901 0
189 178 3.6815538909255388 0
193 196 1.055378782065321 0
213 222 1.1535535524900022 0
87 223 2.1598449493429825 1
169 224 1.2517283229146832 1
134 228 2.380738182798515 0
138 234 1.3499030933393643 1
70 243 5.325981295538946 0
242 243 1.1780972450961724 0
224 246 4.270602513473625 0
149 252 1.8407769454627694 1
203 252 1.325359400733194 0
238 270 1.2517283229146832 0
120 281 5.154175447295755 0
170 289 1.9880391010997909 0
96 300 1.9389517158874505 1
190 304 1.8653206380689396 0
81 307 5.154175447295755 0
118 311 5.2768939103266055 0
93 320 5.056000676871073 1
221 322 1.3499030933393643 0
278 323 4.319689898685965 1
183 332 2.2580197197676637 1
200 332 1.9634954084936207 0
142 334 2.429825568010856 0
128 344 5.522330836388308 1
165 352 5.325981295538946 0
212 354 1.6689710972195777 0
202 371 5.767767762450011 0
218 371 3.7551849687440497 0
109 374 5.5714182216006485 0
185 374 5.66959299202533 0
148 375 5.473243451175968 0
249 381 4.074252972624263 0
271 386 4.0987966652304335 0
230 390 3.3870295796514958 1
154 392 5.743224069843841 1
179 392 6.160466844148735 0
72 393 5.546874528994478 1
89 409 5.767767762450011 1
258 409 3.730641276137879 0
129 442 6.086835766330224 0
128 466 2.84706834231575 1
