296
560
500
58
101 70 5.988660995905543 1
140 77 2.8716120349219203 1
211 96 0.4663301595172349 1
125 97 6.111379458936394 1
218 112 3.485204350076177 0
118 114 2.650718801466388 0
181 126 0.2945243112740431 1
124 138 6.1850105367549055 1
158 158 3.117048960983623 1
202 159 0.6135923151542565 0
254 169 3.706097583531709 1
225 170 0.662679700366597 0
92 173 5.64504929941916 1
117 184 5.988660995905543 0
193 189 3.5588354278946874 0
200 206 0.9081166264282996 0
224 229 0.9817477042468103 0
182 238 1.1290098598838318 1
258 245 1.030835089459151 0
151 246 2.282563412373834 0
103 249 1.9880391010997909 1
155 252 1.227184630308513 1
239 252 4.123340357836604 0
219 259 1.1535535524900022 0
156 265 1.7671458676442586 1
167 269 1.6689710972195777 1
257 270 1.0799224746714913 0
90 271 5.154175447295755 0
145 299 4.9823695990525625 0
193 302 1.8162332528565992 0
214 311 1.6444274046134073 0
123 322 1.8162332528565992 1
248 326 1.1535535524900022 0
146 332 5.105088062083414 0
110 333 5.006913291658733 0
229 337 1.7426021750380885 0
212 343 2.184388641949153 1
122 344 4.957825906446392 1
173 350 2.282563412373834 0
244 359 1.4480778637640452 0
194 362 5.252350217720435 1
159 363 5.375068680751287 1
254 375 3.5588354278946874 0
237 378 5.5714182216006485 0
220 384 5.522330836388308 0
184 389 5.375068680751287 0
269 392 3.2397674240144743 1
145 394 5.448699758569798 0
219 401 6.013204688511713 0
193 405 5.595961914206819 1
83 412 5.301437602932776 0
112 419 5.399612373357457 1
132 430 5.64504929941916 1
96 440 5.522330836388308 1
116 455 5.792311455056181 1
175 459 5.890486225480862 0
141 466 5.890486225480862 0
214 475 6.1850105367549055 0
