296
560
500
63
118 49 5.988660995905543 1
159 57 2.8716120349219203 1
144 77 6.160466844148735 1
141 94 2.748893571891069 0
205 111 0.36815538909255385 1
145 120 0.0 1
177 145 3.2643111166206444 1
218 146 0.6135923151542565 0
109 152 5.743224069843841 1
241 157 0.7117670855789375 0
131 166 6.086835766330224 0
26 177 2.2089323345553233 0
207 177 3.6079228131070282 0
211 194 0.9326603190344698 0
235 219 1.0799224746714913 0
191 226 1.1780972450961724 1
111 228 2.086213871524472 1
158 232 2.356194490192345 0
267 235 1.1290098598838318 0
33 236 2.0371264863121317 1
162 238 1.2762720155208536 1
247 241 4.221515128261284 0
226 248 1.2517283229146832 0
95 250 5.227806525114265 0
162 253 1.9144080232812801 1
172 254 1.718058482431918 1
263 261 1.2026409377023426 0
146 285 5.129631754689584 0
195 291 1.9389517158874505 0
216 303 1.8162332528565992 0
122 305 1.9144080232812801 1
108 313 5.129631754689584 0
145 315 5.227806525114265 0
248 317 1.2762720155208536 0
119 324 5.056000676871073 1
227 330 1.9144080232812801 0
210 332 2.282563412373834 1
46 333 5.178719139901925 0
169 336 2.405281875404685 0
155 347 5.473243451175968 1
239 349 1.5707963267948966 0
189 351 5.350524988145116 1
247 367 3.6815538909255388 0
36 368 5.375068680751287 0
230 368 5.6941366846315 0
212 374 5.595961914206819 0
176 376 5.473243451175968 0
136 377 5.546874528994478 0
72 386 5.424156065963627 0
208 390 6.086835766330224 0
182 392 5.6941366846315 1
100 396 5.522330836388308 1
117 410 5.767767762450011 1
80 414 5.6941366846315 1
36 425 5.66959299202533 1
99 431 5.939573610693203 1
65 433 5.8659425328746915 0
159 441 6.037748381117884 0
122 445 6.013204688511713 0
192 462 6.234097921967246 0
152 471 3.067961575771282 1
121 472 6.135923151542564 0
177 487 0.1227184630308513 0
