296
560
500
35
179 161 5.841398840268521 1
147 174 2.5034566458293663 1
234 175 3.067961575771282 0
107 183 5.620505606812989 1
139 198 5.767767762450011 1
208 205 6.135923151542564 1
146 214 2.3316507975861747 0
258 228 0.2699806186678728 0
235 229 0.1718058482431918 0
155 238 5.816855147662351 1
195 244 2.724349879284899 1
237 262 3.2397674240144743 0
249 274 0.4908738521234052 0
136 283 5.325981295538946 1
280 285 0.5890486225480862 0
163 286 5.595961914206819 0
246 313 0.8344855486097889 1
216 330 1.9389517158874505 0
67 339 1.7426021750380885 1
239 347 1.3008157081270237 1
171 349 1.6935147898257479 1
274 367 1.4480778637640452 0
166 375 4.81056375080937 0
229 382 4.614214209960009 0
101 389 1.6198837120072371 1
240 412 4.81056375080937 0
214 415 1.423534171157875 1
200 421 4.71238898038469 1
271 421 1.9144080232812801 0
221 431 4.540583132141498 1
263 435 5.105088062083414 1
259 469 5.154175447295755 0
150 470 4.76147636559703 1
237 508 5.105088062083414 0
202 510 5.031456984264903 0
