296
560
500
43
207 24 0.8835729338221293 0
233 48 1.030835089459151 0
187 58 1.1290098598838318 1
104 63 2.0371264863121317 1
152 65 2.3071071049800045 0
246 69 4.147884050442774 0
156 71 1.227184630308513 1
226 80 1.2026409377023426 0
89 85 5.203262832508095 0
157 85 1.8162332528565992 1
169 89 1.718058482431918 1
144 118 5.056000676871073 0
195 121 1.8407769454627694 0
217 132 1.718058482431918 0
122 140 1.88986433067511 1
250 144 1.1780972450961724 0
108 147 5.056000676871073 0
145 150 5.154175447295755 0
120 159 5.006913291658733 1
231 159 1.88986433067511 0
213 164 2.2580197197676637 1
173 168 2.356194490192345 0
47 169 5.080544369477243 0
244 178 1.718058482431918 0
159 180 5.424156065963627 1
194 181 5.325981295538946 1
237 203 5.743224069843841 1
217 205 5.350524988145116 0
182 207 5.448699758569798 0
142 211 5.522330836388308 0
216 220 6.037748381117884 0
189 224 5.64504929941916 1
77 225 5.350524988145116 0
107 232 5.448699758569798 1
125 246 5.743224069843841 1
89 252 5.620505606812989 1
109 267 5.890486225480862 1
72 272 5.841398840268521 0
175 278 5.988660995905543 1
134 281 5.915029918087033 0
213 293 6.209554229361076 0
194 319 0.04908738521234052 0
136 334 6.062292073724054 0
