296
560
500
47
147 205 5.988660995905543 1
190 212 2.8961557275280905 1
172 232 6.135923151542564 1
170 249 2.748893571891069 0
233 263 0.3190680038802134 1
175 275 6.209554229361076 1
208 297 3.117048960983623 1
250 297 0.5890486225480862 0
273 307 0.6381360077604268 0
141 309 5.71868037723767 1
162 325 5.939573610693203 0
240 328 3.5342917352885173 0
54 334 2.110757564130642 1
246 344 0.9081166264282996 0
270 367 1.030835089459151 0
227 377 1.1535535524900022 1
194 387 2.3071071049800045 0
146 388 2.086213871524472 1
41 391 5.203262832508095 1
285 392 4.172427743048944 0
199 393 1.2762720155208536 1
67 395 2.012582793705961 1
264 398 1.227184630308513 0
199 406 1.8653206380689396 1
209 409 1.718058482431918 1
130 410 5.227806525114265 0
184 440 5.080544369477243 0
234 441 1.9144080232812801 0
255 452 1.7671458676442586 0
161 459 1.88986433067511 1
147 468 5.105088062083414 0
184 469 5.203262832508095 0
42 472 1.9634954084936207 0
268 477 1.8653206380689396 0
158 482 5.031456984264903 1
250 482 2.282563412373834 1
210 487 2.356194490192345 0
85 489 5.129631754689584 0
196 499 5.424156065963627 1
230 499 5.350524988145116 1
216 522 5.375068680751287 1
254 523 5.375068680751287 0
77 525 5.350524988145116 0
180 529 5.497787143782138 0
250 540 5.841398840268521 0
114 542 5.424156065963627 0
225 542 5.66959299202533 1
