296
560
500
53
31 137 6.209554229361076 1
73 157 3.1661363461959633 1
110 161 0.2454369260617026 1
122 165 3.411573272257666 1
53 174 0.04908738521234052 1
135 179 0.39269908169872414 1
49 193 2.9943304979527716 0
142 194 3.436116964863836 0
109 213 0.22089323345553233 1
49 221 0.04908738521234052 1
231 226 0.7853981633974483 1
209 234 3.80427235395639 1
124 244 0.4663301595172349 0
80 246 3.1906800388021335 1
12 247 5.939573610693203 1
146 250 0.5645049299419159 0
176 252 3.6570101983193686 0
37 263 6.135923151542564 1
206 268 0.9081166264282996 0
111 274 3.4606606574700063 0
121 290 0.760854470791278 0
148 309 0.9326603190344698 0
181 320 1.0799224746714913 0
101 322 1.0062913968529805 1
160 324 4.000621894805752 0
58 325 2.3071071049800045 1
143 337 1.1780972450961724 0
68 346 1.9880391010997909 1
180 346 1.1535535524900022 0
83 349 1.6689710972195777 1
57 376 5.129631754689584 0
113 379 1.9389517158874505 0
135 387 1.7671458676442586 0
227 392 4.221515128261284 0
27 394 1.9389517158874505 1
168 402 1.325359400733194 0
57 403 5.301437602932776 0
25 412 5.080544369477243 1
148 415 2.061670178918302 0
129 418 2.282563412373834 1
84 423 2.478912953223196 0
69 433 5.595961914206819 1
159 434 1.6935147898257479 0
110 437 5.375068680751287 0
164 451 3.730641276137879 0
148 452 5.71868037723767 0
131 456 5.64504929941916 0
194 456 4.0987966652304335 0
91 460 5.522330836388308 0
214 464 4.0987966652304335 1
176 468 3.2888548092268146 1
125 475 6.037748381117884 0
99 476 5.71868037723767 1
