296
560
500
51
89 115 6.037748381117884 1
130 126 2.9697868053466014 1
113 146 6.1850105367549055 1
196 147 0.4908738521234052 1
111 163 2.84706834231575 0
204 163 3.4606606574700063 0
168 180 0.2699806186678728 1
112 191 6.258641614573416 1
266 196 0.6135923151542565 1
183 213 0.5399612373357456 0
142 215 3.1906800388021335 1
204 220 0.662679700366597 0
74 221 5.841398840268521 1
236 222 3.7551849687440497 1
92 240 6.013204688511713 0
173 246 3.5588354278946874 0
176 260 0.859029241215959 0
201 281 1.055378782065321 0
156 294 1.1535535524900022 1
232 295 1.1535535524900022 0
71 297 2.282563412373834 1
120 301 2.356194490192345 0
214 303 4.172427743048944 0
193 312 1.2517283229146832 0
54 313 5.448699758569798 0
229 320 1.227184630308513 0
136 323 1.8162332528565992 1
108 350 5.178719139901925 0
160 355 2.0371264863121317 0
181 363 1.8407769454627694 0
80 369 2.012582793705961 1
60 372 5.2768939103266055 1
213 376 1.3008157081270237 0
105 379 5.325981295538946 0
77 386 5.105088062083414 1
193 387 2.012582793705961 0
175 389 2.2580197197676637 1
130 398 2.5034566458293663 0
116 407 5.5714182216006485 1
204 409 1.6689710972195777 0
154 411 5.399612373357457 0
210 425 3.706097583531709 0
193 426 5.743224069843841 0
175 431 5.64504929941916 0
138 432 5.522330836388308 0
96 435 5.620505606812989 0
222 443 3.3379421944391554 1
171 447 6.111379458936394 0
144 449 5.71868037723767 1
57 456 5.522330836388308 1
78 468 5.767767762450011 1
