296
560
500
53
113 58 3.1661363461959633 1
277 105 4.074252972624263 0
114 126 0.22089323345553233 0
157 128 3.3870295796514958 0
229 136 3.902447124381071 0
23 139 2.5770877236478773 0
191 166 3.6815538909255388 0
230 170 0.8344855486097889 0
263 179 3.9515345095934116 0
90 200 0.0 1
197 212 0.8835729338221293 0
110 214 2.9943304979527716 1
266 219 4.025165587411922 1
225 241 4.000621894805752 1
127 242 3.1661363461959633 1
262 248 0.8835729338221293 0
172 255 0.9081166264282996 0
99 264 2.184388641949153 0
158 274 3.706097583531709 0
201 282 4.049709280018092 0
255 283 0.9572040116406401 0
101 302 5.767767762450011 1
213 308 1.0799224746714913 0
47 309 1.6935147898257479 1
131 315 0.8344855486097889 0
248 319 4.172427743048944 0
127 330 1.6198837120072371 0
147 336 3.8288160465625602 1
130 345 1.055378782065321 0
20 369 2.012582793705961 0
50 383 1.4480778637640452 0
209 394 4.123340357836604 1
190 406 4.000621894805752 1
166 409 3.9760782021995817 0
252 413 3.8288160465625602 1
134 421 3.902447124381071 1
34 424 5.497787143782138 1
101 425 3.902447124381071 0
235 426 3.730641276137879 0
30 441 6.037748381117884 0
60 441 2.945243112740431 0
210 441 3.6079228131070282 0
170 446 3.6079228131070282 1
143 447 3.436116964863836 0
105 449 3.3624858870453256 1
260 453 3.4606606574700063 0
182 471 3.2888548092268146 0
107 477 3.067961575771282 1
215 484 3.3379421944391554 0
250 507 3.2397674240144743 0
131 514 2.9943304979527716 0
64 525 2.6261751088602177 1
89 540 2.84706834231575 0
