296
560
500
55
131 41 3.215223731408304 0
139 100 0.22089323345553233 0
180 102 3.3870295796514958 0
251 109 3.877903431774901 0
45 116 2.454369260617026 0
152 126 0.2945243112740431 0
168 131 3.3870295796514958 0
12 138 5.595961914206819 1
215 138 3.6570101983193686 0
254 144 0.8835729338221293 0
115 178 0.0 0
135 187 2.9943304979527716 1
218 188 0.859029241215959 1
287 192 4.049709280018092 1
253 212 4.000621894805752 0
152 214 3.141592653589793 1
277 219 0.9817477042468103 1
196 227 0.9326603190344698 0
124 236 2.184388641949153 0
183 246 3.706097583531709 0
226 249 4.025165587411922 1
278 258 0.9326603190344698 0
125 274 5.767767762450011 1
236 280 1.0799224746714913 0
157 281 0.9572040116406401 1
72 283 1.7426021750380885 1
270 291 4.172427743048944 0
169 305 3.77972866135022 1
44 342 1.9389517158874505 0
74 355 1.4726215563702154 0
10 360 5.178719139901925 1
233 367 4.123340357836604 1
214 379 4.000621894805752 1
190 381 3.9515345095934116 0
273 392 3.877903431774901 0
158 394 3.9269908169872414 1
58 397 5.5714182216006485 1
125 399 3.9269908169872414 0
96 400 3.6079228131070282 0
258 400 3.7551849687440497 0
84 414 2.8961557275280905 0
56 415 6.013204688511713 0
194 419 3.6079228131070282 1
166 420 3.4606606574700063 0
236 421 3.5833791205008576 1
127 422 3.3870295796514958 1
40 433 5.6941366846315 0
129 442 3.018874190558942 0
203 444 3.3379421944391554 0
35 454 5.8659425328746915 0
238 457 3.3379421944391554 0
272 480 3.2643111166206444 0
155 486 2.945243112740431 0
272 511 3.018874190558942 0
271 536 2.724349879284899 1
