296
560
500
41
192 111 0.5154175447295755 0
223 115 3.6324665057131984 1
161 119 0.36815538909255385 0
227 159 3.8288160465625602 0
75 160 6.209554229361076 1
112 163 3.141592653589793 0
25 204 5.915029918087033 1
192 208 0.859029241215959 0
226 236 4.000621894805752 0
125 254 0.7853981633974483 0
133 274 3.5833791205008576 1
277 285 4.540583132141498 0
224 289 4.368777283898306 1
130 307 3.730641276137879 1
95 311 3.043417883165112 0
25 314 2.380738182798515 0
256 316 1.4971652489763858 0
203 327 1.521708941582556 0
69 334 0.0 0
283 344 4.589670517353839 1
156 345 1.5707963267948966 0
134 353 4.417864669110647 0
90 366 1.5462526341887264 1
211 369 4.71238898038469 0
255 376 4.638757902566179 1
72 377 1.521708941582556 0
166 382 4.76147636559703 1
228 383 1.521708941582556 1
85 395 4.589670517353839 1
158 413 1.8162332528565992 0
206 420 1.5462526341887264 0
176 440 4.884194828627882 0
25 457 4.491495746929157 1
56 464 4.589670517353839 0
77 477 4.638757902566179 1
101 481 4.6878452877785195 1
11 485 4.074252972624263 1
35 500 4.172427743048944 0
73 522 4.147884050442774 1
106 522 4.270602513473625 0
124 525 4.344233591292136 0
