296
560
500
60
194 48 3.730641276137879 1
236 50 0.859029241215959 0
275 56 3.9760782021995817 1
94 76 0.04908738521234052 1
114 91 3.018874190558942 1
201 92 0.9081166264282996 0
271 101 4.049709280018092 1
130 120 3.1906800388021335 1
233 121 4.049709280018092 0
257 127 0.9572040116406401 1
174 134 0.9817477042468103 0
102 141 2.2334760271614935 0
160 154 3.77972866135022 0
206 161 4.0987966652304335 1
257 168 0.9326603190344698 0
98 175 5.71868037723767 0
49 185 1.718058482431918 1
213 190 1.1044661672776617 0
133 195 0.9326603190344698 0
247 201 4.221515128261284 0
127 210 1.6689710972195777 0
147 216 3.877903431774901 1
129 225 1.055378782065321 0
22 241 1.9880391010997909 0
50 257 1.521708941582556 0
206 277 4.172427743048944 1
188 290 4.025165587411922 1
163 291 4.000621894805752 0
33 299 5.5714182216006485 1
130 301 3.9515345095934116 1
69 304 3.6815538909255388 0
97 304 4.000621894805752 0
247 304 3.902447124381071 0
232 305 3.80427235395639 1
29 316 6.086835766330224 0
58 317 2.945243112740431 0
207 325 3.6079228131070282 0
99 327 3.411573272257666 1
138 328 3.509748042682347 0
166 329 3.6815538909255388 1
255 338 3.509748042682347 0
174 346 3.313398501832985 1
101 349 3.0925052683774528 0
209 368 3.3624858870453256 0
243 391 3.2643111166206444 0
126 393 2.9943304979527716 0
283 416 1.8653206380689396 1
241 421 2.9943304979527716 0
257 423 2.356194490192345 1
17 441 4.9823695990525625 0
184 453 1.325359400733194 1
17 468 5.129631754689584 0
17 486 1.4971652489763858 0
272 491 1.8407769454627694 1
207 495 4.76147636559703 1
239 499 1.9144080232812801 0
153 514 5.325981295538946 0
40 522 6.1850105367549055 1
24 534 0.39269908169872414 0
181 547 2.1598449493429825 1
