296
560
500
47
87 124 2.945243112740431 1
62 143 6.062292073724054 0
114 151 3.0925052683774528 1
45 169 5.964117303299373 0
238 219 3.8288160465625602 0
134 222 0.1718058482431918 1
165 223 3.3624858870453256 1
36 232 2.5034566458293663 0
242 254 0.7853981633974483 0
277 255 3.902447124381071 1
202 259 3.6570101983193686 1
107 296 0.02454369260617026 0
277 296 3.9269908169872414 1
127 301 3.117048960983623 0
211 303 0.760854470791278 0
242 325 3.9269908169872414 0
278 330 0.859029241215959 0
145 335 3.1906800388021335 1
187 347 0.9081166264282996 0
116 356 2.2334760271614935 0
176 362 3.730641276137879 1
216 366 4.000621894805752 1
273 369 0.9326603190344698 0
117 393 5.8659425328746915 1
61 398 1.7916895602504288 1
224 398 1.055378782065321 1
264 404 4.147884050442774 0
152 406 1.0062913968529805 1
142 424 1.718058482431918 0
161 427 3.877903431774901 1
143 437 1.030835089459151 0
31 459 1.9389517158874505 0
61 469 1.5462526341887264 0
223 483 4.0987966652304335 1
203 495 3.9760782021995817 1
60 497 0.9326603190344698 1
177 498 3.9760782021995817 0
145 511 3.902447124381071 1
267 512 3.877903431774901 0
112 516 3.9269908169872414 0
83 519 3.6324665057131984 0
250 520 3.80427235395639 0
71 533 2.84706834231575 0
225 536 3.6815538909255388 0
156 540 3.485204350076177 0
184 540 3.6570101983193686 1
115 541 3.3870295796514958 1
