296
560
500
54
94 114 2.8716120349219203 1
71 133 6.037748381117884 0
128 142 3.1661363461959633 1
55 157 5.988660995905543 0
135 209 0.2454369260617026 0
177 212 3.411573272257666 0
47 217 2.5280003384355365 0
245 219 3.8533597391687304 1
16 235 5.64504929941916 1
151 237 0.3436116964863836 0
163 242 3.4606606574700063 0
287 249 3.877903431774901 1
250 250 0.760854470791278 0
213 256 3.6815538909255388 1
113 289 0.07363107781851078 0
286 292 3.902447124381071 1
133 295 3.1661363461959633 0
213 300 0.8099418560036186 1
276 320 0.9081166264282996 1
249 321 3.9269908169872414 0
148 329 3.1906800388021335 1
192 342 0.8835729338221293 0
122 349 2.2580197197676637 0
179 361 3.706097583531709 0
223 362 4.000621894805752 1
281 362 0.760854470791278 0
66 387 1.7426021750380885 1
121 387 5.841398840268521 1
231 393 1.0062913968529805 1
272 397 4.0987966652304335 0
158 399 1.0062913968529805 1
147 416 1.5953400194010667 0
166 419 3.8533597391687304 1
149 428 1.0062913968529805 0
38 443 1.9389517158874505 0
69 455 1.521708941582556 0
231 474 4.074252972624263 1
68 481 0.9326603190344698 1
212 487 3.9760782021995817 1
186 488 3.9269908169872414 0
152 498 3.902447124381071 1
276 499 3.8288160465625602 0
90 502 3.6815538909255388 0
119 502 3.9515345095934116 0
260 507 3.706097583531709 0
50 515 6.037748381117884 0
77 515 2.8961557275280905 0
235 522 3.6079228131070282 0
121 524 3.411573272257666 1
163 524 3.4606606574700063 0
193 525 3.5833791205008576 1
39 537 5.792311455056181 1
126 547 3.117048960983623 0
201 551 3.3624858870453256 0
