296
560
500
42
88 120 3.067961575771282 1
59 136 6.135923151542564 0
114 158 3.3379421944391554 0
35 161 6.013204688511713 0
113 219 0.3190680038802134 0
24 221 2.6261751088602177 0
156 226 3.509748042682347 0
217 247 3.9515345095934116 1
225 267 0.8344855486097889 0
187 272 3.7551849687440497 1
265 273 3.9760782021995817 1
84 299 0.1718058482431918 0
106 308 3.2643111166206444 0
260 315 4.000621894805752 1
187 319 0.859029241215959 1
118 342 3.2888548092268146 1
246 342 0.9326603190344698 1
216 344 4.000621894805752 1
160 357 0.9572040116406401 0
90 360 2.3316507975861747 0
144 375 3.77972866135022 0
190 380 4.074252972624263 1
246 385 0.9326603190344698 0
32 397 1.7671458676442586 1
87 398 5.8659425328746915 1
120 411 1.055378782065321 1
195 413 1.1044661672776617 1
106 420 1.718058482431918 1
235 420 4.196971435655114 0
129 434 4.000621894805752 1
26 469 1.6444274046134073 1
190 498 4.147884050442774 1
141 507 4.049709280018092 0
21 508 5.66959299202533 0
169 509 4.049709280018092 1
110 519 3.9760782021995817 1
75 521 4.074252972624263 0
234 528 3.902447124381071 0
217 535 3.80427235395639 0
39 536 3.067961575771282 0
84 543 3.485204350076177 0
151 547 3.706097583531709 0
