296
560
500
35
184 140 0.5890486225480862 0
210 158 3.730641276137879 0
74 178 3.2643111166206444 0
74 242 0.2699806186678728 0
116 246 3.436116964863836 0
184 254 3.877903431774901 1
149 284 3.706097583531709 0
187 285 0.8099418560036186 0
226 289 3.9515345095934116 1
50 316 0.07363107781851078 1
72 328 3.067961575771282 0
223 331 3.9760782021995817 1
153 334 0.8344855486097889 1
187 356 3.9760782021995817 0
88 360 3.1661363461959633 1
229 361 0.859029241215959 1
130 372 0.9081166264282996 0
60 382 2.2089323345553233 0
116 391 3.6815538909255388 0
159 391 3.9760782021995817 1
210 402 0.859029241215959 1
278 406 3.9515345095934116 0
63 417 5.8659425328746915 1
172 427 1.055378782065321 0
207 434 4.123340357836604 0
262 435 3.902447124381071 0
85 450 0.859029241215959 0
11 494 1.423534171157875 0
167 511 4.0987966652304335 1
119 522 4.000621894805752 0
149 525 4.000621894805752 1
214 531 3.77972866135022 1
92 538 3.9515345095934116 1
57 540 4.025165587411922 0
196 545 3.730641276137879 0
