296
560
500
50
131 76 0.04908738521234052 1
223 101 0.662679700366597 1
68 110 5.620505606812989 0
206 115 3.5833791205008576 0
200 133 0.662679700366597 1
74 149 5.66959299202533 1
24 160 2.356194490192345 0
198 170 0.8344855486097889 0
157 174 0.6381360077604268 0
98 185 5.915029918087033 0
107 210 6.209554229361076 0
177 217 1.0062913968529805 1
267 238 1.1535535524900022 0
101 239 6.1850105367549055 1
146 239 1.1780972450961724 0
112 250 2.012582793705961 1
132 253 1.3989904785517047 1
108 271 1.88986433067511 1
121 272 1.718058482431918 1
175 275 1.2026409377023426 0
167 293 1.3499030933393643 0
162 314 1.4971652489763858 1
150 326 1.718058482431918 1
195 339 1.030835089459151 1
169 344 1.6444274046134073 1
129 356 2.086213871524472 1
183 367 1.2517283229146832 1
217 369 4.147884050442774 0
102 380 5.178719139901925 0
181 382 1.6935147898257479 1
220 386 3.9760782021995817 1
198 398 3.5588354278946874 0
35 402 2.282563412373834 0
175 403 5.522330836388308 0
119 413 5.325981295538946 0
44 419 5.424156065963627 1
243 421 3.6815538909255388 1
161 430 5.71868037723767 1
141 432 5.350524988145116 1
70 435 5.595961914206819 0
161 447 5.964117303299373 1
36 448 2.356194490192345 0
51 453 5.6941366846315 0
62 459 2.6016314162540475 1
95 467 5.767767762450011 1
126 470 5.792311455056181 1
58 474 5.743224069843841 0
53 489 6.062292073724054 0
158 494 6.258641614573416 1
116 499 5.988660995905543 1
