296
560
500
39
97 69 5.178719139901925 1
194 78 5.988660995905543 1
145 114 5.473243451175968 1
58 128 2.110757564130642 0
160 154 5.595961914206819 1
245 163 0.5645049299419159 1
108 175 2.110757564130642 0
190 190 5.8659425328746915 1
271 208 1.1044661672776617 0
199 209 6.135923151542564 0
90 230 2.012582793705961 1
237 232 1.2762720155208536 0
195 234 0.0 1
210 239 1.5462526341887264 0
224 248 1.521708941582556 1
200 264 2.012582793705961 1
213 264 1.88986433067511 1
261 269 1.2762720155208536 0
248 288 1.4971652489763858 1
245 306 1.521708941582556 1
233 319 1.7671458676442586 1
211 320 2.0371264863121317 1
206 329 5.129631754689584 1
255 340 1.6444274046134073 0
209 352 2.012582793705961 1
182 379 5.178719139901925 0
84 412 5.350524988145116 0
115 412 2.2334760271614935 0
199 412 5.301437602932776 0
126 424 5.350524988145116 1
222 431 5.325981295538946 1
153 438 5.473243451175968 0
96 445 5.375068680751287 0
117 457 2.5280003384355365 0
175 465 5.6941366846315 0
98 469 5.620505606812989 1
212 474 5.6941366846315 0
142 479 5.6941366846315 0
142 500 5.964117303299373 1
