296
560
500
40
107 136 6.209554229361076 0
50 151 5.66959299202533 1
199 156 0.6135923151542565 0
187 168 3.5833791205008576 0
177 186 0.5399612373357456 1
56 198 5.71868037723767 1
137 225 0.5154175447295755 1
175 227 0.6872233929727672 1
77 247 5.939573610693203 1
85 266 6.209554229361076 0
160 270 0.8835729338221293 1
254 280 0.9817477042468103 0
82 291 0.04908738521234052 1
127 292 1.030835089459151 0
91 302 1.9634954084936207 1
112 305 1.2762720155208536 1
89 321 1.8653206380689396 1
102 321 1.6198837120072371 1
161 322 1.1535535524900022 0
154 340 1.2517283229146832 0
149 358 1.3989904785517047 1
138 368 1.6444274046134073 1
189 387 0.859029241215959 1
160 392 1.5953400194010667 1
117 402 2.012582793705961 1
176 410 1.1780972450961724 1
213 411 4.000621894805752 0
91 425 5.154175447295755 0
175 425 1.5462526341887264 1
217 428 3.902447124381071 1
196 440 3.4606606574700063 0
172 447 5.448699758569798 0
112 458 5.301437602932776 0
240 462 3.6815538909255388 1
138 476 5.325981295538946 1
163 477 5.743224069843841 0
66 480 5.522330836388308 0
162 489 5.964117303299373 1
95 511 5.767767762450011 1
129 513 5.792311455056181 1
