296
560
500
31
220 98 0.07363107781851078 1
40 110 5.080544369477243 1
31 121 1.7426021750380885 0
221 125 2.9697868053466014 1
134 129 5.767767762450011 1
222 143 6.209554229361076 1
38 155 4.933282213840222 1
246 180 0.2454369260617026 1
97 185 5.080544369477243 1
214 193 0.1718058482431918 1
128 214 5.154175447295755 1
253 228 0.5645049299419159 1
171 236 5.497787143782138 1
191 254 5.841398840268521 1
92 258 1.6689710972195777 0
237 260 0.8344855486097889 0
213 275 1.030835089459151 0
195 279 5.767767762450011 1
230 279 0.9817477042468103 1
280 285 0.6381360077604268 0
227 298 1.227184630308513 1
215 300 1.3989904785517047 1
276 306 0.8835729338221293 1
104 312 1.6935147898257479 0
281 329 0.859029241215959 0
279 341 1.2517283229146832 1
274 378 1.521708941582556 1
261 415 4.76147636559703 0
200 460 1.9880391010997909 1
220 472 5.080544369477243 1
251 473 5.2768939103266055 0
