296
560
500
65
144 25 1.4726215563702154 1
119 39 1.9389517158874505 1
132 45 1.8162332528565992 1
184 50 1.2762720155208536 0
175 68 1.3989904785517047 0
164 92 1.5707963267948966 0
135 98 1.9880391010997909 1
156 103 1.7916895602504288 1
130 109 5.056000676871073 1
203 117 0.9326603190344698 1
174 125 1.718058482431918 1
133 133 2.061670178918302 1
224 141 4.0987966652304335 0
188 142 1.2026409377023426 1
106 157 5.203262832508095 0
186 158 1.6444274046134073 1
228 160 3.9515345095934116 1
205 171 3.4606606574700063 0
180 180 5.473243451175968 0
123 191 5.301437602932776 0
50 195 5.424156065963627 1
255 201 3.706097583531709 0
167 205 5.71868037723767 1
145 208 5.375068680751287 1
76 213 5.546874528994478 0
255 213 4.123340357836604 0
168 222 5.915029918087033 1
68 236 2.2580197197676637 1
47 238 5.71868037723767 0
249 242 4.344233591292136 1
101 245 5.71868037723767 1
132 245 5.816855147662351 1
55 255 0.0 1
221 264 6.234097921967246 0
57 272 0.2945243112740431 1
78 272 6.1850105367549055 1
222 272 0.1718058482431918 1
254 273 5.031456984264903 1
206 279 0.7853981633974483 1
84 290 0.2454369260617026 1
184 292 1.3008157081270237 0
147 294 1.3499030933393643 1
134 297 0.3436116964863836 1
99 300 0.22089323345553233 1
202 303 1.423534171157875 0
116 311 0.5399612373357456 1
190 311 4.221515128261284 0
142 321 3.6324665057131984 0
215 353 1.325359400733194 0
144 377 4.957825906446392 1
208 380 1.6935147898257479 1
150 385 1.718058482431918 0
229 388 1.5462526341887264 0
172 448 4.466952054322987 0
149 463 0.859029241215959 1
144 473 1.0062913968529805 0
216 474 4.9823695990525625 0
69 485 2.405281875404685 1
90 489 0.662679700366597 0
201 493 4.049709280018092 0
71 494 2.012582793705961 0
180 494 3.8533597391687304 1
84 495 0.9572040116406401 1
210 496 4.9823695990525625 1
173 501 3.5588354278946874 0
