296
560
500
49
118 68 6.234097921967246 1
58 92 5.64504929941916 1
212 93 0.6381360077604268 1
254 101 3.80427235395639 1
196 107 3.6079228131070282 0
190 126 0.6381360077604268 1
66 141 5.64504929941916 1
151 161 0.662679700366597 1
190 164 0.859029241215959 0
93 183 5.890486225480862 1
100 203 6.1850105367549055 0
171 213 1.0799224746714913 1
102 231 2.0371264863121317 1
140 233 1.2762720155208536 0
251 236 1.0799224746714913 1
106 239 1.8162332528565992 0
93 248 5.375068680751287 1
125 248 1.423534171157875 1
102 261 1.9634954084936207 1
114 266 1.7671458676442586 1
166 271 1.2517283229146832 0
157 288 1.3989904785517047 0
156 305 1.4726215563702154 0
142 315 1.7426021750380885 1
113 320 1.718058482431918 0
112 335 4.908738521234052 1
187 339 0.9572040116406401 1
159 342 1.6444274046134073 1
76 344 1.9144080232812801 1
119 352 2.086213871524472 1
83 358 5.031456984264903 0
172 359 1.3008157081270237 1
208 361 4.123340357836604 1
170 377 1.5707963267948966 1
93 382 5.203262832508095 1
208 383 4.049709280018092 1
174 387 1.6198837120072371 1
256 396 3.9760782021995817 1
160 399 5.350524988145116 1
187 401 3.313398501832985 1
109 409 5.325981295538946 0
31 416 5.399612373357457 1
227 420 3.7551849687440497 1
153 425 5.767767762450011 1
132 427 5.350524988145116 1
60 432 5.546874528994478 0
150 445 5.964117303299373 1
84 466 5.743224069843841 1
115 469 5.792311455056181 1
