296
560
500
36
92 81 6.160466844148735 1
175 113 3.5342917352885173 0
34 118 5.546874528994478 0
169 130 0.5890486225480862 1
46 152 5.595961914206819 1
169 170 0.7853981633974483 1
132 171 0.6135923151542565 0
72 186 5.841398840268521 0
82 211 6.062292073724054 0
156 215 0.9817477042468103 1
125 234 1.1290098598838318 0
81 238 6.1850105367549055 1
97 242 1.3499030933393643 0
112 250 1.325359400733194 1
91 265 1.8162332528565992 1
103 265 1.6198837120072371 1
156 271 1.2026409377023426 0
149 290 1.2762720155208536 0
140 310 1.3744467859455345 0
135 323 1.6689710972195777 1
181 339 0.9572040116406401 1
159 348 1.6198837120072371 0
117 353 1.9634954084936207 1
169 365 1.4480778637640452 1
202 366 4.123340357836604 0
179 383 1.3008157081270237 1
200 385 4.049709280018092 0
85 392 5.154175447295755 0
167 406 5.743224069843841 1
110 416 5.227806525114265 0
154 428 5.5714182216006485 1
210 431 2.5280003384355365 1
135 436 5.301437602932776 0
65 442 5.448699758569798 0
156 451 5.890486225480862 0
195 451 5.5714182216006485 1
