296
560
500
35
86 104 5.375068680751287 1
263 160 3.8288160465625602 1
131 162 5.424156065963627 0
44 183 5.154175447295755 0
147 198 5.497787143782138 1
278 209 3.8533597391687304 0
263 211 0.6872233929727672 1
229 214 0.6135923151542565 0
102 218 2.086213871524472 1
179 238 5.816855147662351 1
258 257 1.1290098598838318 0
187 259 6.111379458936394 0
46 266 5.178719139901925 0
78 274 1.9880391010997909 1
226 283 1.2517283229146832 0
184 286 6.258641614573416 1
200 291 1.4726215563702154 0
214 300 1.4480778637640452 1
187 311 1.9389517158874505 0
204 317 1.8162332528565992 1
250 317 1.325359400733194 0
238 338 1.521708941582556 1
235 358 1.5707963267948966 1
224 370 1.8162332528565992 1
244 397 1.7671458676442586 0
199 398 1.9880391010997909 0
173 434 5.203262832508095 0
109 453 2.380738182798515 0
189 462 5.301437602932776 0
86 469 5.497787143782138 0
117 472 5.424156065963627 1
211 483 5.325981295538946 0
141 488 5.546874528994478 0
106 500 2.84706834231575 0
165 515 2.478912953223196 1
