296
560
500
43
170 46 5.915029918087033 0
88 47 5.522330836388308 0
137 59 6.013204688511713 0
149 70 2.724349879284899 0
128 91 5.890486225480862 1
254 153 0.7853981633974483 1
40 162 5.473243451175968 0
90 206 5.5714182216006485 1
215 214 0.9817477042468103 0
48 215 5.325981295538946 0
192 220 0.9326603190344698 0
174 225 0.7853981633974483 0
23 226 2.2089323345553233 1
104 235 5.546874528994478 1
153 241 2.9943304979527716 1
136 242 6.086835766330224 0
143 270 0.6381360077604268 1
259 271 4.368777283898306 0
145 281 2.2580197197676637 0
250 282 1.3744467859455345 0
138 296 2.086213871524472 0
204 315 1.718058482431918 0
133 316 1.9389517158874505 0
230 324 1.5953400194010667 0
133 327 2.061670178918302 0
198 369 1.88986433067511 0
216 374 1.718058482431918 0
29 381 5.350524988145116 0
204 422 1.8407769454627694 0
223 433 1.4971652489763858 0
56 446 5.497787143782138 1
22 458 5.767767762450011 1
215 462 1.9389517158874505 1
186 498 5.522330836388308 0
54 499 5.841398840268521 0
157 504 5.424156065963627 0
165 518 5.743224069843841 0
24 521 6.160466844148735 0
165 532 2.675262494072558 0
103 533 5.71868037723767 0
62 537 6.013204688511713 0
141 544 5.841398840268521 0
114 547 5.915029918087033 0
