296
560
500
43
115 42 5.988660995905543 0
85 60 5.890486225480862 0
99 70 2.6261751088602177 0
80 93 5.816855147662351 1
207 142 0.6135923151542565 0
251 196 1.030835089459151 1
180 206 0.859029241215959 1
55 211 5.424156065963627 0
158 211 0.760854470791278 0
140 219 0.5645049299419159 0
15 225 5.252350217720435 0
124 238 2.724349879284899 1
74 241 5.399612373357457 1
107 243 5.939573610693203 0
232 250 4.172427743048944 0
225 262 1.1780972450961724 0
118 272 0.2699806186678728 1
124 294 2.184388641949153 0
187 303 1.4726215563702154 0
214 309 1.3989904785517047 0
124 314 1.8407769454627694 1
189 354 1.6935147898257479 1
210 357 1.5462526341887264 0
27 392 5.203262832508095 0
206 406 1.6444274046134073 0
226 409 1.227184630308513 0
224 437 1.5462526341887264 1
67 451 5.350524988145116 1
233 457 1.3989904785517047 1
225 458 1.9634954084936207 0
38 468 5.5714182216006485 1
204 479 5.2768939103266055 0
178 489 5.252350217720435 0
188 502 5.546874528994478 0
223 503 6.086835766330224 0
77 504 5.64504929941916 0
32 505 5.841398840268521 0
188 518 2.5034566458293663 0
132 528 5.522330836388308 0
50 531 5.988660995905543 0
171 531 5.64504929941916 0
145 539 5.743224069843841 0
92 541 5.792311455056181 0
