296
560
500
30
129 54 2.8716120349219203 0
138 66 6.209554229361076 0
93 107 6.013204688511713 1
241 127 3.6079228131070282 1
208 178 0.8344855486097889 0
49 219 5.620505606812989 1
176 233 1.0062913968529805 0
150 236 0.8835729338221293 0
240 238 1.1535535524900022 1
132 241 0.760854470791278 0
60 250 5.595961914206819 1
113 257 2.9697868053466014 1
94 258 6.086835766330224 0
215 286 4.3933209765044765 0
101 288 0.4908738521234052 1
208 301 1.3744467859455345 0
101 311 2.356194490192345 0
99 330 2.0371264863121317 1
165 331 1.6689710972195777 0
194 342 1.6444274046134073 1
158 382 1.8653206380689396 1
177 391 1.6935147898257479 0
166 438 1.8162332528565992 0
185 446 1.3499030933393643 0
18 459 5.448699758569798 1
179 474 1.7426021750380885 1
179 494 2.2580197197676637 0
153 513 5.424156065963627 0
124 520 5.375068680751287 0
133 535 5.66959299202533 0
