296
560
500
23
125 163 6.258641614573416 1
120 172 2.8716120349219203 0
96 189 5.988660995905543 1
254 226 3.8288160465625602 1
221 269 0.9081166264282996 1
51 297 5.64504929941916 0
153 320 0.9326603190344698 0
180 321 1.055378782065321 0
137 325 0.8344855486097889 0
66 332 5.5714182216006485 1
247 335 1.2517283229146832 1
103 365 0.36815538909255385 0
219 380 4.3933209765044765 0
109 391 1.6935147898257479 1
212 394 1.3499030933393643 0
104 402 2.012582793705961 1
167 416 1.5953400194010667 0
97 426 1.9880391010997909 0
197 431 1.5462526341887264 1
161 474 1.8162332528565992 1
182 481 1.6198837120072371 0
177 534 1.7916895602504288 1
191 544 1.5462526341887264 0
