296
560
500
39
67 58 5.792311455056181 0
84 67 2.773437264497239 0
60 93 5.915029918087033 0
216 105 3.706097583531709 1
185 154 0.8099418560036186 1
18 204 5.497787143782138 0
143 208 0.9572040116406401 0
116 211 0.8344855486097889 0
213 214 1.1535535524900022 1
100 220 0.662679700366597 0
77 231 2.650718801466388 0
34 237 5.399612373357457 1
61 237 5.915029918087033 1
188 260 4.270602513473625 0
73 265 0.2454369260617026 0
182 277 1.2517283229146832 0
79 290 1.3744467859455345 1
142 310 1.4726215563702154 0
79 318 1.7916895602504288 1
172 318 1.3989904785517047 1
256 318 4.295146206079795 1
147 368 1.6689710972195777 0
164 370 1.4726215563702154 0
162 422 1.6444274046134073 0
180 425 1.2762720155208536 0
179 457 1.4480778637640452 1
22 460 5.2768939103266055 0
210 470 4.172427743048944 0
183 480 5.424156065963627 0
199 481 3.730641276137879 0
160 497 5.350524988145116 0
134 508 5.227806525114265 0
201 514 2.7979809571034093 0
187 519 6.062292073724054 0
147 520 5.497787143782138 0
36 523 5.522330836388308 0
146 538 2.478912953223196 0
93 546 5.473243451175968 0
131 550 5.64504929941916 0
