296
560
500
31
149 99 6.135923151542564 0
67 108 5.64504929941916 1
115 116 5.939573610693203 0
131 125 2.6998061866787286 0
108 149 5.841398840268521 1
245 211 0.6872233929727672 1
20 226 5.448699758569798 0
82 273 5.522330836388308 1
284 273 1.0799224746714913 1
208 275 0.859029241215959 0
36 278 5.325981295538946 0
181 282 0.7363107781851077 0
162 285 0.5399612373357456 1
141 304 2.724349879284899 0
96 306 5.497787143782138 1
124 309 5.939573610693203 1
259 322 4.172427743048944 0
140 333 0.3190680038802134 0
251 334 1.2026409377023426 0
209 373 1.5707963267948966 0
241 376 1.4480778637640452 1
143 380 1.8653206380689396 1
208 421 1.7671458676442586 1
229 424 1.5707963267948966 0
39 450 5.301437602932776 0
223 475 1.7426021750380885 0
242 484 1.3744467859455345 0
80 513 5.448699758569798 1
237 513 1.8653206380689396 1
22 517 5.64504929941916 0
48 526 5.71868037723767 1
