296
560
500
42
53 41 5.399612373357457 1
103 41 5.8659425328746915 0
119 49 2.5770877236478773 0
100 73 5.767767762450011 1
235 117 0.6135923151542565 1
23 161 5.301437602932776 0
209 180 0.9081166264282996 0
281 182 1.0062913968529805 1
184 186 0.7853981633974483 0
84 191 5.375068680751287 1
170 195 0.662679700366597 0
148 208 2.6261751088602177 0
41 211 5.178719139901925 0
130 215 5.8659425328746915 1
101 218 5.350524988145116 1
16 221 2.110757564130642 0
258 234 4.246058820867455 0
146 241 0.2945243112740431 0
251 246 1.2026409377023426 0
212 284 1.521708941582556 0
238 289 1.3989904785517047 0
149 290 1.8653206380689396 1
212 339 1.718058482431918 1
233 341 1.521708941582556 0
22 358 5.227806525114265 0
51 375 5.203262832508095 0
229 392 1.6444274046134073 0
249 395 1.4726215563702154 0
89 434 5.325981295538946 1
39 444 5.497787143782138 0
61 453 5.522330836388308 1
223 468 5.375068680751287 0
200 484 5.2768939103266055 1
98 490 5.595961914206819 0
208 491 5.473243451175968 0
56 492 5.743224069843841 0
211 505 2.5280003384355365 0
153 515 5.522330836388308 0
73 520 5.890486225480862 0
189 521 5.66959299202533 0
165 528 5.743224069843841 0
111 529 5.816855147662351 0
