296
560
500
31
121 90 5.841398840268521 0
87 108 5.915029918087033 0
104 116 2.675262494072558 0
82 139 5.816855147662351 1
213 189 0.662679700366597 1
183 248 0.8835729338221293 0
254 251 1.055378782065321 1
158 254 0.760854470791278 0
58 258 5.399612373357457 1
142 263 0.6135923151542565 0
120 275 2.5280003384355365 0
17 277 5.178719139901925 0
103 283 5.841398840268521 1
75 287 5.301437602932776 1
233 301 4.221515128261284 0
119 309 0.22089323345553233 0
227 315 1.2026409377023426 0
124 330 1.3008157081270237 1
125 342 1.7671458676442586 1
190 351 1.4480778637640452 0
127 358 1.7671458676442586 1
216 358 1.3499030933393643 0
193 407 1.6689710972195777 1
214 409 1.4726215563702154 0
35 445 5.154175447295755 0
217 460 1.6198837120072371 1
232 463 1.2517283229146832 0
231 497 1.5462526341887264 1
76 503 5.301437602932776 1
49 523 5.473243451175968 1
209 538 5.2768939103266055 0
