296
560
500
37
111 125 6.086835766330224 1
50 126 5.841398840268521 0
179 135 0.22089323345553233 1
73 160 5.988660995905543 1
73 167 2.748893571891069 0
76 198 5.915029918087033 1
176 208 0.4908738521234052 1
129 216 2.9697868053466014 0
158 253 0.662679700366597 1
100 275 5.841398840268521 0
177 295 1.0799224746714913 0
107 312 2.3316507975861747 1
45 317 5.399612373357457 1
113 330 0.02454369260617026 1
201 333 4.270602513473625 1
239 338 1.055378782065321 0
128 355 1.7426021750380885 0
196 355 1.3008157081270237 1
122 369 2.086213871524472 0
140 371 1.7671458676442586 1
159 371 1.5462526341887264 0
174 384 1.4726215563702154 0
141 417 2.0371264863121317 0
193 419 1.5462526341887264 0
96 445 5.399612373357457 0
111 445 2.3071071049800045 1
200 458 1.5707963267948966 0
187 480 5.620505606812989 0
222 480 3.5833791205008576 1
169 489 5.497787143782138 0
30 491 5.620505606812989 1
116 503 5.473243451175968 0
137 507 5.595961914206819 0
64 509 5.595961914206819 0
81 518 5.71868037723767 0
157 521 5.890486225480862 1
116 534 5.964117303299373 0
