296
560
500
37
126 95 6.234097921967246 0
196 103 0.39269908169872414 0
237 137 3.730641276137879 0
89 143 6.1850105367549055 1
154 153 0.2945243112740431 0
48 214 6.037748381117884 1
54 221 2.5770877236478773 0
148 229 0.5154175447295755 1
54 234 5.939573610693203 1
101 235 2.9943304979527716 0
128 273 0.6872233929727672 1
276 288 3.9515345095934116 0
68 293 5.890486225480862 0
252 296 1.0062913968529805 1
146 314 1.1290098598838318 0
76 329 2.356194490192345 1
11 334 5.448699758569798 1
81 348 0.02454369260617026 1
169 354 4.295146206079795 1
206 358 1.1290098598838318 0
163 374 1.3499030933393643 1
107 386 3.485204350076177 1
126 390 1.5462526341887264 0
101 395 1.8407769454627694 0
141 403 1.4971652489763858 0
252 406 4.172427743048944 0
108 435 2.061670178918302 0
159 439 1.5462526341887264 0
166 477 1.6689710972195777 0
188 500 3.6079228131070282 1
156 505 5.64504929941916 1
222 507 3.80427235395639 0
134 509 5.375068680751287 0
81 521 5.497787143782138 0
102 526 5.595961914206819 0
213 532 3.2888548092268146 0
125 539 5.890486225480862 1
