296
560
500
32
163 122 6.135923151542564 0
228 122 0.07363107781851078 0
83 163 5.939573610693203 0
134 171 6.160466844148735 1
198 179 0.2699806186678728 0
97 242 6.013204688511713 1
194 258 0.4663301595172349 1
150 264 2.9943304979527716 0
176 302 0.662679700366597 1
119 322 5.915029918087033 0
196 345 1.0799224746714913 0
131 356 2.454369260617026 1
61 359 5.497787143782138 1
261 377 1.0062913968529805 0
131 378 0.04908738521234052 1
221 383 4.246058820867455 1
24 391 2.086213871524472 0
215 402 1.2026409377023426 1
158 415 3.7551849687440497 1
177 420 1.521708941582556 0
193 430 1.423534171157875 0
159 461 2.1598449493429825 0
215 461 1.4971652489763858 0
110 485 5.522330836388308 0
125 487 2.454369260617026 1
225 493 1.8653206380689396 0
238 508 1.8162332528565992 1
225 509 2.3316507975861747 1
216 521 5.203262832508095 1
191 526 5.399612373357457 0
132 539 5.5714182216006485 0
155 543 5.6941366846315 0
