296
560
500
50
92 11 2.012582793705961 1
29 23 1.9634954084936207 0
144 23 1.3989904785517047 0
17 57 5.105088062083414 1
166 59 1.4726215563702154 0
116 61 2.012582793705961 1
66 87 5.325981295538946 0
81 88 2.282563412373834 1
176 96 1.6444274046134073 0
201 119 3.5588354278946874 1
17 124 5.325981295538946 0
166 126 5.620505606812989 1
234 126 3.8288160465625602 0
144 129 5.350524988145116 0
90 145 5.448699758569798 0
223 146 3.3379421944391554 1
113 148 5.5714182216006485 0
39 153 5.522330836388308 0
56 160 5.6941366846315 0
133 162 5.8659425328746915 1
94 175 5.939573610693203 0
55 192 5.988660995905543 0
236 247 2.773437264497239 0
57 257 0.0 0
169 264 6.258641614573416 0
148 266 2.675262494072558 0
221 275 2.945243112740431 1
107 277 6.209554229361076 0
182 280 2.9943304979527716 0
148 290 6.1850105367549055 1
135 382 2.478912953223196 1
88 383 2.3071071049800045 0
197 387 1.88986433067511 0
72 389 5.743224069843841 0
235 393 4.368777283898306 0
201 409 1.8162332528565992 1
217 432 2.2089323345553233 0
228 432 4.8351074434155406 1
67 443 4.71238898038469 1
153 448 4.933282213840222 1
89 454 5.301437602932776 0
108 458 1.7671458676442586 1
182 458 5.056000676871073 0
150 465 4.908738521234052 0
191 469 5.227806525114265 0
154 488 5.006913291658733 1
92 490 1.9880391010997909 0
122 492 1.6198837120072371 0
178 497 5.203262832508095 1
161 512 5.2768939103266055 1
