296
560
500
34
139 103 0.22089323345553233 0
95 145 0.19634954084936207 1
228 157 3.8288160465625602 0
150 169 0.4172427743048944 0
89 177 3.3624858870453256 0
83 186 0.2699806186678728 1
283 190 3.9269908169872414 0
51 239 0.02454369260617026 0
138 249 0.5645049299419159 1
93 251 3.2888548092268146 0
120 293 0.8099418560036186 1
57 305 6.013204688511713 0
258 312 3.9760782021995817 1
244 314 0.9572040116406401 0
133 336 1.1535535524900022 0
66 341 2.5770877236478773 1
274 357 4.123340357836604 0
66 363 0.14726215563702155 1
157 378 4.270602513473625 1
196 381 1.0062913968529805 0
95 393 3.5588354278946874 0
151 395 1.1780972450961724 1
85 408 1.7671458676442586 0
114 408 1.4726215563702154 0
131 419 1.3744467859455345 0
247 424 4.074252972624263 0
99 445 2.110757564130642 0
153 453 1.4480778637640452 0
62 467 2.3071071049800045 0
164 491 1.5462526341887264 0
152 510 5.6941366846315 0
187 512 3.6079228131070282 1
131 518 5.5714182216006485 0
221 522 3.8533597391687304 0
