296
560
500
40
126 68 0.2454369260617026 0
80 110 0.19634954084936207 1
213 126 3.877903431774901 0
131 139 0.4663301595172349 1
74 142 3.215223731408304 0
66 153 0.19634954084936207 1
267 156 4.000621894805752 1
28 179 6.258641614573416 1
262 213 3.8288160465625602 1
116 216 0.6135923151542565 1
72 217 3.2643111166206444 0
96 261 0.7853981633974483 1
33 272 5.988660995905543 0
235 278 3.9760782021995817 1
217 284 0.9572040116406401 1
267 293 0.7363107781851077 0
108 301 1.0799224746714913 0
37 309 2.405281875404685 1
246 328 4.172427743048944 1
39 331 6.258641614573416 1
134 344 4.270602513473625 1
173 349 1.030835089459151 0
128 362 1.2026409377023426 1
73 363 3.6324665057131984 0
91 377 1.4480778637640452 0
64 379 1.7671458676442586 0
109 388 1.3989904785517047 0
223 393 4.0987966652304335 0
77 416 2.061670178918302 0
131 424 1.4480778637640452 0
30 439 5.473243451175968 0
48 440 2.552544031041707 1
142 460 1.6689710972195777 0
165 483 3.6079228131070282 1
133 486 5.792311455056181 1
110 488 5.424156065963627 0
197 492 3.877903431774901 0
53 494 5.66959299202533 0
77 498 5.792311455056181 0
101 512 6.062292073724054 1
