296
560
500
32
200 155 0.4908738521234052 1
110 160 5.964117303299373 1
157 163 3.018874190558942 0
179 206 0.6381360077604268 0
123 221 5.939573610693203 0
199 242 1.1290098598838318 0
131 256 2.405281875404685 1
68 258 5.473243451175968 1
30 259 2.3316507975861747 0
134 275 0.1227184630308513 1
223 284 4.319689898685965 1
35 291 2.2580197197676637 0
214 301 1.3499030933393643 1
177 318 1.6198837120072371 0
191 329 1.521708941582556 0
156 362 2.1353012567368124 0
208 366 1.5707963267948966 0
214 406 1.8407769454627694 0
211 422 2.1353012567368124 1
218 426 1.6198837120072371 0
40 428 5.66959299202533 1
177 437 5.473243451175968 0
201 442 2.2580197197676637 0
123 447 5.5714182216006485 0
69 449 5.6941366846315 0
144 452 5.6941366846315 0
198 456 2.184388641949153 0
87 457 5.816855147662351 0
165 467 5.988660995905543 1
123 475 6.062292073724054 0
77 489 6.086835766330224 0
66 506 2.1353012567368124 0
