296
560
500
33
122 104 6.209554229361076 0
188 112 0.39269908169872414 0
268 183 3.902447124381071 1
88 186 6.037748381117884 1
177 188 0.6135923151542565 1
136 192 3.117048960983623 0
154 235 0.7853981633974483 0
99 245 5.964117303299373 0
170 275 1.2517283229146832 0
38 279 5.546874528994478 1
101 280 2.478912953223196 1
102 300 0.1718058482431918 1
187 320 4.491495746929157 1
223 330 1.227184630308513 0
112 336 2.429825568010856 1
177 338 1.4726215563702154 1
121 345 4.147884050442774 1
139 350 1.7426021750380885 0
152 362 1.6444274046134073 0
113 391 2.2334760271614935 0
164 402 1.6935147898257479 0
64 411 5.522330836388308 0
77 413 2.454369260617026 1
166 440 1.7671458676442586 0
150 468 5.841398840268521 1
126 469 5.546874528994478 0
18 471 5.767767762450011 0
72 473 5.64504929941916 0
182 475 3.706097583531709 0
91 480 5.816855147662351 0
34 481 5.890486225480862 0
112 497 6.062292073724054 1
70 502 6.135923151542564 0
