296
560
500
33
157 54 3.117048960983623 1
92 125 5.841398840268521 0
162 125 2.9697868053466014 0
98 155 5.8659425328746915 0
102 184 2.380738182798515 0
209 214 3.6079228131070282 1
131 231 5.8659425328746915 1
184 232 3.215223731408304 1
92 238 5.473243451175968 0
177 247 2.773437264497239 1
185 266 2.5034566458293663 1
57 279 2.1353012567368124 1
163 280 1.8653206380689396 0
198 283 0.859029241215959 0
170 290 1.0799224746714913 1
162 306 1.3008157081270237 0
201 308 4.147884050442774 1
184 316 4.196971435655114 1
164 331 3.5588354278946874 0
61 336 5.448699758569798 0
80 342 5.6941366846315 0
128 346 6.037748381117884 0
268 357 3.9269908169872414 0
181 364 3.5342917352885173 0
77 366 5.890486225480862 1
240 372 3.730641276137879 0
141 382 0.07363107781851078 1
161 383 3.1661363461959633 1
93 414 6.1850105367549055 0
110 448 3.2397674240144743 0
130 491 0.5154175447295755 0
145 492 0.5645049299419159 0
161 493 0.8344855486097889 0
