296
560
500
32
228 111 3.730641276137879 1
119 167 3.043417883165112 0
53 194 5.915029918087033 0
56 224 2.478912953223196 0
266 225 0.9081166264282996 0
160 256 3.6324665057131984 1
81 267 5.8659425328746915 0
136 273 3.215223731408304 1
43 280 5.473243451175968 0
263 283 4.074252972624263 0
129 288 2.773437264497239 1
138 308 2.6016314162540475 1
246 311 0.9817477042468103 0
113 322 1.8653206380689396 0
148 326 0.859029241215959 0
120 331 1.1290098598838318 1
19 338 1.9634954084936207 0
112 348 1.3008157081270237 0
150 349 4.172427743048944 1
237 349 4.0987966652304335 0
133 358 4.246058820867455 1
99 365 5.6941366846315 1
117 367 3.8533597391687304 1
28 387 5.816855147662351 1
79 388 6.037748381117884 0
216 400 3.9269908169872414 0
131 406 3.509748042682347 0
189 409 3.7551849687440497 1
91 423 0.1718058482431918 1
109 426 3.2643111166206444 1
59 490 3.5342917352885173 0
191 498 3.3870295796514958 1
