296
560
500
32
244 86 3.7551849687440497 1
131 139 3.043417883165112 0
64 166 5.915029918087033 0
68 195 2.454369260617026 0
171 228 3.6570101983193686 1
92 239 5.8659425328746915 0
147 245 3.215223731408304 1
54 251 5.497787143782138 0
278 255 4.0987966652304335 1
139 260 2.773437264497239 1
148 279 2.552544031041707 1
256 285 1.030835089459151 0
124 293 1.8653206380689396 0
158 298 0.8835729338221293 0
131 303 1.1780972450961724 1
122 319 1.3499030933393643 0
160 322 4.172427743048944 1
246 324 4.123340357836604 0
142 329 4.295146206079795 1
109 337 5.6941366846315 1
127 339 3.80427235395639 1
40 353 5.71868037723767 0
88 360 6.086835766330224 0
267 364 0.859029241215959 0
225 375 3.9515345095934116 0
40 377 5.915029918087033 1
140 379 3.5342917352885173 0
198 383 3.77972866135022 1
97 397 0.1227184630308513 1
118 399 3.215223731408304 1
48 426 0.0 0
199 467 3.3870295796514958 0
