296
560
500
27
122 193 6.160466844148735 0
156 247 3.1906800388021335 1
56 259 6.062292073724054 0
55 284 2.724349879284899 1
246 320 0.39269908169872414 0
89 351 2.478912953223196 0
275 368 3.509748042682347 1
24 380 5.473243451175968 0
275 404 0.39269908169872414 0
45 407 5.448699758569798 0
173 408 3.117048960983623 1
66 430 1.9880391010997909 0
158 436 2.6016314162540475 1
161 451 2.2089323345553233 1
114 457 5.497787143782138 1
176 463 1.9144080232812801 1
199 472 0.36815538909255385 0
81 487 4.9823695990525625 0
165 488 1.3499030933393643 0
181 488 0.6872233929727672 0
214 495 3.6815538909255388 1
202 509 3.7551849687440497 1
177 511 0.5645049299419159 0
275 523 3.1906800388021335 1
191 525 3.3624858870453256 1
172 532 5.252350217720435 1
220 551 2.84706834231575 0
