296
560
500
27
107 25 3.117048960983623 0
40 51 5.915029918087033 0
262 67 0.5890486225480862 0
50 81 2.429825568010856 0
158 115 3.5588354278946874 1
266 126 3.9515345095934116 0
82 133 5.890486225480862 1
133 134 3.141592653589793 1
40 140 5.473243451175968 0
129 150 2.773437264497239 1
252 155 0.859029241215959 0
139 168 2.5034566458293663 1
118 182 1.8162332528565992 0
155 186 0.7363107781851077 0
124 192 1.030835089459151 1
246 195 3.9760782021995817 0
118 208 1.2762720155208536 0
159 209 4.000621894805752 1
140 218 4.172427743048944 1
105 226 5.64504929941916 1
124 227 3.7551849687440497 1
86 247 6.062292073724054 0
230 249 3.77972866135022 0
202 260 3.6079228131070282 1
138 262 3.436116964863836 0
103 281 0.1227184630308513 1
120 283 3.2397674240144743 1
