296
560
500
32
85 71 2.748893571891069 1
169 100 0.22089323345553233 0
157 125 3.141592653589793 1
261 130 3.6570101983193686 1
66 185 2.380738182798515 1
162 193 3.018874190558942 1
95 201 5.841398840268521 1
98 226 5.915029918087033 0
101 256 2.429825568010856 0
43 285 5.399612373357457 0
207 289 3.5833791205008576 1
131 304 5.939573610693203 1
180 307 3.1906800388021335 1
91 309 5.522330836388308 0
176 322 2.7979809571034093 1
186 342 2.5770877236478773 1
54 350 2.1598449493429825 1
163 355 1.9144080232812801 0
201 361 0.760854470791278 0
170 363 1.1044661672776617 1
162 380 1.3989904785517047 0
202 382 4.0987966652304335 1
139 391 5.71868037723767 0
185 391 4.172427743048944 1
166 398 3.6570101983193686 1
57 408 5.448699758569798 0
77 413 5.6941366846315 0
128 425 6.062292073724054 1
184 428 3.436116964863836 1
72 439 5.890486225480862 1
242 442 3.80427235395639 1
86 488 6.209554229361076 0
