296
560
500
23
141 126 3.141592653589793 1
71 196 5.8659425328746915 0
140 199 3.018874190558942 0
58 212 2.405281875404685 1
74 228 5.890486225480862 0
79 257 2.405281875404685 0
181 293 3.6815538909255388 0
109 303 5.890486225480862 1
157 304 3.141592653589793 1
68 313 5.448699758569798 0
153 320 2.748893571891069 1
160 339 2.5280003384355365 1
137 355 1.8407769454627694 0
173 357 0.9081166264282996 0
144 363 1.1044661672776617 1
137 379 1.325359400733194 0
176 383 4.172427743048944 1
160 392 4.147884050442774 1
124 398 5.6941366846315 1
139 400 3.9269908169872414 1
103 421 6.086835766330224 0
156 440 3.5342917352885173 0
213 450 3.77972866135022 0
