296
560
500
26
132 175 3.067961575771282 0
66 203 5.8659425328746915 0
69 232 2.405281875404685 0
171 271 3.6815538909255388 0
98 280 5.890486225480862 1
148 283 3.215223731408304 1
57 288 5.473243451175968 0
142 298 2.7979809571034093 1
151 318 2.5770877236478773 1
127 330 1.8653206380689396 0
163 336 0.859029241215959 0
134 341 1.1290098598838318 1
251 355 4.0987966652304335 0
126 356 1.3989904785517047 0
165 360 4.147884050442774 1
147 368 4.270602513473625 1
112 374 5.6941366846315 1
130 376 3.8288160465625602 1
90 396 6.086835766330224 0
231 408 3.9269908169872414 0
36 410 5.939573610693203 0
142 415 3.5342917352885173 0
203 417 3.730641276137879 1
52 464 6.1850105367549055 0
71 499 3.313398501832985 0
205 507 3.3870295796514958 1
