296
560
500
46
191 121 3.6570101983193686 1
144 124 0.5399612373357456 1
136 139 3.4606606574700063 1
55 164 6.1850105367549055 1
198 171 3.730641276137879 1
36 174 2.6998061866787286 0
215 198 0.7363107781851077 1
92 199 3.067961575771282 0
86 210 0.07363107781851078 1
20 220 5.915029918087033 1
122 231 3.2888548092268146 1
29 232 2.552544031041707 1
219 253 3.877903431774901 1
70 255 2.773437264497239 1
194 263 0.8344855486097889 1
48 304 2.3071071049800045 1
235 308 3.9760782021995817 1
145 310 3.6815538909255388 1
59 315 2.184388641949153 1
204 345 0.9326603190344698 1
104 350 1.8653206380689396 0
126 350 3.3870295796514958 1
143 351 1.0799224746714913 1
81 353 1.6935147898257479 1
103 368 1.3989904785517047 0
62 371 1.521708941582556 1
91 372 5.203262832508095 1
238 376 4.049709280018092 1
152 382 4.221515128261284 1
33 396 1.3989904785517047 1
86 419 4.442408361716817 1
20 423 1.2517283229146832 1
225 427 3.77972866135022 1
194 446 3.77972866135022 0
87 447 4.123340357836604 1
31 454 4.319689898685965 1
226 465 3.3870295796514958 1
162 469 3.509748042682347 1
71 477 4.000621894805752 1
93 492 3.5342917352885173 1
60 494 3.706097583531709 0
126 497 3.3379421944391554 0
201 501 3.1661363461959633 1
77 515 3.2397674240144743 1
157 518 3.067961575771282 1
99 532 2.9697868053466014 0
