296
560
500
39
153 123 3.5588354278946874 1
189 131 3.5342917352885173 1
145 144 0.36815538909255385 1
233 151 0.4908738521234052 1
143 162 3.2888548092268146 1
209 179 3.5342917352885173 1
69 199 6.062292073724054 1
231 201 0.5890486225480862 1
56 210 2.675262494072558 0
112 227 2.84706834231575 0
106 241 6.111379458936394 1
149 253 3.0925052683774528 1
45 258 5.841398840268521 1
249 262 3.7551849687440497 1
58 268 2.5280003384355365 1
225 274 0.7117670855789375 1
101 286 2.6261751088602177 1
265 309 3.8533597391687304 1
184 327 3.5588354278946874 1
83 334 2.2334760271614935 0
105 339 2.1598449493429825 1
145 343 2.6261751088602177 1
133 348 6.062292073724054 1
243 354 0.8099418560036186 1
167 365 3.043417883165112 1
187 367 0.9817477042468103 1
275 383 3.9515345095934116 0
201 392 4.0987966652304335 0
108 408 1.3008157081270237 1
143 424 0.9572040116406401 1
76 430 1.2517283229146832 0
269 430 3.5833791205008576 1
165 454 4.049709280018092 1
238 458 3.5833791205008576 1
274 465 3.141592653589793 1
138 468 4.074252972624263 1
211 474 3.436116964863836 0
251 499 2.9943304979527716 0
179 510 3.2643111166206444 0
