296
560
500
40
174 121 3.80427235395639 1
160 141 0.6135923151542565 1
209 142 3.80427235395639 1
153 159 3.6079228131070282 1
257 174 0.859029241215959 1
209 191 3.77972866135022 1
270 196 4.000621894805752 1
103 217 3.1906800388021335 0
224 217 0.7363107781851077 1
92 232 0.07363107781851078 0
135 250 3.313398501832985 1
77 271 2.8716120349219203 1
229 278 3.9515345095934116 1
202 284 0.9081166264282996 1
50 313 2.454369260617026 0
68 325 2.3316507975861747 1
151 327 3.730641276137879 1
236 328 4.049709280018092 1
283 332 4.196971435655114 0
128 362 3.2643111166206444 1
204 366 1.0062913968529805 1
146 367 1.1290098598838318 1
111 369 1.7426021750380885 1
111 380 1.1780972450961724 1
63 384 1.5953400194010667 1
156 395 4.270602513473625 0
229 404 4.147884050442774 1
91 411 1.1535535524900022 1
260 430 3.6079228131070282 1
217 444 3.77972866135022 1
109 449 4.221515128261284 1
81 459 4.221515128261284 1
255 460 3.215223731408304 0
183 468 3.7551849687440497 1
152 478 3.6079228131070282 0
214 478 3.2888548092268146 1
117 507 3.3870295796514958 0
190 507 3.117048960983623 0
258 510 2.9943304979527716 1
148 523 3.117048960983623 0
