296
560
500
31
72 167 3.067961575771282 1
30 198 6.111379458936394 1
102 201 3.1661363461959633 1
35 210 2.748893571891069 1
133 216 0.1718058482431918 1
168 262 3.3870295796514958 1
146 280 0.2699806186678728 1
29 285 2.3316507975861747 0
69 290 2.5770877236478773 1
201 299 3.5342917352885173 1
28 304 5.66959299202533 0
196 345 0.44178646691106466 1
42 346 2.012582793705961 1
128 347 3.1661363461959633 1
239 367 3.6079228131070282 1
150 381 0.4908738521234052 1
133 390 2.675262494072558 1
180 396 3.5833791205008576 1
68 403 1.521708941582556 1
50 404 1.6444274046134073 0
257 407 3.141592653589793 1
126 423 0.7363107781851077 0
120 426 4.6878452877785195 1
281 437 2.6998061866787286 1
244 445 3.067961575771282 1
142 456 0.4908738521234052 1
175 468 3.5342917352885173 0
230 471 2.9206994201342606 0
283 474 2.5280003384355365 0
228 517 2.5770877236478773 0
264 518 2.454369260617026 1
