296
560
500
31
214 212 0.8835729338221293 1
210 235 3.9515345095934116 1
194 254 0.6872233929727672 1
242 258 3.9269908169872414 1
186 269 3.706097583531709 1
105 271 0.2945243112740431 1
94 278 3.1906800388021335 0
278 289 0.7117670855789375 0
242 309 3.877903431774901 1
62 314 0.09817477042468103 1
133 320 3.3379421944391554 0
71 333 3.117048960983623 1
123 333 0.2699806186678728 0
256 333 0.859029241215959 0
161 359 3.509748042682347 1
101 370 3.141592653589793 1
252 400 4.074252972624263 1
67 404 2.773437264497239 0
225 405 1.030835089459151 1
82 420 2.6261751088602177 1
169 440 3.902447124381071 1
252 452 4.196971435655114 1
138 471 3.5342917352885173 1
155 477 1.2762720155208536 1
61 479 1.7671458676442586 1
217 498 1.1535535524900022 1
165 509 4.3933209765044765 1
88 510 1.423534171157875 1
229 528 4.344233591292136 1
63 543 4.442408361716817 1
95 547 4.466952054322987 1
