296
560
500
39
153 195 0.4663301595172349 1
153 209 3.485204350076177 0
74 242 6.111379458936394 1
217 242 3.6815538909255388 1
60 251 2.724349879284899 0
234 268 0.6872233929727672 1
113 278 2.8716120349219203 1
101 285 6.062292073724054 1
44 296 5.915029918087033 1
142 304 3.2888548092268146 1
58 306 2.675262494072558 1
93 328 2.748893571891069 1
246 332 3.9269908169872414 1
213 334 0.8344855486097889 1
66 373 2.3316507975861747 0
82 384 2.2334760271614935 1
164 385 3.730641276137879 1
20 398 2.061670178918302 1
224 414 1.0799224746714913 0
138 418 3.215223731408304 1
157 421 1.0799224746714913 1
95 427 1.6689710972195777 1
77 446 1.521708941582556 1
170 450 4.196971435655114 0
247 463 4.147884050442774 1
45 469 1.3989904785517047 0
105 470 1.1535535524900022 1
24 481 1.5707963267948966 1
36 482 1.3744467859455345 1
97 488 4.516039439535327 1
230 505 3.902447124381071 1
122 506 4.246058820867455 1
132 510 0.9817477042468103 0
96 517 4.221515128261284 1
45 519 4.466952054322987 1
199 523 3.8288160465625602 0
135 526 4.196971435655114 0
165 536 3.6324665057131984 0
78 542 4.123340357836604 1
