296
560
500
45
113 80 5.6941366846315 0
56 94 4.589670517353839 1
78 120 4.638757902566179 1
88 126 4.81056375080937 0
71 128 1.4726215563702154 0
112 155 4.000621894805752 1
42 170 5.64504929941916 0
164 207 0.5890486225480862 0
170 226 3.6324665057131984 1
263 236 1.1290098598838318 0
25 237 5.767767762450011 0
209 242 3.6815538909255388 1
157 245 0.4663301595172349 1
155 263 3.4606606574700063 1
216 288 3.6570101983193686 1
77 289 6.160466844148735 1
61 298 2.724349879284899 0
233 313 0.7363107781851077 1
114 326 2.9943304979527716 1
101 338 6.258641614573416 0
46 343 5.915029918087033 1
142 352 3.2888548092268146 1
58 354 2.650718801466388 1
94 375 2.748893571891069 1
242 376 3.877903431774901 1
212 383 0.8099418560036186 1
67 421 2.282563412373834 0
83 430 2.184388641949153 1
160 430 3.730641276137879 1
252 435 4.000621894805752 0
266 442 4.246058820867455 1
22 447 2.086213871524472 1
217 463 0.9817477042468103 1
137 464 3.1661363461959633 1
117 469 1.6444274046134073 0
98 470 1.7426021750380885 1
157 471 1.0799224746714913 1
122 482 1.1535535524900022 1
79 495 1.4971652489763858 1
169 499 4.221515128261284 0
106 517 1.1535535524900022 1
49 518 1.3989904785517047 0
27 526 1.5462526341887264 1
40 527 1.3744467859455345 1
99 536 4.516039439535327 1
