296
560
500
51
213 185 0.3190680038802134 0
255 201 3.5342917352885173 0
35 226 5.350524988145116 1
271 230 3.77972866135022 1
263 249 3.6570101983193686 0
107 263 2.6998061866787286 0
281 267 3.877903431774901 1
16 279 5.301437602932776 0
161 292 2.7979809571034093 0
16 294 5.227806525114265 0
152 299 5.988660995905543 0
94 300 5.964117303299373 0
110 315 2.675262494072558 1
195 318 3.2888548092268146 0
13 339 5.178719139901925 0
35 340 2.405281875404685 0
267 340 0.8344855486097889 1
147 342 2.773437264497239 0
120 380 2.356194490192345 0
142 386 2.3316507975861747 1
223 393 3.7551849687440497 1
78 404 2.1598449493429825 0
164 406 0.04908738521234052 0
205 412 3.5588354278946874 1
161 422 1.9389517158874505 0
213 427 1.1780972450961724 1
199 428 3.509748042682347 1
177 434 1.1044661672776617 0
274 436 4.368777283898306 0
132 442 1.6689710972195777 1
232 459 1.2026409377023426 1
158 468 1.325359400733194 1
97 469 1.4726215563702154 0
267 472 4.71238898038469 0
226 473 1.6198837120072371 0
75 479 1.6444274046134073 1
145 480 4.73693267299086 1
86 486 1.3499030933393643 1
54 489 1.7916895602504288 0
200 493 4.270602513473625 1
246 496 4.344233591292136 1
41 502 1.8162332528565992 1
16 514 4.9823695990525625 0
94 519 4.491495746929157 1
251 523 4.074252972624263 0
150 524 4.196971435655114 1
186 528 4.221515128261284 0
243 528 3.8533597391687304 1
168 531 4.196971435655114 0
253 536 3.1906800388021335 0
127 542 4.147884050442774 1
