296
560
500
60
179 72 0.662679700366597 1
193 85 3.730641276137879 0
175 87 0.6135923151542565 0
80 93 2.478912953223196 1
98 93 6.1850105367549055 0
10 101 2.2580197197676637 1
101 116 0.02454369260617026 1
184 141 0.859029241215959 1
108 146 0.2945243112740431 0
79 154 5.6941366846315 1
13 167 2.184388641949153 0
100 173 0.2699806186678728 0
202 175 1.1290098598838318 0
175 183 1.055378782065321 1
48 191 5.2768939103266055 1
160 191 1.2762720155208536 1
57 195 2.061670178918302 0
102 197 2.012582793705961 0
189 199 4.147884050442774 1
105 214 1.9144080232812801 1
188 224 1.3008157081270237 1
155 229 1.5462526341887264 0
141 240 1.88986433067511 1
173 247 1.4971652489763858 0
23 271 5.154175447295755 1
192 273 1.2026409377023426 0
171 279 1.6935147898257479 0
60 307 5.325981295538946 0
178 314 1.6198837120072371 1
215 325 4.246058820867455 0
25 328 5.399612373357457 0
171 333 0.3190680038802134 0
185 335 3.141592653589793 0
153 339 5.620505606812989 0
104 348 5.497787143782138 1
142 357 5.890486225480862 1
214 358 3.9515345095934116 0
29 363 5.64504929941916 0
78 368 5.595961914206819 0
204 371 3.5833791205008576 1
86 372 5.767767762450011 1
45 374 5.71868037723767 1
130 386 6.111379458936394 1
94 391 5.988660995905543 1
20 395 5.890486225480862 0
29 410 6.037748381117884 1
147 416 0.2454369260617026 0
174 423 3.3624858870453256 0
100 425 0.0 1
21 429 6.111379458936394 1
88 437 0.14726215563702155 1
60 443 0.04908738521234052 1
88 461 0.6872233929727672 0
67 464 1.030835089459151 0
127 464 0.2945243112740431 0
66 498 3.730641276137879 0
54 528 0.2699806186678728 1
102 535 0.2454369260617026 1
144 540 3.018874190558942 1
129 547 3.3379421944391554 1
