296
560
500
54
118 55 2.6261751088602177 1
206 89 0.5399612373357456 1
224 102 3.6079228131070282 0
206 106 0.5399612373357456 0
131 119 6.111379458936394 0
116 120 2.429825568010856 1
49 133 2.2089323345553233 1
137 141 6.258641614573416 1
220 159 0.760854470791278 1
146 166 0.2454369260617026 1
118 182 5.620505606812989 1
241 192 1.055378782065321 0
210 194 1.0062913968529805 1
56 196 2.0371264863121317 0
141 197 0.2699806186678728 0
201 213 1.2517283229146832 1
230 218 4.123340357836604 1
146 220 2.012582793705961 0
89 221 5.203262832508095 1
99 222 2.012582793705961 0
230 243 1.2517283229146832 1
197 252 1.521708941582556 0
184 261 1.7916895602504288 1
212 268 1.4971652489763858 1
236 292 1.1780972450961724 0
43 294 5.105088062083414 0
68 302 5.105088062083414 1
215 302 1.6444274046134073 0
106 334 5.2768939103266055 0
224 334 1.5462526341887264 1
262 345 4.196971435655114 0
218 355 5.767767762450011 0
73 356 5.325981295538946 0
231 356 3.706097583531709 0
202 366 5.71868037723767 1
152 373 5.448699758569798 1
263 378 3.877903431774901 0
190 379 5.767767762450011 1
255 387 3.5588354278946874 0
78 390 5.595961914206819 0
126 393 5.5714182216006485 0
35 400 5.620505606812989 1
94 400 5.6941366846315 1
136 401 5.743224069843841 0
178 411 6.013204688511713 1
143 416 5.939573610693203 1
68 422 5.8659425328746915 0
82 436 6.013204688511713 1
195 439 0.19634954084936207 0
223 445 3.3379421944391554 0
150 449 0.0 1
72 456 6.086835766330224 1
138 463 0.07363107781851078 1
110 469 0.0 1
