296
560
500
45
206 132 3.3379421944391554 1
104 151 2.84706834231575 1
155 180 2.945243112740431 1
176 187 0.4908738521234052 0
72 207 2.6016314162540475 0
253 208 1.1290098598838318 1
170 209 0.662679700366597 1
243 221 1.0799224746714913 0
262 229 4.221515128261284 0
131 235 6.135923151542564 1
162 240 0.9572040116406401 0
88 250 5.767767762450011 1
141 259 0.9326603190344698 0
93 260 2.6016314162540475 1
276 268 1.2517283229146832 0
225 273 1.3499030933393643 1
132 277 1.4480778637640452 1
203 284 1.5953400194010667 1
131 292 2.3071071049800045 1
121 299 2.478912953223196 1
25 304 5.66959299202533 1
181 308 1.88986433067511 1
224 310 1.6198837120072371 0
200 328 4.81056375080937 1
256 331 4.540583132141498 1
156 337 2.1353012567368124 0
138 338 2.380738182798515 1
188 346 1.8653206380689396 1
35 357 5.816855147662351 0
160 358 2.086213871524472 1
142 390 2.3316507975861747 0
166 392 1.7671458676442586 0
51 415 6.037748381117884 1
18 417 6.1850105367549055 0
132 421 2.1353012567368124 1
24 429 0.07363107781851078 0
96 431 6.135923151542564 0
116 434 0.04908738521234052 0
79 441 0.1227184630308513 1
128 441 4.147884050442774 0
159 448 4.73693267299086 0
52 459 0.39269908169872414 1
126 481 4.000621894805752 1
51 494 1.0062913968529805 0
103 499 1.1290098598838318 1
