296
560
500
39
127 24 1.8653206380689396 1
211 29 1.2517283229146832 1
181 39 1.4971652489763858 1
164 50 1.7916895602504288 1
192 54 1.4480778637640452 1
26 79 5.031456984264903 1
50 81 5.080544369477243 1
218 81 1.1535535524900022 0
196 88 1.6198837120072371 0
89 118 5.252350217720435 0
205 120 1.4726215563702154 1
243 129 4.196971435655114 0
56 139 5.325981295538946 0
213 142 3.6815538909255388 0
186 151 5.743224069843841 1
136 159 5.424156065963627 1
246 164 3.877903431774901 0
175 165 5.71868037723767 1
236 172 3.5342917352885173 0
61 175 5.620505606812989 0
109 180 5.595961914206819 0
78 186 5.6941366846315 1
119 189 5.743224069843841 0
162 197 6.062292073724054 1
126 204 5.915029918087033 1
51 209 5.8659425328746915 0
62 224 6.013204688511713 1
179 226 0.1718058482431918 0
132 231 6.234097921967246 0
208 231 3.2888548092268146 0
55 243 6.111379458936394 1
96 250 0.02454369260617026 0
123 250 0.07363107781851078 1
84 251 3.043417883165112 0
64 256 6.1850105367549055 1
190 275 3.215223731408304 1
134 276 0.4172427743048944 1
160 279 0.09817477042468103 1
80 285 0.2699806186678728 1
