296
560
500
50
93 122 2.748893571891069 1
175 162 0.5645049299419159 1
196 177 3.6324665057131984 0
173 182 0.5154175447295755 1
97 192 6.086835766330224 0
84 197 2.405281875404685 0
229 199 0.6381360077604268 0
254 206 3.730641276137879 1
107 213 6.258641614573416 1
189 230 0.8099418560036186 1
114 240 0.14726215563702155 1
86 258 5.5714182216006485 1
213 261 1.0062913968529805 1
20 265 2.061670178918302 0
249 265 3.9760782021995817 1
181 266 0.9572040116406401 1
107 268 0.0 1
268 277 0.859029241215959 0
172 284 1.1535535524900022 1
201 287 4.049709280018092 1
116 290 1.9634954084936207 1
76 296 1.9880391010997909 1
58 299 5.178719139901925 1
203 312 1.2026409377023426 1
175 322 1.4480778637640452 1
159 337 1.718058482431918 1
187 338 1.3744467859455345 1
213 361 1.0799224746714913 0
193 372 1.5462526341887264 0
16 374 5.031456984264903 1
42 379 5.080544369477243 1
205 403 1.423534171157875 1
240 408 4.172427743048944 0
88 411 5.203262832508095 0
188 435 5.66959299202533 1
53 437 5.325981295538946 0
245 442 3.80427235395639 0
138 448 5.375068680751287 1
178 450 5.64504929941916 1
240 452 3.4606606574700063 0
115 471 5.473243451175968 0
125 474 5.620505606812989 1
66 476 5.546874528994478 1
84 480 5.595961914206819 1
169 484 5.939573610693203 1
133 494 5.816855147662351 1
189 504 0.14726215563702155 1
217 513 3.2888548092268146 0
145 526 6.135923151542564 1
135 541 6.234097921967246 1
