296
560
500
54
116 93 2.773437264497239 1
199 133 0.5890486225480862 1
219 148 3.6815538909255388 0
198 153 0.5645049299419159 1
108 159 2.429825568010856 1
121 160 6.111379458936394 0
37 167 2.3071071049800045 1
253 171 0.6381360077604268 0
130 181 0.0 1
211 201 0.8344855486097889 1
138 207 0.22089323345553233 1
109 223 5.620505606812989 1
40 231 2.110757564130642 1
130 233 0.14726215563702155 1
234 233 1.0062913968529805 1
203 238 1.030835089459151 1
274 238 3.9515345095934116 1
193 255 1.227184630308513 1
92 259 2.0371264863121317 0
141 259 2.061670178918302 0
225 259 4.147884050442774 0
79 263 5.203262832508095 1
221 284 1.227184630308513 1
193 289 1.4971652489763858 1
176 303 1.7671458676442586 1
204 308 1.4480778637640452 1
35 335 5.105088062083414 1
229 335 1.1780972450961724 0
59 341 5.129631754689584 1
208 342 1.6444274046134073 0
217 374 1.521708941582556 1
101 375 5.227806525114265 0
254 384 4.196971435655114 0
25 386 2.2580197197676637 0
28 399 5.350524988145116 1
66 399 5.325981295538946 0
197 406 5.71868037723767 1
146 415 5.448699758569798 1
256 417 3.8533597391687304 0
186 420 5.71868037723767 1
246 430 3.485204350076177 1
73 434 5.5714182216006485 0
122 436 5.546874528994478 0
133 439 5.66959299202533 1
90 444 5.64504929941916 1
176 451 6.062292073724054 1
139 459 5.890486225480862 1
66 464 5.890486225480862 0
75 480 6.037748381117884 1
193 480 0.14726215563702155 0
221 485 3.2888548092268146 0
145 487 6.209554229361076 0
68 497 6.209554229361076 1
136 506 0.04908738521234052 1
