296
560
500
49
96 130 2.6016314162540475 1
184 157 0.4908738521234052 1
204 169 3.5588354278946874 0
186 173 0.44178646691106466 0
247 175 3.706097583531709 1
110 193 6.013204688511713 0
99 198 2.3071071049800045 0
31 212 2.184388641949153 1
123 212 6.234097921967246 1
269 221 4.491495746929157 0
205 225 0.7117670855789375 1
134 237 0.14726215563702155 1
197 250 0.9081166264282996 1
268 253 3.877903431774901 1
232 254 0.9572040116406401 1
105 255 5.5714182216006485 1
130 268 0.1718058482431918 0
44 276 1.9389517158874505 0
190 276 1.1290098598838318 1
225 282 4.049709280018092 0
137 289 1.88986433067511 0
91 294 1.9144080232812801 0
80 297 5.105088062083414 1
224 308 1.1535535524900022 1
191 318 1.3744467859455345 0
179 327 1.6689710972195777 1
208 332 1.3744467859455345 1
237 359 1.055378782065321 0
219 368 1.4971652489763858 1
46 375 4.957825906446392 1
69 375 5.006913291658733 1
264 403 4.123340357836604 0
109 408 5.203262832508095 0
222 419 5.620505606812989 0
205 427 5.497787143782138 0
75 430 5.252350217720435 1
159 442 5.399612373357457 1
199 444 5.841398840268521 1
137 465 5.473243451175968 0
87 467 5.497787143782138 0
148 472 5.620505606812989 0
106 475 5.5714182216006485 1
188 479 5.939573610693203 1
155 488 5.816855147662351 1
83 499 5.767767762450011 0
204 505 0.04908738521234052 0
97 513 5.915029918087033 1
162 521 6.111379458936394 1
88 533 6.037748381117884 1
