296
560
500
45
103 146 2.650718801466388 1
189 177 0.4908738521234052 1
210 191 3.6324665057131984 0
190 193 0.4908738521234052 0
115 209 6.062292073724054 0
273 210 4.196971435655114 0
103 213 2.380738182798515 0
248 213 0.6381360077604268 0
35 224 2.2089323345553233 1
125 229 6.258641614573416 1
210 244 0.7363107781851077 0
134 254 0.22089323345553233 1
106 270 5.620505606812989 1
198 270 0.9572040116406401 1
232 276 0.9817477042468103 1
267 282 3.9515345095934116 0
129 286 0.1718058482431918 0
44 289 1.9880391010997909 0
188 295 1.1290098598838318 1
221 304 4.0987966652304335 1
135 309 1.9389517158874505 0
79 311 5.154175447295755 1
89 312 1.9634954084936207 0
138 325 1.7916895602504288 1
222 329 1.2026409377023426 1
189 339 1.4480778637640452 0
176 348 1.718058482431918 1
205 353 1.3989904785517047 1
233 382 1.0799224746714913 0
41 387 5.031456984264903 1
63 390 5.056000676871073 1
214 390 1.5953400194010667 1
103 424 5.227806525114265 0
258 426 4.172427743048944 0
69 444 5.252350217720435 1
216 446 6.234097921967246 1
201 451 5.5714182216006485 1
152 460 5.424156065963627 1
192 464 5.6941366846315 1
77 482 5.546874528994478 0
128 482 5.497787143782138 0
140 489 5.66959299202533 0
95 491 5.64504929941916 1
178 498 5.964117303299373 1
145 515 5.915029918087033 1
