296
560
500
41
168 56 3.411573272257666 0
284 111 4.319689898685965 1
48 146 2.6016314162540475 0
188 150 3.4606606574700063 0
125 184 0.14726215563702155 0
166 184 3.3870295796514958 0
75 188 5.988660995905543 0
101 210 2.650718801466388 0
73 216 2.282563412373834 0
207 217 0.8835729338221293 1
91 263 1.9880391010997909 1
232 271 1.2026409377023426 0
185 279 3.9760782021995817 0
135 288 0.8099418560036186 0
23 320 1.6198837120072371 1
209 320 4.172427743048944 1
212 340 4.270602513473625 1
136 346 4.246058820867455 1
115 348 0.859029241215959 1
199 348 3.9269908169872414 1
251 354 4.246058820867455 1
240 373 3.8288160465625602 0
279 377 3.8288160465625602 0
224 388 3.436116964863836 1
62 400 0.8344855486097889 0
257 403 3.411573272257666 1
160 408 3.6324665057131984 0
237 410 3.1661363461959633 0
199 427 3.117048960983623 0
267 427 3.0925052683774528 0
106 432 3.730641276137879 1
66 435 4.000621894805752 0
59 441 0.39269908169872414 1
151 444 3.411573272257666 0
198 450 6.160466844148735 1
84 452 3.5342917352885173 1
223 467 3.067961575771282 1
90 478 3.2888548092268146 1
142 478 3.141592653589793 0
169 483 3.0925052683774528 0
162 500 2.2580197197676637 0
