296
560
500
42
126 76 3.411573272257666 0
147 86 3.5588354278946874 1
210 90 3.77972866135022 0
228 125 0.7363107781851077 0
144 169 3.4606606574700063 0
273 171 4.221515128261284 0
242 182 0.859029241215959 0
121 201 3.3379421944391554 0
83 203 0.1227184630308513 0
32 208 5.964117303299373 0
58 229 2.650718801466388 0
164 234 0.9081166264282996 1
29 236 2.3071071049800045 0
48 281 1.9634954084936207 1
184 292 1.2026409377023426 1
141 296 4.000621894805752 0
93 311 1.6198837120072371 1
95 323 1.1044661672776617 1
259 325 0.859029241215959 0
165 335 4.147884050442774 1
173 353 4.221515128261284 0
78 364 0.6381360077604268 0
155 365 3.9269908169872414 1
89 367 3.902447124381071 0
207 373 4.246058820867455 1
274 373 3.9269908169872414 0
194 389 3.8288160465625602 0
233 395 3.877903431774901 0
178 399 3.436116964863836 0
17 416 0.859029241215959 0
270 418 3.706097583531709 1
214 422 3.436116964863836 1
192 428 3.141592653589793 0
114 431 3.6570101983193686 1
253 436 3.5342917352885173 0
156 446 3.141592653589793 0
224 446 3.117048960983623 0
64 451 3.730641276137879 1
22 461 0.5890486225480862 1
156 462 6.209554229361076 0
106 463 3.411573272257666 0
173 479 3.043417883165112 0
