296
560
500
42
98 59 3.6570101983193686 1
122 79 3.436116964863836 0
143 89 3.5588354278946874 1
207 92 3.7551849687440497 0
224 125 0.6872233929727672 0
144 173 3.4606606574700063 0
239 183 0.8344855486097889 0
82 206 0.14726215563702155 0
121 206 3.3624858870453256 0
29 210 5.988660995905543 0
57 232 2.6998061866787286 0
28 237 2.356194490192345 0
163 239 0.9081166264282996 1
46 284 1.9880391010997909 1
183 298 1.2026409377023426 1
139 300 4.000621894805752 0
91 316 1.6198837120072371 1
258 326 0.7853981633974483 0
93 327 1.1290098598838318 1
164 341 4.172427743048944 1
176 353 4.196971435655114 1
70 369 0.8344855486097889 1
153 369 3.9269908169872414 1
87 370 4.221515128261284 0
275 373 3.877903431774901 0
205 375 4.246058820867455 1
177 381 3.8533597391687304 1
193 393 3.8288160465625602 0
232 397 3.8533597391687304 0
273 407 3.509748042682347 0
175 408 3.436116964863836 1
212 424 3.411573272257666 1
249 426 3.3624858870453256 1
112 427 3.6815538909255388 0
191 430 3.141592653589793 0
221 447 3.067961575771282 0
62 452 3.6815538909255388 1
154 454 3.141592653589793 1
156 463 6.1850105367549055 0
253 463 3.018874190558942 0
105 464 3.411573272257666 0
174 479 3.018874190558942 0
