296
560
500
28
54 150 5.964117303299373 1
20 155 5.399612373357457 0
173 158 3.1661363461959633 0
202 176 0.14726215563702155 0
20 180 5.620505606812989 1
93 193 2.773437264497239 0
119 196 2.9943304979527716 0
248 217 0.3436116964863836 0
20 240 2.380738182798515 1
161 262 2.9206994201342606 0
18 263 2.3071071049800045 1
161 300 2.773437264497239 0
215 309 0.39269908169872414 1
128 323 5.890486225480862 0
41 334 2.110757564130642 0
266 351 0.7363107781851077 1
84 352 5.497787143782138 0
121 356 2.184388641949153 0
99 376 1.8407769454627694 0
227 376 3.5588354278946874 0
268 394 3.706097583531709 0
136 407 1.4480778637640452 1
190 415 0.2454369260617026 1
273 422 3.411573272257666 0
215 457 3.8288160465625602 1
199 468 0.39269908169872414 1
98 489 1.1290098598838318 1
261 505 3.141592653589793 1
