296
560
500
59
117 32 0.2454369260617026 0
64 34 6.013204688511713 0
157 34 3.411573272257666 0
92 57 2.724349879284899 0
60 62 2.3071071049800045 0
198 72 0.9817477042468103 1
77 110 2.0371264863121317 1
170 131 4.074252972624263 0
214 132 1.3008157081270237 1
119 144 1.6198837120072371 1
121 155 1.2026409377023426 1
197 190 4.295146206079795 0
95 196 0.9572040116406401 1
112 199 4.295146206079795 0
179 202 4.000621894805752 1
230 215 4.319689898685965 1
215 230 3.9269908169872414 0
254 239 3.9515345095934116 0
39 245 0.9081166264282996 0
199 245 3.5342917352885173 1
133 265 3.706097583531709 1
233 265 3.5342917352885173 1
211 270 3.2643111166206444 0
265 272 3.5588354278946874 1
40 279 4.0987966652304335 0
81 281 3.80427235395639 1
18 283 3.80427235395639 0
173 284 3.215223731408304 0
239 290 3.1906800388021335 0
124 297 3.509748042682347 0
57 299 3.5342917352885173 1
170 300 0.02454369260617026 0
265 312 3.141592653589793 0
60 319 3.2888548092268146 0
189 320 3.1661363461959633 0
104 324 3.2643111166206444 1
135 330 3.117048960983623 1
52 334 2.9697868053466014 0
239 348 2.945243112740431 0
246 364 2.724349879284899 0
258 382 1.6689710972195777 1
45 390 6.234097921967246 1
277 392 4.7860200582032 0
59 402 0.1718058482431918 0
121 423 0.2945243112740431 0
258 445 4.957825906446392 0
274 445 1.6689710972195777 0
128 454 2.1598449493429825 1
97 478 2.7979809571034093 1
45 493 5.890486225480862 0
269 497 1.7671458676442586 1
48 512 0.1718058482431918 1
167 512 5.080544369477243 1
156 518 5.325981295538946 1
269 526 4.884194828627882 1
253 532 5.056000676871073 0
61 537 6.258641614573416 1
92 544 6.111379458936394 1
115 548 5.841398840268521 1
