296
560
500
36
184 92 3.485204350076177 1
177 113 0.3436116964863836 0
252 113 3.6079228131070282 1
99 143 0.1227184630308513 1
112 144 3.1661363461959633 1
161 156 3.3379421944391554 0
203 175 3.6324665057131984 1
266 179 3.77972866135022 0
281 211 0.6135923151542565 0
62 245 2.675262494072558 0
199 257 3.509748042682347 0
86 288 6.062292073724054 0
137 288 0.22089323345553233 0
178 290 3.411573272257666 0
112 312 2.7979809571034093 0
86 320 2.429825568010856 1
216 326 0.9572040116406401 1
96 363 2.0371264863121317 1
187 384 4.049709280018092 0
235 391 1.2762720155208536 1
16 418 1.6444274046134073 0
209 428 4.246058820867455 1
222 443 4.270602513473625 1
113 448 0.9572040116406401 1
130 451 4.319689898685965 0
201 451 4.000621894805752 0
251 464 4.246058820867455 1
219 467 3.877903431774901 1
236 480 3.8288160465625602 0
55 496 1.3744467859455345 0
216 496 3.4606606574700063 1
67 511 1.1044661672776617 0
149 516 3.7551849687440497 1
233 519 3.215223731408304 0
256 520 3.411573272257666 0
198 535 3.1906800388021335 0
