296
560
500
42
173 96 0.3436116964863836 1
124 141 0.04908738521234052 1
156 147 3.1906800388021335 0
161 158 6.1850105367549055 1
264 164 3.706097583531709 0
200 165 3.5342917352885173 1
66 248 2.6016314162540475 0
203 249 3.436116964863836 0
20 259 5.6941366846315 1
184 283 3.313398501832985 0
144 285 0.1227184630308513 0
94 289 5.988660995905543 0
121 311 2.675262494072558 0
93 316 2.282563412373834 0
225 316 0.8835729338221293 1
109 365 1.9144080232812801 1
208 375 4.000621894805752 1
248 379 1.2026409377023426 1
152 389 1.718058482431918 0
157 407 1.1044661672776617 1
18 409 1.8162332528565992 1
225 418 4.172427743048944 1
42 422 1.5707963267948966 1
239 432 4.196971435655114 1
219 443 3.9515345095934116 0
135 448 0.8835729338221293 1
151 449 4.270602513473625 0
269 453 4.221515128261284 1
240 459 3.80427235395639 1
257 471 3.7551849687440497 0
238 487 3.3870295796514958 1
80 496 0.8835729338221293 0
281 503 3.411573272257666 1
175 507 3.730641276137879 0
257 510 3.141592653589793 0
221 527 3.0925052683774528 0
83 534 4.049709280018092 0
126 538 3.706097583531709 0
59 540 3.902447124381071 0
171 544 3.411573272257666 0
220 545 6.1850105367549055 0
75 546 0.5890486225480862 0
