296
560
500
40
142 135 0.2454369260617026 0
175 153 3.3379421944391554 0
175 164 0.04908738521234052 1
197 164 3.3870295796514958 0
216 174 3.6079228131070282 1
279 179 3.77972866135022 0
280 201 0.7363107781851077 0
78 241 2.675262494072558 0
28 244 5.767767762450011 0
210 254 3.5342917352885173 0
102 282 6.086835766330224 0
152 282 0.2699806186678728 0
191 292 3.509748042682347 1
127 306 2.7979809571034093 0
101 313 2.380738182798515 1
232 324 0.9572040116406401 1
111 356 2.0371264863121317 1
201 376 4.049709280018092 0
249 386 1.3008157081270237 1
151 390 0.9326603190344698 1
15 394 1.88986433067511 1
33 407 1.718058482431918 0
222 420 4.246058820867455 1
235 438 4.319689898685965 1
214 444 4.025165587411922 0
232 464 3.9760782021995817 1
263 465 4.344233591292136 1
248 480 3.9515345095934116 0
66 483 1.030835089459151 0
233 489 3.5833791205008576 0
162 504 3.8288160465625602 0
265 518 3.6079228131070282 1
243 522 3.3624858870453256 0
65 523 4.172427743048944 0
44 528 3.8288160465625602 0
106 531 3.8533597391687304 0
57 535 0.4172427743048944 0
203 535 3.3379421944391554 0
83 544 3.5588354278946874 1
151 544 3.5342917352885173 0
