296
560
500
46
15 73 2.454369260617026 0
43 81 2.3071071049800045 0
170 101 0.9326603190344698 0
114 104 1.0062913968529805 0
134 134 4.0987966652304335 0
175 135 1.0799224746714913 0
111 136 3.9515345095934116 1
81 144 1.1535535524900022 0
100 146 3.6079228131070282 1
49 150 1.6444274046134073 1
154 150 1.2026409377023426 0
82 157 1.325359400733194 0
25 160 1.718058482431918 1
38 171 1.6198837120072371 0
86 172 1.2517283229146832 1
149 189 1.2762720155208536 0
130 195 4.295146206079795 1
80 201 1.1044661672776617 0
18 216 4.614214209960009 1
137 224 4.221515128261284 1
159 230 4.3933209765044765 1
55 255 4.295146206079795 0
40 260 4.270602513473625 1
79 262 4.196971435655114 1
113 265 0.6872233929727672 1
181 285 4.000621894805752 1
9 287 4.074252972624263 1
146 288 3.80427235395639 0
195 288 4.0987966652304335 0
229 302 4.000621894805752 0
90 307 0.5890486225480862 0
49 318 3.877903431774901 1
126 319 3.7551849687440497 1
164 319 3.730641276137879 0
213 321 3.730641276137879 0
208 344 3.5342917352885173 0
49 353 3.6815538909255388 1
84 360 3.730641276137879 1
193 361 3.436116964863836 1
145 363 3.6079228131070282 1
33 379 3.3624858870453256 0
161 381 3.3624858870453256 1
70 385 3.485204350076177 0
142 424 0.662679700366597 1
170 430 0.9081166264282996 1
133 431 1.030835089459151 0
