296
560
500
57
61 102 5.424156065963627 0
138 104 2.552544031041707 0
85 111 5.595961914206819 1
66 142 2.1353012567368124 0
36 159 2.1598449493429825 0
48 170 5.2768939103266055 0
126 170 2.2089323345553233 0
100 179 5.424156065963627 0
156 183 2.2089323345553233 0
227 199 0.9572040116406401 0
95 207 2.086213871524472 0
228 231 3.8288160465625602 1
245 231 4.123340357836604 1
92 234 1.9389517158874505 1
218 242 3.411573272257666 1
270 242 1.1290098598838318 0
199 244 0.9572040116406401 0
106 251 1.7916895602504288 1
170 252 1.6444274046134073 1
203 257 1.3008157081270237 0
147 260 1.7426021750380885 1
155 275 1.6444274046134073 1
20 277 2.110757564130642 1
267 281 1.2517283229146832 0
14 287 5.252350217720435 1
249 288 4.270602513473625 1
111 293 1.521708941582556 1
195 297 1.1290098598838318 1
69 306 1.9144080232812801 0
138 310 4.6878452877785195 1
99 314 1.5462526341887264 1
255 317 4.270602513473625 1
277 323 4.3933209765044765 1
91 337 1.5953400194010667 0
172 346 4.319689898685965 0
161 347 4.270602513473625 0
199 357 4.172427743048944 1
230 358 0.760854470791278 1
89 367 1.3989904785517047 1
123 373 4.221515128261284 1
57 379 5.325981295538946 1
104 380 3.8288160465625602 0
79 382 5.915029918087033 1
261 388 3.877903431774901 1
27 389 5.522330836388308 0
205 398 0.6381360077604268 0
163 405 3.902447124381071 1
60 408 6.013204688511713 1
239 411 3.80427235395639 1
62 423 0.0 1
157 437 3.7551849687440497 1
193 448 3.8288160465625602 1
132 457 3.509748042682347 0
96 458 0.2699806186678728 1
170 468 3.6079228131070282 0
89 506 3.2643111166206444 1
66 541 2.724349879284899 0
