296
560
500
44
12 178 5.424156065963627 1
180 234 0.1718058482431918 1
25 238 2.012582793705961 1
210 251 0.4172427743048944 0
147 272 0.2699806186678728 0
205 278 0.5645049299419159 0
179 282 3.4606606574700063 0
172 295 3.313398501832985 0
85 297 1.718058482431918 0
52 303 1.718058482431918 0
170 311 3.043417883165112 0
224 311 0.6872233929727672 0
33 327 4.859651136021712 0
213 331 3.6324665057131984 1
154 335 1.2762720155208536 1
255 335 3.7551849687440497 0
136 348 1.1044661672776617 0
234 349 3.5833791205008576 1
43 351 1.4726215563702154 0
117 371 1.0799224746714913 1
132 372 1.0062913968529805 0
182 372 0.39269908169872414 0
59 375 1.325359400733194 0
73 386 1.1780972450961724 0
237 398 0.04908738521234052 1
278 400 3.1661363461959633 1
104 416 0.9326603190344698 1
138 418 4.123340357836604 1
209 420 3.5833791205008576 1
185 430 3.80427235395639 0
273 436 2.9943304979527716 0
174 437 3.80427235395639 0
109 440 0.9081166264282996 0
241 448 6.135923151542564 0
73 450 1.325359400733194 0
109 465 1.055378782065321 0
156 473 3.730641276137879 0
208 483 3.2888548092268146 1
127 485 0.859029241215959 0
267 490 2.8961557275280905 1
137 501 0.9326603190344698 1
224 510 3.067961575771282 1
130 517 5.252350217720435 0
220 539 2.7979809571034093 0
