296
560
500
36
81 255 2.6016314162540475 0
64 264 5.767767762450011 1
136 279 2.773437264497239 1
83 283 5.816855147662351 1
55 315 2.2580197197676637 0
35 338 5.424156065963627 0
112 344 2.282563412373834 0
84 353 5.522330836388308 0
141 360 2.282563412373834 0
78 379 2.086213871524472 0
211 382 0.8835729338221293 0
233 409 4.025165587411922 0
77 410 1.9144080232812801 0
213 414 3.902447124381071 1
184 422 1.9144080232812801 0
202 422 3.509748042682347 1
83 428 1.7671458676442586 0
154 429 1.6689710972195777 1
256 431 1.1290098598838318 0
129 440 1.718058482431918 1
190 447 1.227184630308513 1
142 449 1.6198837120072371 0
252 466 1.227184630308513 0
233 469 4.295146206079795 1
92 471 1.4726215563702154 1
184 474 1.1044661672776617 0
51 484 1.8653206380689396 0
121 490 4.614214209960009 1
81 493 1.521708941582556 1
241 498 4.221515128261284 1
72 516 1.5707963267948966 0
157 525 4.295146206079795 0
140 528 4.295146206079795 1
181 533 4.196971435655114 1
218 539 0.760854470791278 1
78 545 1.3499030933393643 0
