296
560
500
55
67 89 5.743224069843841 1
124 89 2.6998061866787286 0
45 119 2.2580197197676637 0
22 149 5.325981295538946 0
103 157 2.2334760271614935 0
75 165 5.497787143782138 0
132 173 2.2089323345553233 0
263 179 0.7853981633974483 0
204 191 0.9081166264282996 0
71 192 2.086213871524472 0
272 214 0.9572040116406401 0
67 222 1.9634954084936207 1
224 223 4.074252972624263 1
204 224 3.80427235395639 1
251 234 1.1044661672776617 0
81 238 1.7671458676442586 1
194 238 3.509748042682347 1
143 250 1.6444274046134073 1
117 253 1.6689710972195777 0
134 264 1.6689710972195777 0
181 264 1.2026409377023426 1
254 271 1.2762720155208536 1
229 281 4.246058820867455 1
86 284 1.5707963267948966 1
169 293 1.1290098598838318 1
41 295 1.88986433067511 0
73 305 1.5707963267948966 1
112 307 4.6878452877785195 1
258 311 4.344233591292136 1
232 313 4.0987966652304335 0
64 332 1.6444274046134073 0
146 347 4.344233591292136 0
204 348 0.6135923151542565 1
132 355 4.319689898685965 1
174 357 4.123340357836604 1
61 366 1.5707963267948966 1
277 371 4.025165587411922 0
95 372 4.295146206079795 1
29 375 5.325981295538946 1
242 376 3.77972866135022 1
75 378 3.877903431774901 0
51 387 6.013204688511713 0
183 398 0.4172427743048944 0
260 401 3.6815538909255388 0
222 404 3.6079228131070282 1
30 408 6.062292073724054 1
136 411 3.9269908169872414 1
34 430 0.1227184630308513 0
131 443 3.730641276137879 1
236 448 3.5833791205008576 1
173 450 3.6324665057131984 1
103 462 3.485204350076177 0
78 468 0.22089323345553233 1
146 471 3.485204350076177 0
63 511 3.3624858870453256 1
