296
560
500
50
213 105 3.5588354278946874 0
108 129 2.82252464970958 0
52 181 2.282563412373834 0
41 193 5.473243451175968 0
51 203 5.595961914206819 0
83 204 2.3071071049800045 1
229 213 0.6381360077604268 1
109 221 2.282563412373834 0
46 228 2.1598449493429825 0
176 233 0.6872233929727672 0
247 242 0.7853981633974483 0
38 262 1.9389517158874505 1
203 262 3.877903431774901 1
229 263 0.9081166264282996 0
186 269 3.6815538909255388 1
174 281 3.3624858870453256 1
55 283 1.718058482431918 1
153 291 1.6935147898257479 1
124 294 1.5462526341887264 1
239 297 1.0799224746714913 1
100 304 1.6198837120072371 1
215 311 4.000621894805752 1
114 312 1.4726215563702154 0
64 330 1.325359400733194 1
165 332 0.760854470791278 0
226 335 4.000621894805752 1
251 337 4.172427743048944 1
53 349 1.3008157081270237 1
97 353 4.516039439535327 1
47 369 1.2762720155208536 0
206 377 0.4908738521234052 1
140 379 4.074252972624263 0
170 382 3.9269908169872414 1
284 383 3.77972866135022 1
126 387 4.049709280018092 1
41 400 1.1535535524900022 1
249 400 3.6079228131070282 1
92 408 4.074252972624263 1
70 411 4.049709280018092 0
270 420 3.509748042682347 0
191 423 0.39269908169872414 0
230 427 3.509748042682347 1
146 438 3.6815538909255388 1
253 468 3.4606606574700063 1
147 469 3.6324665057131984 1
188 473 3.5588354278946874 1
80 482 0.2945243112740431 0
120 487 3.4606606574700063 0
265 487 3.3379421944391554 1
166 494 3.411573272257666 0
