296
560
500
54
68 117 5.399612373357457 0
147 118 2.6261751088602177 0
93 132 5.595961914206819 0
71 162 2.086213871524472 0
103 177 2.0371264863121317 0
138 178 2.110757564130642 0
42 181 2.061670178918302 0
96 189 5.252350217720435 0
172 191 2.1598449493429825 0
54 192 5.203262832508095 0
109 192 5.350524988145116 0
112 215 1.9880391010997909 0
236 216 0.7853981633974483 1
110 247 1.9389517158874505 1
238 251 3.8288160465625602 0
214 259 1.1044661672776617 0
121 261 1.7916895602504288 0
233 261 3.5833791205008576 1
186 266 1.6689710972195777 1
216 273 1.3499030933393643 0
160 277 1.6689710972195777 0
176 285 1.6689710972195777 0
219 288 1.227184630308513 1
129 306 1.5953400194010667 1
213 317 1.1044661672776617 0
85 320 1.88986433067511 0
13 326 2.0371264863121317 0
154 326 4.73693267299086 1
116 327 1.6198837120072371 1
105 350 1.6935147898257479 0
185 366 4.368777283898306 0
170 370 4.368777283898306 1
107 378 1.2517283229146832 0
210 378 4.221515128261284 1
244 378 0.7363107781851077 1
134 389 4.319689898685965 1
116 396 4.0987966652304335 0
70 399 5.2768939103266055 1
45 411 5.375068680751287 0
217 424 0.6872233929727672 0
171 428 4.000621894805752 1
71 431 5.915029918087033 1
71 455 6.1850105367549055 0
216 465 0.4172427743048944 0
163 467 3.8533597391687304 0
102 475 0.4172427743048944 0
205 476 3.80427235395639 1
65 480 0.02454369260617026 1
142 484 3.5588354278946874 0
97 486 3.5588354278946874 1
181 498 3.6570101983193686 0
90 516 0.3436116964863836 1
103 521 3.4606606574700063 1
102 531 3.2888548092268146 0
