296
560
500
51
109 15 5.399612373357457 1
165 17 2.2089323345553233 0
103 39 2.0371264863121317 0
236 45 0.9326603190344698 1
99 69 1.9389517158874505 1
259 69 4.000621894805752 0
239 74 3.902447124381071 1
209 83 1.1044661672776617 0
110 84 1.7916895602504288 0
228 85 3.5833791205008576 1
179 90 1.6689710972195777 1
211 97 1.3008157081270237 0
151 98 1.6935147898257479 0
168 106 1.6689710972195777 0
118 128 1.5462526341887264 1
259 132 4.295146206079795 1
208 138 1.1290098598838318 0
74 145 1.8653206380689396 0
145 148 4.71238898038469 1
105 149 1.5707963267948966 1
267 161 4.196971435655114 1
96 173 1.6689710972195777 0
179 187 4.344233591292136 0
168 188 4.295146206079795 0
204 198 4.246058820867455 1
98 200 1.521708941582556 0
241 204 0.7117670855789375 1
127 210 4.270602513473625 1
61 226 5.252350217720435 1
271 230 3.8288160465625602 1
83 231 5.767767762450011 0
214 245 0.6135923151542565 0
169 248 3.9269908169872414 1
66 255 5.8659425328746915 1
250 257 3.7551849687440497 1
68 280 6.062292073724054 0
160 286 3.80427235395639 0
100 296 0.36815538909255385 0
201 296 3.8288160465625602 1
266 301 3.5588354278946874 1
138 302 3.509748042682347 0
178 316 3.6570101983193686 0
106 358 3.141592653589793 1
240 367 3.313398501832985 0
201 417 0.3436116964863836 1
183 421 3.2888548092268146 0
203 479 6.258641614573416 0
205 495 3.141592653589793 0
177 499 6.258641614573416 1
181 514 2.9206994201342606 1
175 530 2.552544031041707 0
