296
560
500
38
148 146 3.3870295796514958 0
224 150 0.7853981633974483 1
181 158 0.7117670855789375 1
77 208 2.2580197197676637 0
37 210 2.1353012567368124 0
110 215 0.3436116964863836 0
135 227 3.5342917352885173 1
173 230 3.80427235395639 1
120 241 2.7979809571034093 0
246 272 0.9081166264282996 1
121 274 1.8407769454627694 1
131 280 0.9326603190344698 1
18 290 1.5953400194010667 0
132 301 1.1535535524900022 0
62 308 1.3989904785517047 0
88 315 1.3744467859455345 0
73 319 4.589670517353839 1
139 336 4.466952054322987 1
133 380 1.1044661672776617 1
30 384 1.3744467859455345 1
24 390 1.4971652489763858 0
260 396 4.025165587411922 1
117 428 1.0799224746714913 0
123 458 4.221515128261284 1
229 463 3.77972866135022 0
183 466 3.9269908169872414 1
39 475 4.000621894805752 0
57 486 4.196971435655114 1
272 486 3.215223731408304 0
196 488 3.5588354278946874 1
241 490 3.3870295796514958 0
166 501 3.6570101983193686 1
76 505 3.9515345095934116 0
202 512 3.313398501832985 1
116 517 3.8288160465625602 0
147 525 3.5833791205008576 0
250 531 3.018874190558942 1
196 551 3.141592653589793 1
