296
560
500
41
92 119 2.724349879284899 0
236 134 0.7117670855789375 0
167 136 3.3870295796514958 0
200 145 0.6872233929727672 1
59 198 2.184388641949153 0
101 204 2.282563412373834 1
132 209 0.2699806186678728 0
157 220 3.485204350076177 1
196 224 3.8533597391687304 1
143 235 2.8961557275280905 0
266 254 0.9081166264282996 1
143 268 1.8407769454627694 1
38 273 1.6689710972195777 0
154 274 0.9572040116406401 1
147 282 1.3008157081270237 0
154 294 1.1780972450961724 0
82 296 1.423534171157875 0
108 304 1.3744467859455345 0
93 306 4.589670517353839 1
160 329 4.516039439535327 1
47 365 1.3744467859455345 1
41 369 1.5462526341887264 0
154 374 1.1044661672776617 1
135 417 1.055378782065321 0
147 448 4.221515128261284 0
58 454 4.221515128261284 1
248 455 3.6815538909255388 1
201 456 3.9515345095934116 1
76 462 4.196971435655114 0
263 475 3.2888548092268146 0
217 477 3.5342917352885173 1
184 488 3.6815538909255388 1
85 495 3.730641276137879 0
219 498 3.2643111166206444 1
132 500 3.8533597391687304 0
167 511 3.5833791205008576 0
271 513 2.945243112740431 1
107 514 3.509748042682347 1
106 532 3.313398501832985 0
211 536 3.1906800388021335 1
154 546 3.215223731408304 1
