296
560
500
44
85 116 2.6998061866787286 0
163 133 3.3870295796514958 0
194 141 0.7117670855789375 1
54 193 2.184388641949153 0
95 200 2.282563412373834 1
125 205 0.2699806186678728 0
273 205 4.246058820867455 0
151 217 3.509748042682347 1
190 221 3.8533597391687304 1
140 226 2.9697868053466014 1
259 253 0.9326603190344698 1
136 265 1.8407769454627694 1
31 271 1.6689710972195777 0
146 271 0.9572040116406401 1
146 290 1.1780972450961724 0
74 292 1.3989904785517047 0
101 301 1.4480778637640452 0
152 305 1.3008157081270237 1
86 306 4.614214209960009 1
153 328 4.491495746929157 1
22 356 1.718058482431918 0
38 362 1.3744467859455345 1
33 367 1.5707963267948966 0
144 370 1.1290098598838318 1
273 383 3.9760782021995817 1
126 417 1.0799224746714913 0
132 449 4.270602513473625 1
48 452 4.246058820867455 1
237 456 3.706097583531709 1
189 460 3.9515345095934116 0
62 464 4.0987966652304335 1
250 476 3.2888548092268146 0
204 477 3.5588354278946874 1
172 488 3.6815538909255388 1
77 489 3.9515345095934116 1
48 493 3.5588354278946874 0
120 499 3.877903431774901 0
207 499 3.2888548092268146 1
154 511 3.6079228131070282 0
95 514 3.5342917352885173 1
259 515 2.9697868053466014 1
93 537 3.313398501832985 1
197 537 3.1906800388021335 1
141 547 3.2397674240144743 1
