296
560
500
36
94 154 2.7979809571034093 1
12 176 2.1598449493429825 1
164 217 3.3379421944391554 1
128 229 2.8716120349219203 0
228 236 3.80427235395639 1
104 239 5.988660995905543 1
68 248 1.9389517158874505 1
116 253 2.282563412373834 0
28 258 1.8407769454627694 0
145 285 0.5399612373357456 1
112 330 1.030835089459151 1
81 336 1.0799224746714913 0
38 338 1.2762720155208536 1
98 347 4.246058820867455 1
175 376 0.6872233929727672 1
77 414 1.0062913968529805 0
53 416 1.2517283229146832 0
70 427 1.0799224746714913 0
175 427 0.662679700366597 0
242 430 3.5588354278946874 1
270 445 3.0925052683774528 1
186 450 3.877903431774901 1
39 451 1.3499030933393643 0
28 453 1.4726215563702154 0
281 465 2.84706834231575 1
247 469 3.141592653589793 1
67 493 0.859029241215959 0
115 495 3.902447124381071 1
133 496 3.877903431774901 0
235 499 3.117048960983623 0
200 505 3.3870295796514958 0
159 517 3.436116964863836 1
107 525 3.5588354278946874 0
183 530 3.0925052683774528 1
126 536 3.117048960983623 1
237 541 2.773437264497239 1
