296
560
500
44
136 80 3.3624858870453256 0
172 89 0.662679700366597 1
20 149 2.1598449493429825 0
61 149 2.2089323345553233 1
95 155 0.19634954084936207 1
123 162 3.436116964863836 1
164 165 3.80427235395639 1
106 176 2.7979809571034093 0
105 211 1.7671458676442586 1
117 216 0.9081166264282996 1
43 249 1.3744467859455345 1
76 249 1.3744467859455345 1
57 250 4.614214209960009 1
19 316 1.3499030933393643 0
119 320 1.055378782065321 1
10 327 1.4726215563702154 0
258 328 4.000621894805752 1
102 365 1.030835089459151 0
108 394 4.196971435655114 1
218 396 3.730641276137879 0
169 400 3.902447124381071 1
28 408 4.270602513473625 1
46 417 4.196971435655114 0
183 422 3.5588354278946874 1
233 423 3.313398501832985 0
267 426 3.2397674240144743 1
12 433 3.7551849687440497 0
153 436 3.6570101983193686 1
64 441 3.877903431774901 0
184 445 3.2643111166206444 1
102 451 3.80427235395639 0
15 460 3.6324665057131984 1
135 460 3.5833791205008576 0
236 465 3.018874190558942 1
78 468 3.5588354278946874 1
175 486 3.1661363461959633 1
78 492 3.313398501832985 1
124 499 3.1661363461959633 1
244 502 2.748893571891069 1
90 517 3.043417883165112 1
158 528 2.8961557275280905 1
197 528 2.8961557275280905 1
85 532 6.111379458936394 0
123 535 3.018874190558942 0
