296
560
500
42
169 89 3.3870295796514958 0
59 151 2.2089323345553233 0
99 156 2.3071071049800045 1
197 178 3.8533597391687304 1
140 187 2.9206994201342606 0
9 204 5.006913291658733 1
138 221 1.8162332528565992 1
150 227 0.9572040116406401 1
36 229 1.6935147898257479 0
144 237 1.325359400733194 0
150 248 1.1780972450961724 0
78 251 1.4480778637640452 0
103 256 1.3989904785517047 0
88 257 4.663301595172349 1
155 280 4.540583132141498 1
26 310 1.6689710972195777 0
47 317 1.4480778637640452 0
37 327 1.5462526341887264 0
148 328 1.055378782065321 1
129 371 1.055378782065321 0
135 400 4.221515128261284 1
196 409 3.9515345095934116 1
52 411 4.270602513473625 1
244 411 3.730641276137879 1
68 419 4.270602513473625 0
211 432 3.5833791205008576 1
260 434 3.3870295796514958 0
34 435 3.9760782021995817 0
179 443 3.6570101983193686 1
87 444 3.902447124381071 0
214 454 3.313398501832985 1
126 455 3.80427235395639 0
36 461 3.6324665057131984 1
159 466 3.6079228131070282 0
99 471 3.5588354278946874 1
264 474 3.018874190558942 1
198 493 3.215223731408304 1
99 494 3.2888548092268146 1
41 503 3.411573272257666 1
143 504 3.2397674240144743 1
179 541 3.018874190558942 0
148 545 3.067961575771282 1
