296
560
500
43
111 30 2.650718801466388 1
240 36 3.6815538909255388 0
194 55 3.3870295796514958 0
226 64 0.6872233929727672 1
79 114 2.2334760271614935 0
122 121 2.3071071049800045 1
153 126 0.3190680038802134 0
179 139 3.5342917352885173 1
219 145 3.877903431774901 1
163 147 2.9206994201342606 1
160 188 1.8407769454627694 1
54 189 1.6689710972195777 0
172 194 0.9572040116406401 1
166 204 1.3499030933393643 0
99 213 1.4726215563702154 0
172 215 1.1044661672776617 0
124 222 1.4480778637640452 0
109 224 4.663301595172349 1
49 268 1.7426021750380885 1
60 279 1.3744467859455345 1
55 284 1.5707963267948966 0
169 296 1.1044661672776617 1
150 340 1.1044661672776617 0
69 368 4.270602513473625 1
160 371 4.270602513473625 0
263 374 3.7551849687440497 0
86 378 4.246058820867455 0
216 379 3.9760782021995817 1
280 398 3.215223731408304 0
230 400 3.5588354278946874 1
103 403 3.9269908169872414 0
201 412 3.6324665057131984 1
145 420 3.8288160465625602 0
235 423 3.313398501832985 1
117 430 3.5833791205008576 1
177 432 3.6324665057131984 0
116 447 3.3379421944391554 0
218 456 3.1906800388021335 1
162 464 3.313398501832985 1
125 469 3.018874190558942 0
230 487 2.9943304979527716 0
202 498 3.018874190558942 0
166 502 3.141592653589793 1
