296
560
500
53
92 49 2.3071071049800045 1
128 53 0.4663301595172349 0
150 67 3.5588354278946874 1
135 76 2.9697868053466014 1
188 77 3.902447124381071 0
133 116 1.9389517158874505 1
143 123 1.0062913968529805 1
68 140 1.521708941582556 0
283 140 4.442408361716817 0
93 148 1.4726215563702154 0
78 153 4.71238898038469 1
288 168 4.3933209765044765 0
144 176 4.638757902566179 1
32 212 1.4726215563702154 0
133 222 1.1290098598838318 1
267 245 4.0987966652304335 1
113 268 1.1290098598838318 0
123 301 4.270602513473625 0
33 305 4.295146206079795 1
179 309 3.9760782021995817 1
225 309 3.8288160465625602 0
51 315 4.246058820867455 0
191 333 3.6324665057131984 1
236 337 3.436116964863836 0
271 340 3.215223731408304 1
68 341 3.9269908169872414 0
158 343 3.730641276137879 1
106 354 3.877903431774901 0
194 357 3.3870295796514958 1
281 365 3.1661363461959633 1
138 366 3.6570101983193686 0
79 369 3.6324665057131984 1
240 379 3.117048960983623 1
80 393 3.3870295796514958 1
181 395 3.2397674240144743 1
271 408 2.84706834231575 0
132 412 3.313398501832985 0
244 415 2.724349879284899 1
90 418 3.141592653589793 1
192 429 2.9697868053466014 0
82 431 6.234097921967246 0
223 433 5.792311455056181 1
162 442 3.018874190558942 0
127 446 3.1661363461959633 1
233 454 3.2397674240144743 0
272 457 1.5953400194010667 1
259 484 2.6998061866787286 0
265 488 1.88986433067511 1
266 509 4.73693267299086 0
188 532 5.964117303299373 1
250 536 5.056000676871073 0
83 537 0.2454369260617026 1
181 544 2.945243112740431 1
