296
560
500
52
214 166 6.111379458936394 1
76 172 5.375068680751287 0
214 207 0.04908738521234052 1
57 209 5.473243451175968 1
125 251 2.1353012567368124 0
194 252 6.111379458936394 1
268 252 0.9081166264282996 1
139 274 5.375068680751287 1
199 274 2.3071071049800045 1
40 279 2.1353012567368124 0
229 279 0.9572040116406401 0
191 301 2.184388641949153 1
176 302 5.497787143782138 0
213 307 1.3744467859455345 1
205 316 1.6935147898257479 0
231 321 4.246058820867455 1
191 332 2.110757564130642 1
204 335 1.8407769454627694 1
66 340 1.9144080232812801 0
164 340 5.301437602932776 1
283 356 1.6444274046134073 1
262 360 1.8162332528565992 1
146 367 5.105088062083414 1
41 389 2.012582793705961 0
136 394 5.227806525114265 0
70 395 1.6689710972195777 1
122 399 4.957825906446392 1
163 401 2.650718801466388 1
240 402 1.9144080232812801 1
101 405 1.1044661672776617 1
250 411 4.933282213840222 1
172 413 2.429825568010856 1
80 414 1.227184630308513 1
138 421 3.509748042682347 1
183 421 2.282563412373834 1
50 424 1.5707963267948966 1
115 425 4.344233591292136 1
207 427 2.184388641949153 1
29 438 5.792311455056181 1
97 438 4.295146206079795 1
81 439 4.516039439535327 1
120 439 3.5833791205008576 1
45 441 5.816855147662351 1
56 445 3.9515345095934116 1
255 455 1.9144080232812801 1
229 459 1.9880391010997909 0
199 465 2.2334760271614935 1
113 470 3.2643111166206444 1
78 481 3.5588354278946874 1
154 494 2.748893571891069 1
109 515 6.086835766330224 1
228 531 5.227806525114265 1
