296
560
500
70
191 82 0.02454369260617026 1
169 126 6.086835766330224 1
243 126 0.8344855486097889 1
99 134 2.012582793705961 0
179 151 2.3071071049800045 0
205 152 0.9081166264282996 0
115 155 5.252350217720435 1
171 175 2.086213871524472 1
155 177 5.424156065963627 0
191 183 1.3008157081270237 1
184 190 1.5707963267948966 0
210 196 4.246058820867455 1
173 206 2.012582793705961 1
184 209 1.6935147898257479 1
147 217 5.178719139901925 1
264 231 1.5462526341887264 1
50 235 1.8653206380689396 0
243 235 1.6689710972195777 1
132 245 5.006913291658733 1
110 252 1.3744467859455345 1
113 268 4.663301595172349 0
124 275 5.154175447295755 0
226 278 1.8162332528565992 1
151 281 2.5280003384355365 1
111 284 4.859651136021712 1
29 287 1.9144080232812801 0
58 288 1.5462526341887264 1
236 288 4.859651136021712 1
89 291 0.9817477042468103 1
161 293 2.380738182798515 1
172 301 2.2089323345553233 1
196 304 2.061670178918302 1
71 306 1.1535535524900022 1
279 307 1.7671458676442586 0
105 310 4.246058820867455 1
41 322 1.4726215563702154 1
113 323 3.436116964863836 1
89 326 4.196971435655114 1
73 330 4.491495746929157 1
246 331 1.8162332528565992 1
23 337 5.66959299202533 1
38 338 5.71868037723767 1
220 338 1.88986433067511 0
49 341 3.8533597391687304 1
193 342 2.110757564130642 1
14 346 5.988660995905543 1
111 356 3.0925052683774528 1
76 373 3.3870295796514958 1
150 377 2.650718801466388 1
109 403 5.964117303299373 1
225 412 5.129631754689584 1
268 421 5.2768939103266055 0
152 433 5.792311455056181 0
238 434 5.325981295538946 0
184 441 5.64504929941916 1
270 442 5.546874528994478 1
98 448 6.135923151542564 0
240 450 5.595961914206819 0
189 459 5.8659425328746915 0
225 464 5.743224069843841 0
248 474 6.062292073724054 1
92 480 2.9943304979527716 0
225 481 6.1850105367549055 1
191 495 6.209554229361076 0
114 514 2.82252464970958 0
131 519 0.0 1
219 521 3.215223731408304 1
123 535 2.748893571891069 1
135 536 2.724349879284899 1
89 539 5.915029918087033 1
