296
560
500
61
126 75 6.062292073724054 1
128 114 0.02454369260617026 1
180 159 0.8344855486097889 0
110 165 6.037748381117884 0
41 167 2.012582793705961 0
146 184 0.9081166264282996 0
120 185 2.282563412373834 0
220 187 1.1780972450961724 0
56 190 5.252350217720435 1
113 208 2.061670178918302 1
97 213 5.350524988145116 0
132 216 1.2517283229146832 1
126 224 1.5707963267948966 0
153 230 4.221515128261284 1
115 240 1.9880391010997909 1
126 243 1.6935147898257479 1
90 252 5.154175447295755 1
205 261 1.521708941582556 1
185 265 1.6689710972195777 1
75 281 4.9823695990525625 1
168 309 1.8162332528565992 1
66 311 5.154175447295755 0
248 312 1.4971652489763858 1
95 314 2.5034566458293663 1
178 318 4.8351074434155406 1
54 319 4.859651136021712 1
33 326 1.0062913968529805 1
105 326 2.3316507975861747 1
65 329 5.595961914206819 1
115 334 2.184388641949153 1
138 337 2.012582793705961 1
220 338 1.7671458676442586 0
14 339 1.1535535524900022 1
71 339 3.509748042682347 1
49 345 4.246058820867455 1
56 358 3.4606606574700063 1
32 360 4.221515128261284 1
188 361 1.8162332528565992 1
17 364 4.466952054322987 1
163 369 1.88986433067511 0
135 376 2.086213871524472 1
51 391 3.117048960983623 1
20 407 3.436116964863836 1
93 412 2.650718801466388 1
52 438 5.939573610693203 1
168 444 5.129631754689584 1
211 451 5.2768939103266055 0
181 466 5.325981295538946 0
233 467 5.792311455056181 1
96 468 5.767767762450011 0
215 472 5.71868037723767 1
129 475 5.595961914206819 1
184 482 5.546874528994478 0
42 483 6.111379458936394 0
223 485 6.234097921967246 1
132 494 5.816855147662351 0
168 496 5.767767762450011 0
191 506 6.135923151542564 1
35 514 3.043417883165112 0
169 514 6.135923151542564 1
136 528 6.209554229361076 0
