296
560
500
50
262 164 0.4663301595172349 1
137 185 2.6261751088602177 0
238 196 0.7363107781851077 1
137 215 5.8659425328746915 1
194 226 0.4908738521234052 0
171 251 0.1227184630308513 0
190 252 3.117048960983623 0
153 261 6.013204688511713 0
254 261 1.3499030933393643 1
209 266 1.4726215563702154 0
165 276 1.3989904785517047 1
187 282 1.6198837120072371 0
126 288 5.792311455056181 1
162 288 2.2334760271614935 1
151 293 2.6016314162540475 1
12 296 5.105088062083414 0
95 303 5.64504929941916 1
159 303 2.356194490192345 1
188 303 4.81056375080937 1
269 309 1.8162332528565992 0
34 314 1.5953400194010667 1
288 315 1.7671458676442586 0
58 319 5.424156065963627 1
71 323 5.767767762450011 0
41 334 5.056000676871073 0
15 341 4.7860200582032 1
95 342 3.043417883165112 1
196 354 2.282563412373834 1
32 355 4.172427743048944 1
92 358 2.8716120349219203 1
220 363 2.2089323345553233 0
98 371 2.724349879284899 1
11 382 3.8533597391687304 1
155 383 2.405281875404685 1
113 389 2.6016314162540475 1
159 397 5.424156065963627 1
86 420 2.675262494072558 1
218 422 2.086213871524472 0
34 424 3.215223731408304 1
117 430 2.5034566458293663 0
181 438 2.356194490192345 0
140 440 2.405281875404685 1
197 477 2.061670178918302 1
195 488 2.1353012567368124 1
30 498 0.0 1
84 499 5.66959299202533 0
21 520 0.2454369260617026 1
116 521 5.743224069843841 1
81 522 5.890486225480862 0
76 536 6.160466844148735 0
