296
560
500
40
154 194 0.0 1
141 230 0.2454369260617026 1
41 268 2.1598449493429825 0
112 276 6.1850105367549055 0
182 283 0.9572040116406401 0
56 289 5.448699758569798 1
102 302 6.135923151542564 1
146 302 1.055378782065321 0
117 303 2.8716120349219203 1
218 319 1.325359400733194 0
112 322 2.2334760271614935 0
133 326 1.1290098598838318 0
143 343 4.221515128261284 1
105 352 2.184388641949153 1
79 357 5.325981295538946 1
116 357 1.88986433067511 1
37 383 1.718058482431918 1
58 384 5.178719139901925 1
172 386 1.7916895602504288 1
199 389 1.718058482431918 0
46 412 5.2768939103266055 0
31 415 5.006913291658733 1
74 420 2.6261751088602177 1
8 424 1.1044661672776617 1
148 431 1.9634954084936207 1
39 434 5.816855147662351 0
78 437 2.5034566458293663 1
41 441 3.706097583531709 1
21 442 4.3933209765044765 1
158 442 4.957825906446392 1
89 446 2.356194490192345 1
229 448 1.6198837120072371 1
114 453 2.2334760271614935 1
22 464 3.485204350076177 0
197 474 1.9389517158874505 0
135 488 2.086213871524472 0
161 489 1.9880391010997909 1
18 492 3.141592653589793 1
102 494 2.3071071049800045 1
56 524 2.7979809571034093 0
