296
560
500
67
88 28 5.595961914206819 1
251 44 0.14726215563702155 1
154 79 2.2580197197676637 0
225 90 6.258641614573416 1
61 97 2.282563412373834 0
168 101 5.5714182216006485 1
232 119 2.6016314162540475 0
253 123 1.030835089459151 0
202 138 5.6941366846315 0
234 138 1.2026409377023426 1
212 142 2.356194490192345 1
218 151 2.1353012567368124 0
223 155 1.5462526341887264 1
75 158 2.1353012567368124 1
248 168 4.442408361716817 1
207 171 2.3071071049800045 1
180 175 5.473243451175968 1
219 177 2.0371264863121317 1
134 196 1.8653206380689396 1
155 199 5.325981295538946 1
45 204 2.2089323345553233 0
276 207 1.9880391010997909 1
152 212 5.2768939103266055 1
72 214 1.8407769454627694 1
140 224 5.424156065963627 0
102 226 1.3744467859455345 1
124 226 5.154175447295755 1
80 232 1.4971652489763858 1
165 235 2.773437264497239 1
48 236 1.5953400194010667 1
243 249 2.1353012567368124 1
169 250 2.5770877236478773 1
112 251 4.540583132141498 1
135 252 3.2397674240144743 1
14 255 5.252350217720435 1
74 259 4.73693267299086 1
179 259 2.454369260617026 1
251 259 5.203262832508095 1
48 261 4.6878452877785195 1
91 261 4.516039439535327 1
112 266 3.80427235395639 1
203 268 2.356194490192345 1
95 287 3.5833791205008576 1
63 300 3.6815538909255388 1
219 304 2.2334760271614935 0
249 304 2.1598449493429825 1
186 305 2.429825568010856 1
134 330 2.9206994201342606 0
87 349 6.1850105367549055 1
207 372 5.424156065963627 1
65 383 0.14726215563702155 1
120 385 6.062292073724054 1
151 396 5.939573610693203 1
210 402 5.66959299202533 0
51 410 3.2888548092268146 0
210 417 5.8659425328746915 0
155 419 6.135923151542564 1
190 426 6.062292073724054 0
207 437 6.234097921967246 0
185 443 0.19634954084936207 1
149 447 0.2454369260617026 0
85 464 0.1718058482431918 0
96 479 0.39269908169872414 1
167 481 3.485204350076177 1
116 495 0.4908738521234052 1
107 501 3.485204350076177 0
78 505 0.3190680038802134 1
