296
560
500
70
129 32 2.1353012567368124 0
201 34 6.209554229361076 1
276 41 0.8835729338221293 1
145 55 5.399612373357457 1
242 59 1.055378782065321 0
210 62 2.3071071049800045 0
214 75 1.9880391010997909 0
224 85 1.2517283229146832 1
216 97 1.4971652489763858 1
208 103 1.8162332528565992 0
232 107 4.295146206079795 1
193 117 2.2334760271614935 1
63 121 2.012582793705961 0
167 122 5.350524988145116 1
204 122 1.9389517158874505 1
122 149 1.6689710972195777 1
144 149 5.252350217720435 1
259 150 1.88986433067511 1
281 152 1.7671458676442586 1
63 176 1.7916895602504288 1
131 176 5.325981295538946 0
116 181 5.031456984264903 1
94 182 1.3744467859455345 1
156 186 2.6998061866787286 1
72 195 1.4726215563702154 1
232 195 2.0371264863121317 1
160 202 2.5280003384355365 1
39 205 1.2517283229146832 1
240 205 5.056000676871073 1
105 207 4.491495746929157 1
172 209 2.356194490192345 1
195 218 2.2580197197676637 1
30 222 4.196971435655114 0
69 223 4.638757902566179 1
107 223 3.902447124381071 1
43 225 4.540583132141498 1
83 225 4.3933209765044765 0
282 229 1.9880391010997909 0
243 248 2.0371264863121317 1
214 253 2.086213871524472 0
100 255 3.2888548092268146 1
183 256 2.3071071049800045 1
63 265 3.6570101983193686 1
134 282 2.82252464970958 1
15 294 3.436116964863836 1
90 307 6.062292073724054 0
287 308 1.88986433067511 0
208 325 5.301437602932776 1
249 335 5.399612373357457 1
128 344 5.988660995905543 1
218 349 5.473243451175968 0
76 350 0.0 1
158 353 5.816855147662351 1
250 360 5.743224069843841 1
220 364 5.743224069843841 0
262 371 6.086835766330224 1
164 376 6.013204688511713 1
65 377 3.2888548092268146 0
203 377 5.841398840268521 0
219 384 6.234097921967246 0
199 394 0.04908738521234052 1
171 397 0.09817477042468103 1
63 429 0.2945243112740431 1
186 433 3.313398501832985 1
141 439 0.04908738521234052 1
71 446 3.3624858870453256 0
20 450 3.2643111166206444 0
159 453 0.2454369260617026 0
61 507 0.2699806186678728 1
86 532 0.4172427743048944 1
