296
560
500
62
200 16 6.160466844148735 1
198 56 0.14726215563702155 1
104 101 2.086213871524472 0
177 104 6.209554229361076 0
251 109 0.9572040116406401 1
120 120 5.399612373357457 1
209 131 1.0062913968529805 0
277 143 1.2517283229146832 1
157 151 5.66959299202533 0
199 157 1.1535535524900022 0
174 163 2.184388641949153 1
182 168 1.1535535524900022 0
209 174 4.221515128261284 1
174 186 2.086213871524472 0
181 188 1.8162332528565992 1
152 189 5.325981295538946 0
45 194 1.9880391010997909 0
127 215 5.105088062083414 1
263 217 1.718058482431918 0
237 218 1.7916895602504288 1
125 231 5.154175447295755 1
116 245 5.227806525114265 0
101 250 4.9823695990525625 1
47 253 1.6444274046134073 1
142 254 2.650718801466388 1
79 256 1.1535535524900022 1
216 259 1.9144080232812801 1
147 270 2.454369260617026 1
59 273 1.227184630308513 1
220 273 4.957825906446392 0
159 278 2.3071071049800045 1
27 281 1.3008157081270237 1
182 285 2.1598449493429825 1
264 293 1.8653206380689396 0
75 294 4.270602513473625 1
59 297 4.540583132141498 1
98 299 3.5588354278946874 0
230 314 1.9144080232812801 1
204 319 1.9880391010997909 0
170 322 2.2334760271614935 0
92 327 3.1906800388021335 1
57 341 3.5833791205008576 1
130 357 2.748893571891069 0
88 381 5.964117303299373 0
207 394 5.203262832508095 0
242 401 5.301437602932776 1
126 417 5.8659425328746915 1
213 418 5.399612373357457 0
71 419 6.258641614573416 0
158 423 5.71868037723767 1
245 426 5.64504929941916 1
215 434 5.64504929941916 0
252 438 6.037748381117884 1
163 446 5.915029918087033 1
198 447 5.816855147662351 0
61 450 3.2643111166206444 0
215 454 6.111379458936394 0
195 465 6.234097921967246 1
160 476 0.0 0
145 491 0.1718058482431918 0
79 496 0.19634954084936207 0
184 503 3.2888548092268146 1
