296
560
500
43
174 16 3.411573272257666 1
42 69 2.552544031041707 0
57 88 5.939573610693203 0
84 88 2.748893571891069 1
90 100 6.1850105367549055 1
18 112 5.5714182216006485 0
66 123 5.890486225480862 1
93 131 0.14726215563702155 0
214 150 0.9572040116406401 1
139 154 0.8835729338221293 0
166 183 4.049709280018092 1
83 188 0.39269908169872414 1
157 192 1.0799224746714913 1
117 203 1.2517283229146832 1
103 204 3.3870295796514958 1
205 206 1.055378782065321 0
48 212 5.301437602932776 0
153 223 1.3008157081270237 0
270 238 4.123340357836604 0
166 264 1.6444274046134073 0
134 271 2.061670178918302 0
235 274 0.9572040116406401 0
33 280 5.301437602932776 1
185 285 1.5462526341887264 1
204 291 1.1044661672776617 0
267 299 4.147884050442774 1
113 306 5.2768939103266055 0
42 307 5.5714182216006485 1
192 309 2.0371264863121317 1
207 330 3.5833791205008576 1
180 334 5.129631754689584 1
226 339 3.6079228131070282 0
187 340 5.66959299202533 0
267 342 3.9269908169872414 0
146 344 5.448699758569798 1
134 346 5.71868037723767 1
247 351 3.6570101983193686 1
67 361 5.988660995905543 0
101 363 5.988660995905543 1
247 372 3.313398501832985 0
75 380 6.234097921967246 1
177 381 6.013204688511713 1
145 395 6.209554229361076 0
