296
560
500
52
211 45 3.5833791205008576 0
64 55 2.454369260617026 0
107 73 2.724349879284899 1
79 74 5.890486225480862 0
19 76 5.5714182216006485 1
113 83 6.1850105367549055 1
21 93 2.2580197197676637 1
41 98 5.5714182216006485 0
89 107 5.890486225480862 1
118 115 0.09817477042468103 0
238 130 0.9326603190344698 1
163 136 0.859029241215959 0
191 165 4.049709280018092 1
109 171 0.39269908169872414 1
182 175 1.0799224746714913 1
235 185 1.055378782065321 1
142 186 1.2762720155208536 1
129 187 3.411573272257666 1
72 196 5.325981295538946 0
178 206 1.325359400733194 0
190 247 1.6444274046134073 0
157 254 2.0371264863121317 0
260 254 0.859029241215959 0
57 263 5.325981295538946 1
209 267 1.521708941582556 1
228 271 1.0799224746714913 0
31 277 5.325981295538946 0
137 288 5.2768939103266055 0
64 290 5.595961914206819 1
217 290 2.061670178918302 1
36 302 5.66959299202533 1
232 310 3.5342917352885173 1
67 316 5.8659425328746915 1
203 316 5.203262832508095 1
251 320 3.6079228131070282 0
212 322 5.64504929941916 0
170 326 5.448699758569798 1
156 329 5.71868037723767 1
26 335 5.915029918087033 1
90 343 5.988660995905543 0
125 345 5.964117303299373 1
201 361 6.062292073724054 1
100 362 6.234097921967246 1
67 381 6.209554229361076 1
169 382 6.160466844148735 1
71 414 0.0 0
127 427 6.209554229361076 1
102 441 0.2454369260617026 1
152 441 0.19634954084936207 1
185 446 0.02454369260617026 0
117 450 0.19634954084936207 1
177 452 3.2888548092268146 1
