296
560
500
47
178 45 6.209554229361076 0
123 59 6.086835766330224 0
90 111 2.405281875404685 0
136 126 2.724349879284899 1
106 129 5.890486225480862 0
139 134 6.160466844148735 0
49 138 5.497787143782138 0
49 150 2.2580197197676637 1
68 155 5.522330836388308 0
115 163 5.841398840268521 1
143 164 0.07363107781851078 1
28 175 5.375068680751287 1
263 183 0.8835729338221293 0
191 189 0.8344855486097889 0
220 218 4.025165587411922 1
137 226 0.3436116964863836 1
211 227 1.055378782065321 1
265 235 1.030835089459151 1
171 239 1.2517283229146832 1
157 240 3.3379421944391554 1
144 244 2.2580197197676637 0
101 251 5.325981295538946 0
144 256 1.9389517158874505 1
207 258 1.3008157081270237 0
221 298 1.6198837120072371 0
189 305 2.0371264863121317 0
88 317 5.325981295538946 1
241 317 1.5462526341887264 1
260 322 1.0799224746714913 0
64 330 5.301437602932776 0
169 341 5.252350217720435 0
248 341 2.061670178918302 1
97 343 5.5714182216006485 1
68 355 5.66959299202533 1
264 361 3.5588354278946874 1
231 364 5.252350217720435 0
244 371 5.620505606812989 0
99 375 5.8659425328746915 0
201 377 5.473243451175968 1
189 380 5.6941366846315 1
59 386 5.988660995905543 1
122 395 5.939573610693203 0
155 397 5.964117303299373 1
231 405 6.037748381117884 0
132 413 6.234097921967246 1
201 426 6.1850105367549055 0
101 431 6.234097921967246 1
