296
560
500
51
168 17 0.2454369260617026 0
204 24 3.4606606574700063 1
112 26 6.1850105367549055 0
73 76 2.454369260617026 0
89 94 5.939573610693203 0
116 94 2.748893571891069 1
28 96 5.595961914206819 1
122 105 6.234097921967246 1
30 112 2.282563412373834 1
50 118 5.5714182216006485 0
98 128 5.8659425328746915 1
12 132 5.448699758569798 1
125 136 0.1718058482431918 0
169 159 0.9326603190344698 0
239 162 0.9572040116406401 0
115 191 0.5399612373357456 1
196 193 4.147884050442774 1
185 198 1.1535535524900022 1
146 209 1.325359400733194 1
133 210 3.509748042682347 1
237 213 1.1044661672776617 1
77 216 5.350524988145116 0
117 224 1.9634954084936207 1
180 232 1.3744467859455345 0
191 273 1.6935147898257479 0
158 279 2.110757564130642 0
57 284 5.375068680751287 1
259 285 0.9817477042468103 0
209 294 1.5953400194010667 1
33 295 5.350524988145116 0
227 300 1.1535535524900022 0
64 310 5.64504929941916 1
136 313 5.2768939103266055 0
215 319 2.110757564130642 1
36 321 5.6941366846315 1
229 340 1.4480778637640452 1
65 342 5.915029918087033 0
201 343 5.203262832508095 1
246 350 3.6570101983193686 0
166 352 5.497787143782138 1
153 354 5.767767762450011 1
208 356 5.939573610693203 1
86 364 6.037748381117884 0
269 365 3.730641276137879 1
120 368 6.037748381117884 1
94 383 0.0 1
265 384 3.3624858870453256 0
194 389 6.086835766330224 1
60 408 6.209554229361076 0
159 408 6.209554229361076 1
139 466 0.22089323345553233 1
