296
560
500
45
135 26 2.6261751088602177 1
105 31 5.816855147662351 0
139 35 6.062292073724054 0
49 41 5.473243451175968 0
50 52 2.2089323345553233 1
69 58 5.497787143782138 0
118 65 5.767767762450011 1
146 71 6.258641614573416 0
267 76 0.8344855486097889 0
30 79 5.350524988145116 1
189 89 0.760854470791278 1
223 112 3.902447124381071 1
217 124 1.030835089459151 1
142 128 0.3190680038802134 1
267 133 0.9572040116406401 0
162 142 3.3379421944391554 1
173 144 1.2517283229146832 0
106 157 5.227806525114265 0
215 157 1.2762720155208536 0
230 196 1.5707963267948966 0
197 207 1.9634954084936207 0
251 214 1.521708941582556 1
270 215 1.055378782065321 0
95 223 5.301437602932776 1
71 238 5.2768939103266055 0
259 239 2.012582793705961 1
179 242 5.227806525114265 0
106 247 5.5714182216006485 1
280 258 3.509748042682347 1
77 261 5.64504929941916 1
246 266 5.154175447295755 1
255 269 5.743224069843841 0
110 279 5.841398840268521 0
201 280 5.424156065963627 1
214 282 5.473243451175968 0
69 291 5.988660995905543 1
135 298 5.915029918087033 0
168 298 5.939573610693203 1
244 304 5.988660995905543 0
144 316 6.1850105367549055 1
214 326 6.135923151542564 0
116 334 6.209554229361076 1
144 371 0.1227184630308513 0
160 375 3.1906800388021335 1
167 382 6.209554229361076 0
