296
560
500
29
171 133 0.3436116964863836 0
104 155 6.013204688511713 1
189 170 3.485204350076177 1
170 185 0.2699806186678728 0
113 188 0.02454369260617026 0
200 192 3.436116964863836 1
69 231 2.6998061866787286 0
225 235 0.6872233929727672 1
217 240 3.6570101983193686 0
82 253 6.086835766330224 0
39 268 5.767767762450011 0
83 290 6.037748381117884 1
117 297 0.3436116964863836 1
152 331 0.9081166264282996 1
234 333 0.9572040116406401 0
99 354 0.7363107781851077 1
186 356 4.049709280018092 0
174 369 1.1044661672776617 1
112 372 3.6079228131070282 1
51 376 5.473243451175968 0
101 383 2.478912953223196 1
131 383 1.3989904785517047 1
227 388 1.0799224746714913 0
167 400 1.325359400733194 0
143 443 2.061670178918302 0
180 443 1.718058482431918 0
200 464 1.6935147898257479 1
219 471 1.2762720155208536 0
119 483 5.301437602932776 0
