296
560
500
42
191 173 0.1227184630308513 0
134 187 6.086835766330224 0
59 202 2.724349879284899 0
104 235 2.478912953223196 0
151 251 2.748893571891069 1
117 254 5.915029918087033 0
62 259 5.5714182216006485 0
151 261 6.160466844148735 0
63 268 2.2580197197676637 1
18 271 5.203262832508095 1
78 278 5.595961914206819 0
127 288 5.8659425328746915 1
155 290 0.14726215563702155 1
34 302 5.399612373357457 1
273 309 0.8835729338221293 0
198 314 0.8344855486097889 0
18 329 5.080544369477243 1
229 344 4.000621894805752 1
145 352 0.44178646691106466 1
222 356 1.0799224746714913 1
271 367 1.0062913968529805 0
175 371 1.3008157081270237 0
106 375 5.399612373357457 0
217 388 1.3499030933393643 0
55 395 1.9389517158874505 1
48 421 5.031456984264903 0
230 426 1.6689710972195777 0
195 432 2.012582793705961 0
89 445 5.325981295538946 1
255 447 1.5707963267948966 0
268 448 1.1780972450961724 0
66 459 5.2768939103266055 0
257 469 2.012582793705961 1
103 474 5.620505606812989 0
176 477 5.252350217720435 1
71 485 5.546874528994478 1
244 496 5.154175447295755 1
212 500 5.325981295538946 0
103 503 5.890486225480862 0
195 510 5.620505606812989 1
127 524 6.013204688511713 0
162 527 5.988660995905543 1
