296
560
500
36
121 163 2.748893571891069 1
163 173 2.9943304979527716 0
151 179 6.111379458936394 0
89 181 5.841398840268521 0
197 200 3.2643111166206444 0
104 218 6.086835766330224 0
73 269 2.454369260617026 0
122 283 2.748893571891069 1
88 287 5.8659425328746915 0
122 292 6.135923151542564 0
33 293 5.546874528994478 0
34 302 2.3071071049800045 1
51 311 5.546874528994478 0
99 320 5.841398840268521 1
127 322 0.07363107781851078 1
246 338 0.859029241215959 0
171 345 0.8099418560036186 0
201 372 3.9515345095934116 1
117 383 0.39269908169872414 1
195 385 1.055378782065321 1
245 395 0.9817477042468103 0
148 400 1.2762720155208536 0
128 405 2.552544031041707 0
80 407 5.375068680751287 0
190 417 1.3008157081270237 0
29 423 2.0371264863121317 1
204 455 1.6444274046134073 0
170 461 2.061670178918302 0
229 474 1.521708941582556 0
244 475 1.227184630308513 0
59 478 5.399612373357457 1
232 496 2.012582793705961 1
147 499 5.2768939103266055 0
75 504 5.64504929941916 0
218 524 5.178719139901925 1
171 537 5.595961914206819 1
