296
560
500
64
222 42 0.662679700366597 0
80 49 2.5034566458293663 0
67 53 5.6941366846315 0
108 62 2.282563412373834 0
159 68 0.0 0
226 73 0.9081166264282996 0
85 87 5.448699758569798 0
132 101 2.3071071049800045 0
48 111 2.2334760271614935 0
104 111 5.522330836388308 0
183 112 3.0925052683774528 1
260 116 1.0062913968529805 0
114 124 5.473243451175968 1
207 129 1.2517283229146832 0
110 140 2.012582793705961 0
70 141 1.9880391010997909 1
169 142 2.3071071049800045 0
201 151 4.025165587411922 0
177 159 1.423534171157875 0
145 160 2.086213871524472 0
63 161 5.080544369477243 0
130 161 2.086213871524472 0
97 172 5.154175447295755 1
150 175 2.012582793705961 0
231 181 1.5953400194010667 0
167 189 1.3744467859455345 0
160 193 1.6198837120072371 1
244 195 1.4480778637640452 0
123 199 5.203262832508095 0
181 199 4.638757902566179 0
155 207 1.8653206380689396 1
102 209 5.252350217720435 0
221 215 2.0371264863121317 1
82 217 5.252350217720435 0
175 219 4.368777283898306 0
175 220 4.663301595172349 0
233 224 1.6444274046134073 0
211 239 2.2334760271614935 0
192 248 2.748893571891069 1
35 250 5.448699758569798 0
142 251 5.546874528994478 0
54 271 5.64504929941916 1
122 278 5.792311455056181 1
79 280 5.6941366846315 0
146 297 6.086835766330224 1
94 306 5.915029918087033 1
225 309 5.448699758569798 1
192 311 5.767767762450011 0
105 330 6.1850105367549055 1
60 334 5.988660995905543 1
140 334 0.1227184630308513 1
171 337 0.04908738521234052 0
210 361 6.234097921967246 1
114 379 0.14726215563702155 0
70 380 0.1227184630308513 0
139 384 3.3379421944391554 0
213 395 3.043417883165112 1
78 400 0.9572040116406401 0
80 449 1.1290098598838318 0
106 478 0.3190680038802134 1
120 478 3.6815538909255388 1
204 485 2.5280003384355365 1
176 516 2.945243112740431 0
116 521 3.5833791205008576 1
