296
560
500
47
185 172 0.14726215563702155 0
126 180 2.5280003384355365 1
104 192 5.743224069843841 0
213 196 3.2888548092268146 0
123 203 5.816855147662351 1
184 223 0.09817477042468103 0
236 230 3.485204350076177 1
207 264 0.4663301595172349 0
72 280 2.429825568010856 0
56 287 5.620505606812989 0
98 293 2.2334760271614935 0
147 295 6.234097921967246 0
210 297 0.760854470791278 1
76 321 5.375068680751287 0
123 328 2.184388641949153 0
173 335 3.018874190558942 1
45 341 2.086213871524472 0
94 347 5.350524988145116 0
200 351 1.1535535524900022 0
107 354 5.350524988145116 1
108 366 1.9144080232812801 0
163 366 2.2089323345553233 0
135 367 2.0371264863121317 1
69 371 1.8407769454627694 1
197 373 3.902447124381071 0
143 383 1.9389517158874505 0
174 383 1.325359400733194 0
64 394 5.006913291658733 0
230 398 1.4480778637640452 0
98 401 5.031456984264903 1
148 401 1.8407769454627694 0
161 416 1.5462526341887264 1
172 417 1.2762720155208536 1
183 421 4.491495746929157 0
126 425 5.056000676871073 0
157 434 1.6935147898257479 1
224 434 1.8653206380689396 1
179 439 4.417864669110647 1
107 440 5.080544369477243 0
89 449 5.105088062083414 0
218 459 2.110757564130642 0
200 470 2.675262494072558 1
61 499 5.64504929941916 0
135 506 5.6941366846315 1
91 512 5.620505606812989 0
159 524 5.988660995905543 1
108 530 5.890486225480862 0
