296
560
500
57
87 105 5.473243451175968 0
104 118 5.915029918087033 1
170 144 0.2699806186678728 0
213 161 3.5833791205008576 0
185 187 0.5890486225480862 0
46 191 2.478912953223196 0
30 197 5.6941366846315 0
70 207 2.2580197197676637 0
121 213 0.02454369260617026 0
187 216 0.859029241215959 0
48 234 5.399612373357457 0
93 246 2.2580197197676637 0
15 251 2.2580197197676637 0
145 255 3.067961575771282 1
224 257 1.1290098598838318 0
64 259 5.473243451175968 0
77 268 5.424156065963627 1
170 272 1.2517283229146832 0
36 282 1.9144080232812801 1
74 284 1.9634954084936207 0
129 286 2.2334760271614935 0
102 292 2.1598449493429825 0
164 294 4.000621894805752 0
109 303 2.061670178918302 0
29 305 5.080544369477243 0
62 318 5.105088062083414 1
113 319 1.9389517158874505 0
196 323 1.5707963267948966 0
131 333 1.3499030933393643 0
125 336 1.6444274046134073 1
209 337 1.3989904785517047 0
151 342 4.565126824747668 1
88 344 5.154175447295755 0
120 351 1.8162332528565992 1
68 355 5.203262832508095 0
187 357 2.012582793705961 1
49 362 5.227806525114265 0
199 365 1.6198837120072371 0
177 382 2.184388641949153 0
159 391 2.748893571891069 1
109 395 5.522330836388308 0
222 398 1.6444274046134073 0
22 415 5.66959299202533 1
90 423 5.743224069843841 1
48 425 5.66959299202533 0
114 441 6.037748381117884 1
63 450 5.915029918087033 1
193 450 5.399612373357457 1
160 453 5.743224069843841 0
74 474 6.1850105367549055 1
29 476 6.062292073724054 1
109 477 0.04908738521234052 1
140 485 6.258641614573416 1
181 501 0.04908738521234052 1
84 521 0.14726215563702155 0
41 522 0.14726215563702155 0
107 525 3.2888548092268146 0
