296
560
500
65
218 165 4.73693267299086 0
157 171 3.6570101983193686 1
265 188 4.319689898685965 1
74 190 5.841398840268521 0
17 195 5.424156065963627 1
215 207 4.270602513473625 0
241 207 4.270602513473625 0
266 207 4.3933209765044765 1
177 211 3.436116964863836 0
128 212 0.02454369260617026 0
247 219 1.227184630308513 0
203 234 3.8288160465625602 1
145 241 0.3436116964863836 1
254 248 4.3933209765044765 1
228 252 4.0987966652304335 0
247 257 4.270602513473625 0
85 264 5.841398840268521 0
265 264 1.4726215563702154 1
267 275 4.565126824747668 1
40 282 1.8653206380689396 0
265 286 4.589670517353839 1
126 294 2.429825568010856 0
161 294 0.8099418560036186 0
79 304 1.8653206380689396 0
238 309 4.0987966652304335 1
162 314 3.5588354278946874 0
30 319 4.908738521234052 0
252 319 4.565126824747668 0
131 322 1.8162332528565992 0
139 325 1.423534171157875 1
205 325 1.0799224746714913 0
222 329 0.9326603190344698 0
57 331 4.9823695990525625 0
73 334 4.957825906446392 1
258 344 4.049709280018092 1
77 349 1.4971652489763858 0
118 355 1.5462526341887264 0
105 357 1.521708941582556 0
212 360 1.3989904785517047 1
229 361 1.1535535524900022 0
130 362 1.423534171157875 0
171 364 4.074252972624263 0
160 366 1.0062913968529805 1
41 372 1.423534171157875 1
150 373 1.1535535524900022 1
178 375 4.344233591292136 0
217 382 1.5953400194010667 0
83 384 4.614214209960009 1
152 388 1.2762720155208536 1
46 391 4.565126824747668 0
120 392 4.614214209960009 0
207 403 2.3071071049800045 1
107 414 4.6878452877785195 0
92 428 4.73693267299086 0
163 430 5.056000676871073 0
238 455 5.203262832508095 0
160 463 5.2768939103266055 1
191 468 5.546874528994478 1
68 486 5.031456984264903 1
121 488 5.252350217720435 0
93 492 5.203262832508095 1
237 496 5.6941366846315 1
151 500 5.448699758569798 1
205 504 5.816855147662351 1
174 517 5.6941366846315 1
