296
560
500
54
233 95 1.3008157081270237 0
154 106 5.031456984264903 1
228 135 4.417864669110647 0
149 148 1.88986433067511 1
176 152 1.5462526341887264 0
139 161 2.086213871524472 1
244 176 4.417864669110647 0
257 186 4.565126824747668 1
238 212 4.246058820867455 1
217 230 1.2026409377023426 0
251 231 4.565126824747668 0
198 232 4.270602513473625 0
134 276 5.006913291658733 1
96 277 2.5280003384355365 0
147 279 5.031456984264903 1
141 293 5.767767762450011 0
215 295 3.485204350076177 0
230 295 4.074252972624263 1
239 310 3.77972866135022 1
255 313 4.319689898685965 1
219 320 0.2699806186678728 0
237 320 3.3624858870453256 0
245 337 3.6079228131070282 1
236 360 0.6381360077604268 0
93 377 2.429825568010856 0
76 385 5.620505606812989 0
124 387 2.282563412373834 0
177 388 6.258641614573416 0
243 389 0.8344855486097889 0
101 414 5.424156065963627 0
150 421 2.2580197197676637 0
122 434 5.473243451175968 0
202 435 3.067961575771282 0
64 436 2.1598449493429825 0
136 441 5.448699758569798 1
230 447 1.227184630308513 0
162 458 2.1353012567368124 1
189 459 2.2334760271614935 0
87 464 1.9389517158874505 1
197 465 1.227184630308513 1
224 467 3.9760782021995817 0
199 483 1.423534171157875 1
81 485 5.056000676871073 0
173 492 1.9634954084936207 0
257 496 1.5462526341887264 0
185 510 1.5462526341887264 1
191 510 1.3008157081270237 0
206 517 4.614214209960009 0
176 523 1.8162332528565992 0
127 526 5.178719139901925 0
243 532 2.0371264863121317 0
104 537 5.227806525114265 0
270 540 5.056000676871073 0
185 543 1.4971652489763858 0
