296
560
500
53
106 141 0.39269908169872414 1
154 142 0.7363107781851077 1
169 159 3.8533597391687304 0
128 166 3.5342917352885173 0
75 182 0.2699806186678728 0
137 209 3.6570101983193686 0
155 221 0.7853981633974483 0
101 233 0.5890486225480862 0
191 233 0.9081166264282996 0
40 257 0.14726215563702155 0
102 269 0.8344855486097889 1
171 277 0.9817477042468103 0
12 288 2.724349879284899 0
169 293 4.074252972624263 1
143 304 1.0799224746714913 0
63 313 3.215223731408304 0
180 323 1.030835089459151 0
92 324 1.227184630308513 0
23 332 2.1353012567368124 1
53 344 2.1598449493429825 1
87 345 3.9515345095934116 0
32 349 2.086213871524472 0
64 354 1.3499030933393643 0
37 369 1.9634954084936207 0
119 373 1.4971652489763858 0
132 384 1.3008157081270237 0
60 388 1.1780972450961724 1
49 389 1.5462526341887264 1
8 392 5.203262832508095 0
76 394 4.516039439535327 1
44 404 1.7426021750380885 1
112 405 1.88986433067511 1
75 408 4.957825906446392 1
130 412 1.5462526341887264 1
66 415 4.3933209765044765 0
105 430 2.110757564130642 0
172 432 1.055378782065321 0
87 442 2.724349879284899 1
151 442 1.4480778637640452 0
35 448 5.497787143782138 0
161 468 1.4971652489763858 0
18 475 5.71868037723767 1
209 484 3.9760782021995817 0
47 493 5.988660995905543 1
175 493 3.3870295796514958 1
129 494 5.301437602932776 1
97 499 5.620505606812989 0
152 501 6.013204688511713 0
188 508 3.1906800388021335 0
48 529 6.258641614573416 1
81 529 6.160466844148735 0
158 530 6.1850105367549055 0
123 548 6.160466844148735 1
