296
560
500
58
105 141 2.724349879284899 1
166 149 0.2945243112740431 1
97 163 5.964117303299373 1
189 171 3.4606606574700063 0
142 191 0.1718058482431918 0
203 212 3.5833791205008576 0
224 224 0.8099418560036186 0
33 237 2.2580197197676637 0
171 239 0.5399612373357456 0
59 252 2.356194490192345 0
110 266 0.09817477042468103 0
172 274 0.8099418560036186 1
33 278 5.497787143782138 0
240 280 1.030835089459151 0
83 297 2.429825568010856 0
238 297 4.0987966652304335 1
49 306 5.595961914206819 0
213 308 1.1290098598838318 0
63 317 5.5714182216006485 1
132 320 3.1661363461959633 0
248 327 1.055378782065321 0
159 328 1.1780972450961724 0
15 331 2.012582793705961 1
61 331 2.086213871524472 0
95 343 2.2580197197676637 0
121 351 2.2089323345553233 1
154 351 3.9269908169872414 0
99 357 2.1353012567368124 0
44 367 5.203262832508095 1
103 375 2.012582793705961 0
186 376 1.521708941582556 0
200 389 1.3499030933393643 0
126 394 1.2026409377023426 1
114 395 1.6198837120072371 1
73 397 5.252350217720435 0
135 400 4.614214209960009 0
51 406 5.252350217720435 0
178 409 1.9389517158874505 1
108 411 1.8407769454627694 1
29 415 5.227806525114265 0
191 417 1.5953400194010667 0
129 419 4.491495746929157 0
169 435 2.2089323345553233 0
237 440 1.1780972450961724 0
149 445 2.748893571891069 1
216 449 1.5462526341887264 0
97 450 5.522330836388308 0
223 474 1.6935147898257479 0
77 476 5.792311455056181 1
32 480 5.64504929941916 0
106 494 6.037748381117884 1
189 502 5.375068680751287 1
156 505 5.6941366846315 0
53 506 5.8659425328746915 1
211 511 5.890486225480862 0
67 531 6.086835766330224 1
102 532 0.02454369260617026 1
135 533 6.258641614573416 0
