296
560
500
47
84 189 5.8659425328746915 0
152 217 0.14726215563702155 0
196 229 3.509748042682347 0
169 256 0.4663301595172349 0
34 271 2.2334760271614935 0
61 288 2.2580197197676637 0
173 290 0.7363107781851077 1
110 292 6.1850105367549055 0
39 315 5.375068680751287 0
218 322 1.030835089459151 0
88 327 2.2334760271614935 0
139 338 2.9697868053466014 0
59 340 5.424156065963627 0
167 345 1.1290098598838318 0
73 350 5.375068680751287 1
74 362 1.9634954084936207 0
31 365 1.9144080232812801 1
128 365 2.1353012567368124 0
164 367 3.8288160465625602 0
106 368 2.086213871524472 0
138 370 1.227184630308513 1
111 381 1.9880391010997909 0
139 382 1.521708941582556 1
198 391 1.4480778637640452 0
23 394 5.056000676871073 0
117 396 1.8407769454627694 0
61 402 5.056000676871073 1
212 402 1.2762720155208536 0
141 412 1.3744467859455345 1
130 413 1.4480778637640452 1
152 418 4.466952054322987 0
92 426 5.080544369477243 0
193 427 1.8653206380689396 1
122 429 1.6935147898257479 0
206 432 1.521708941582556 0
73 439 5.080544369477243 0
53 445 5.129631754689584 0
187 453 2.061670178918302 0
232 461 1.521708941582556 0
171 464 2.650718801466388 1
120 475 5.399612373357457 0
105 503 5.66959299202533 1
60 509 5.620505606812989 0
211 515 5.2768939103266055 1
133 518 5.915029918087033 1
182 523 5.497787143782138 0
83 533 5.841398840268521 1
