296
560
500
40
185 62 3.485204350076177 0
158 83 3.2888548092268146 0
123 138 0.07363107781851078 0
60 174 5.64504929941916 0
62 184 2.1353012567368124 1
279 205 1.055378782065321 0
219 213 0.9572040116406401 0
238 221 4.074252972624263 1
88 247 5.424156065963627 1
74 284 1.521708941582556 0
146 287 1.2517283229146832 0
134 289 1.3744467859455345 0
46 298 1.6444274046134073 1
102 299 1.3744467859455345 1
170 308 1.5953400194010667 0
194 311 1.521708941582556 0
264 311 1.227184630308513 0
242 328 1.3744467859455345 0
212 329 1.5707963267948966 1
156 334 4.7860200582032 1
149 335 4.442408361716817 0
110 339 1.1780972450961724 0
175 358 2.429825568010856 1
220 369 1.6689710972195777 0
152 370 5.497787143782138 1
192 371 2.012582793705961 1
81 381 1.325359400733194 1
125 388 0.6872233929727672 0
263 398 1.521708941582556 0
169 419 2.8961557275280905 1
280 421 1.5462526341887264 0
122 432 0.44178646691106466 0
137 464 3.730641276137879 0
65 465 4.368777283898306 0
255 475 5.227806525114265 0
242 499 5.399612373357457 0
108 500 3.5588354278946874 0
207 510 5.424156065963627 0
126 517 2.9943304979527716 0
196 526 2.405281875404685 1
