296
560
500
33
138 127 3.485204350076177 0
115 148 3.215223731408304 0
84 201 0.07363107781851078 0
20 250 2.2580197197676637 1
234 273 1.1535535524900022 0
177 279 1.0799224746714913 0
195 290 4.196971435655114 1
45 307 5.375068680751287 1
99 343 1.325359400733194 0
87 346 1.4480778637640452 0
30 348 1.6198837120072371 0
57 361 1.4726215563702154 1
120 369 1.6444274046134073 0
240 370 1.055378782065321 0
143 374 1.5953400194010667 0
280 376 4.0987966652304335 0
212 381 1.2517283229146832 0
159 395 1.5953400194010667 1
106 396 4.859651136021712 1
98 398 4.540583132141498 0
189 398 1.423534171157875 0
60 402 1.2762720155208536 0
106 417 4.933282213840222 1
122 421 2.2334760271614935 1
98 422 4.417864669110647 0
137 439 1.9880391010997909 1
166 440 1.6935147898257479 0
72 456 0.6872233929727672 0
211 469 1.4726215563702154 0
115 487 2.8716120349219203 1
230 490 1.5462526341887264 0
69 502 0.4172427743048944 0
206 542 5.178719139901925 0
