296
560
500
34
136 132 3.5342917352885173 0
111 147 3.3379421944391554 1
77 208 0.14726215563702155 0
229 273 1.055378782065321 0
173 285 1.030835089459151 0
191 295 4.123340357836604 1
40 316 5.399612373357457 1
9 348 1.718058482431918 1
27 349 1.5707963267948966 0
99 352 1.2517283229146832 0
88 357 1.3989904785517047 0
56 370 1.3989904785517047 1
243 372 0.9326603190344698 0
122 378 1.5953400194010667 0
144 382 1.521708941582556 0
214 386 1.2026409377023426 0
104 391 4.417864669110647 0
161 403 1.4971652489763858 1
191 403 1.3499030933393643 0
109 407 4.540583132141498 1
63 410 1.227184630308513 0
111 427 4.859651136021712 1
127 431 2.184388641949153 1
103 432 4.270602513473625 0
143 446 1.9389517158874505 1
171 446 1.6198837120072371 0
78 462 0.7117670855789375 0
217 472 1.3989904785517047 0
238 487 1.2517283229146832 0
123 496 2.9943304979527716 1
250 501 1.5707963267948966 0
78 505 0.44178646691106466 0
90 534 3.77972866135022 0
219 541 5.105088062083414 0
