296
560
500
25
42 20 5.620505606812989 0
47 26 2.184388641949153 1
71 93 5.522330836388308 1
118 126 1.6444274046134073 1
56 128 1.6198837120072371 0
26 138 1.6935147898257479 1
83 147 1.4480778637640452 1
243 157 1.1780972450961724 0
148 160 1.718058482431918 0
171 166 1.6444274046134073 0
218 176 1.3744467859455345 0
187 181 1.6198837120072371 1
133 184 4.884194828627882 1
92 186 1.2762720155208536 1
125 187 4.540583132141498 0
148 211 2.650718801466388 1
194 218 1.6689710972195777 0
59 219 1.3989904785517047 1
164 225 2.086213871524472 1
98 235 0.7363107781851077 0
241 236 1.3989904785517047 0
138 270 3.0925052683774528 1
98 278 0.39269908169872414 0
109 306 3.8288160465625602 0
173 345 2.3316507975861747 0
