296
560
500
33
185 165 3.706097583531709 1
280 185 3.9269908169872414 1
148 196 3.485204350076177 1
125 212 3.313398501832985 0
98 267 0.14726215563702155 0
29 292 5.816855147662351 0
32 300 2.3071071049800045 1
254 327 0.9572040116406401 0
54 369 5.546874528994478 1
43 402 1.6935147898257479 1
117 411 1.325359400733194 0
105 414 1.4971652489763858 0
266 414 0.7853981633974483 0
68 420 1.4726215563702154 1
145 433 1.6689710972195777 1
236 434 1.0799224746714913 0
164 443 1.6444274046134073 0
118 446 4.516039439535327 0
66 449 1.2762720155208536 1
211 455 1.325359400733194 0
179 456 1.5707963267948966 1
123 459 4.933282213840222 1
115 462 4.565126824747668 0
118 480 4.196971435655114 0
139 489 2.773437264497239 1
110 490 5.890486225480862 1
40 491 1.3008157081270237 1
187 494 1.6444274046134073 0
157 500 2.086213871524472 1
92 507 0.662679700366597 1
238 508 1.3744467859455345 0
260 521 1.3499030933393643 0
133 542 2.9943304979527716 1
