296
560
500
29
109 135 3.5833791205008576 0
84 155 3.215223731408304 0
55 211 0.04908738521234052 0
210 278 1.0799224746714913 0
152 287 1.0799224746714913 0
169 296 4.147884050442774 1
20 316 5.375068680751287 1
65 350 1.6198837120072371 0
32 368 1.4480778637640452 1
218 372 1.1290098598838318 0
94 378 1.6935147898257479 0
116 385 1.5953400194010667 0
188 385 1.227184630308513 0
79 402 4.884194828627882 1
164 402 1.3989904785517047 0
132 404 1.5707963267948966 1
72 406 4.540583132141498 0
45 409 1.227184630308513 0
80 424 4.884194828627882 1
72 430 4.442408361716817 0
95 430 2.184388641949153 1
140 443 1.6689710972195777 0
111 445 1.9880391010997909 1
51 457 0.662679700366597 1
186 467 1.4480778637640452 0
84 491 3.2397674240144743 0
47 507 0.3436116964863836 0
66 538 3.6324665057131984 0
137 540 2.110757564130642 0
