296
560
500
36
138 158 3.141592653589793 0
44 179 5.325981295538946 1
34 207 5.546874528994478 0
115 214 0.04908738521234052 0
53 255 5.546874528994478 0
58 262 2.110757564130642 1
214 285 0.7853981633974483 0
227 292 3.902447124381071 0
83 321 5.350524988145116 1
131 349 0.9817477042468103 1
132 349 1.2026409377023426 1
72 358 1.5462526341887264 0
97 374 1.3499030933393643 1
45 377 1.5953400194010667 1
168 377 1.6689710972195777 1
254 382 1.2026409377023426 0
184 383 1.5953400194010667 0
231 400 1.3989904785517047 0
149 403 4.7860200582032 1
200 405 1.5953400194010667 1
141 408 4.491495746929157 0
109 413 1.2517283229146832 1
164 431 2.184388641949153 1
207 445 1.6689710972195777 0
178 447 1.9880391010997909 1
79 457 1.3989904785517047 1
143 459 5.375068680751287 1
120 460 0.859029241215959 1
142 474 4.589670517353839 1
141 490 4.71238898038469 0
133 505 4.0987966652304335 0
116 511 0.2945243112740431 0
149 511 5.2768939103266055 0
72 536 4.344233591292136 1
202 538 2.110757564130642 1
128 547 3.7551849687440497 1
