296
560
500
50
56 82 5.939573610693203 0
208 96 0.662679700366597 0
280 110 0.662679700366597 0
210 119 3.6815538909255388 0
141 123 3.067961575771282 0
157 137 0.44178646691106466 0
115 183 2.552544031041707 0
32 204 2.2334760271614935 1
143 225 2.8716120349219203 0
240 233 1.055378782065321 0
101 236 5.595961914206819 0
102 236 5.595961914206819 0
137 238 2.1598449493429825 0
191 243 1.2026409377023426 0
178 247 1.2026409377023426 0
54 251 2.012582793705961 1
210 258 1.2026409377023426 0
135 263 1.6689710972195777 1
164 272 1.423534171157875 1
63 296 1.8162332528565992 0
266 304 1.1044661672776617 0
9 350 1.8407769454627694 1
32 355 1.88986433067511 0
108 357 1.88986433067511 0
241 374 1.3499030933393643 0
129 390 1.9144080232812801 0
217 390 1.521708941582556 0
114 393 2.0371264863121317 0
142 399 1.9389517158874505 0
68 407 5.129631754689584 0
30 412 5.203262832508095 1
258 416 1.2026409377023426 0
80 418 5.227806525114265 0
152 420 2.110757564130642 0
110 437 5.105088062083414 0
124 440 5.129631754689584 0
257 442 1.9634954084936207 0
137 445 5.227806525114265 0
77 459 5.399612373357457 1
162 460 5.2768939103266055 0
245 461 5.105088062083414 1
46 479 5.66959299202533 0
241 485 5.743224069843841 0
152 492 5.595961914206819 0
198 494 5.546874528994478 0
202 501 2.773437264497239 1
184 505 5.915029918087033 0
108 523 2.6016314162540475 1
126 535 5.767767762450011 1
158 541 5.964117303299373 1
