296
560
500
48
271 88 0.7117670855789375 0
62 96 6.062292073724054 0
212 124 0.662679700366597 0
214 148 3.730641276137879 0
144 149 3.1906800388021335 0
160 164 0.4908738521234052 0
103 184 6.086835766330224 0
118 200 2.7979809571034093 1
31 215 2.2580197197676637 1
141 248 2.8716120349219203 0
245 260 0.9817477042468103 0
52 263 2.0371264863121317 1
194 269 1.1535535524900022 0
181 272 1.1780972450961724 0
135 284 1.6198837120072371 1
215 284 1.1535535524900022 0
166 294 1.3989904785517047 1
61 307 1.8162332528565992 0
274 324 1.1044661672776617 0
29 368 1.9389517158874505 0
108 370 1.9389517158874505 0
248 390 1.3499030933393643 0
131 400 1.9389517158874505 0
223 404 1.5707963267948966 0
114 405 2.0371264863121317 0
144 412 1.9634954084936207 0
160 417 1.9880391010997909 0
67 418 5.129631754689584 0
28 423 5.203262832508095 1
280 428 1.4726215563702154 0
79 430 5.252350217720435 0
257 432 1.325359400733194 1
277 447 4.540583132141498 0
110 451 5.105088062083414 0
125 454 5.129631754689584 0
140 457 5.178719139901925 0
76 470 5.448699758569798 1
166 473 5.2768939103266055 0
45 491 5.66959299202533 0
235 498 5.5714182216006485 1
154 505 5.620505606812989 0
202 507 5.595961914206819 0
99 515 5.792311455056181 0
189 518 5.8659425328746915 0
123 530 2.478912953223196 1
128 540 5.816855147662351 0
108 544 2.454369260617026 0
163 552 5.988660995905543 1
