296
560
500
48
224 51 3.5833791205008576 1
35 98 6.062292073724054 0
185 125 0.6872233929727672 0
258 144 0.8099418560036186 0
186 148 3.730641276137879 0
117 149 3.1661363461959633 0
269 156 3.9515345095934116 0
130 163 0.4908738521234052 0
278 186 0.6381360077604268 0
90 207 2.6998061866787286 0
113 249 2.82252464970958 0
215 260 1.0062913968529805 0
25 268 2.0371264863121317 1
109 269 1.3008157081270237 1
165 270 1.1780972450961724 0
152 273 1.2026409377023426 0
185 284 1.1780972450961724 0
138 297 1.423534171157875 1
34 312 1.8407769454627694 0
243 330 1.1290098598838318 0
276 366 0.9326603190344698 1
80 375 1.9389517158874505 0
270 390 0.9572040116406401 1
218 397 1.3499030933393643 0
102 407 1.9389517158874505 0
85 411 2.0371264863121317 0
193 411 1.5707963267948966 0
115 418 1.9880391010997909 0
38 424 5.129631754689584 0
125 435 1.9880391010997909 0
249 435 0.9817477042468103 0
50 436 5.227806525114265 0
227 440 1.3499030933393643 1
81 456 5.129631754689584 0
95 460 5.154175447295755 0
113 470 5.154175447295755 1
228 470 2.110757564130642 1
47 477 5.424156065963627 1
135 480 5.301437602932776 0
221 483 5.056000676871073 1
206 505 5.5714182216006485 1
124 511 5.66959299202533 0
172 514 5.595961914206819 0
221 515 2.773437264497239 1
201 520 5.890486225480862 0
68 522 5.841398840268521 0
175 522 2.8716120349219203 1
157 526 5.915029918087033 0
