296
560
500
36
218 152 0.3436116964863836 0
136 153 0.1718058482431918 0
147 173 3.2397674240144743 0
87 206 2.5770877236478773 0
106 215 6.209554229361076 0
68 257 5.64504929941916 0
226 259 0.6381360077604268 0
86 269 2.184388641949153 1
187 293 0.760854470791278 0
209 295 0.760854470791278 0
129 297 2.184388641949153 0
175 300 0.7853981633974483 0
131 309 1.8407769454627694 1
22 324 1.8653206380689396 1
175 330 0.9817477042468103 1
127 339 1.3499030933393643 1
118 353 4.7860200582032 0
62 356 1.5707963267948966 1
90 394 1.3008157081270237 0
284 409 1.0799224746714913 1
162 432 1.423534171157875 0
217 440 1.4480778637640452 1
195 443 1.3989904785517047 0
68 445 1.6689710972195777 0
228 450 1.423534171157875 0
86 459 1.3989904785517047 0
183 460 1.521708941582556 0
147 499 4.6878452877785195 0
169 500 4.7860200582032 1
264 504 4.884194828627882 1
199 511 4.76147636559703 0
235 511 4.73693267299086 1
144 524 2.012582793705961 0
262 531 5.227806525114265 0
177 534 5.056000676871073 1
223 537 4.933282213840222 1
