296
560
500
51
193 81 0.44178646691106466 0
40 93 5.8659425328746915 0
202 105 3.485204350076177 0
133 121 2.8716120349219203 0
150 134 0.22089323345553233 0
103 164 5.915029918087033 0
119 185 2.454369260617026 0
254 206 0.8344855486097889 0
36 213 2.0371264863121317 1
151 219 2.5280003384355365 0
207 228 0.9817477042468103 0
151 234 2.061670178918302 0
195 234 1.030835089459151 0
230 238 1.030835089459151 0
146 250 1.6935147898257479 0
66 251 1.9144080232812801 1
132 256 1.9634954084936207 0
153 257 1.4726215563702154 1
191 259 1.325359400733194 0
286 267 4.344233591292136 1
143 269 4.908738521234052 0
120 270 5.203262832508095 0
97 273 1.8407769454627694 0
62 305 1.7916895602504288 0
161 315 1.521708941582556 1
271 317 4.7860200582032 1
239 332 1.423534171157875 0
48 333 4.957825906446392 0
265 334 4.7860200582032 1
215 335 1.4726215563702154 1
183 341 1.5462526341887264 0
245 343 4.491495746929157 0
136 346 1.718058482431918 0
62 353 4.73693267299086 0
39 357 4.589670517353839 1
163 370 4.8351074434155406 0
244 379 1.6689710972195777 1
142 381 1.423534171157875 1
247 400 4.81056375080937 1
69 403 4.442408361716817 0
124 419 4.516039439535327 0
235 424 4.9823695990525625 1
118 427 3.9269908169872414 1
226 438 4.9823695990525625 1
137 444 4.417864669110647 0
167 444 1.6689710972195777 1
159 448 1.6689710972195777 0
217 459 4.8351074434155406 1
134 471 2.012582793705961 0
160 481 4.7860200582032 0
150 485 4.8351074434155406 1
