296
560
500
31
221 112 3.3379421944391554 0
105 151 2.9206994201342606 1
83 153 6.062292073724054 0
174 159 3.067961575771282 0
76 173 2.650718801466388 0
277 199 0.19634954084936207 0
69 203 5.792311455056181 0
107 256 5.939573610693203 0
252 263 0.4663301595172349 0
263 291 3.6079228131070282 0
48 295 2.5280003384355365 1
184 298 2.9943304979527716 0
206 313 0.36815538909255385 0
152 339 5.988660995905543 0
169 360 2.6261751088602177 0
83 376 2.3071071049800045 1
196 401 2.7979809571034093 0
247 416 1.1044661672776617 0
192 421 1.325359400733194 1
105 423 2.061670178918302 1
235 423 1.1535535524900022 0
266 424 1.055378782065321 0
174 434 1.88986433067511 1
191 440 1.6689710972195777 1
158 441 5.350524988145116 0
180 442 5.080544369477243 0
221 447 1.3989904785517047 1
113 468 1.8653206380689396 0
80 524 1.88986433067511 0
162 527 1.9389517158874505 0
57 536 1.9389517158874505 0
