296
560
500
25
50 154 5.792311455056181 0
163 158 3.3379421944391554 1
113 196 2.9697868053466014 0
213 206 3.3379421944391554 1
16 220 2.5280003384355365 0
278 234 3.877903431774901 0
278 250 0.5154175447295755 0
255 276 0.44178646691106466 0
203 290 0.4663301595172349 0
52 299 5.816855147662351 0
211 315 3.5588354278946874 0
135 329 2.84706834231575 0
159 342 0.2454369260617026 0
110 371 5.915029918087033 0
126 392 2.478912953223196 0
259 416 0.8344855486097889 0
44 422 2.1353012567368124 1
157 428 2.6016314162540475 0
212 438 1.0062913968529805 0
201 446 1.055378782065321 0
233 446 1.0062913968529805 0
158 449 1.2762720155208536 1
77 468 1.88986433067511 0
189 471 1.2762720155208536 1
87 507 1.6935147898257479 0
