296
560
500
46
72 174 6.037748381117884 1
42 181 5.129631754689584 0
88 184 2.82252464970958 0
57 185 5.792311455056181 0
58 208 5.841398840268521 0
9 209 5.105088062083414 1
35 211 5.178719139901925 0
41 219 5.71868037723767 1
16 234 5.6941366846315 0
232 261 4.270602513473625 0
257 292 4.074252972624263 0
169 299 0.5399612373357456 0
263 318 4.123340357836604 0
17 319 5.546874528994478 1
177 324 3.6079228131070282 0
103 334 2.9943304979527716 0
126 347 0.3436116964863836 0
272 367 4.246058820867455 0
257 371 1.1535535524900022 0
49 383 5.8659425328746915 0
260 390 4.196971435655114 0
86 395 2.552544031041707 0
222 426 0.9081166264282996 1
259 434 3.9760782021995817 0
181 435 1.1780972450961724 1
107 438 2.282563412373834 0
132 440 1.227184630308513 0
117 441 1.7426021750380885 0
163 453 0.9817477042468103 1
266 453 4.270602513473625 1
189 457 1.1780972450961724 0
106 461 1.88986433067511 0
173 461 4.147884050442774 1
120 463 1.5707963267948966 0
147 465 1.3008157081270237 0
53 469 1.9634954084936207 1
192 475 1.227184630308513 0
8 487 5.056000676871073 1
48 501 1.7916895602504288 1
270 505 4.908738521234052 0
239 525 4.73693267299086 1
257 525 5.056000676871073 0
133 529 1.6444274046134073 1
103 535 1.7916895602504288 1
244 535 5.2768939103266055 0
30 542 4.663301595172349 0
