296
560
500
18
134 75 3.5833791205008576 1
66 82 3.1661363461959633 1
26 116 2.724349879284899 0
178 147 3.80427235395639 0
116 159 3.4606606574700063 1
18 171 6.013204688511713 0
43 196 2.724349879284899 1
91 202 0.4172427743048944 0
208 269 4.000621894805752 1
155 293 3.902447124381071 1
76 305 0.36815538909255385 0
27 313 2.184388641949153 0
38 371 5.522330836388308 1
154 401 4.172427743048944 1
48 418 5.841398840268521 1
93 427 3.3870295796514958 1
133 449 3.9269908169872414 0
68 478 2.9697868053466014 0
