296
560
500
27
104 78 2.9943304979527716 1
65 114 2.552544031041707 0
49 128 5.66959299202533 1
218 140 3.80427235395639 0
157 153 3.436116964863836 1
60 167 6.013204688511713 0
85 192 2.724349879284899 1
130 196 0.39269908169872414 0
250 264 3.9760782021995817 1
197 290 3.9515345095934116 1
115 299 0.3436116964863836 0
69 309 2.1598449493429825 0
80 367 5.497787143782138 1
36 393 5.227806525114265 1
195 394 4.123340357836604 1
91 413 5.841398840268521 1
135 422 3.3624858870453256 1
170 447 3.9269908169872414 1
213 450 4.025165587411922 0
47 458 5.399612373357457 1
217 473 3.8288160465625602 0
23 476 5.252350217720435 0
180 480 3.6815538909255388 0
169 493 3.411573272257666 0
199 495 3.509748042682347 0
53 497 5.595961914206819 1
71 502 5.939573610693203 1
