296
560
500
27
95 122 3.043417883165112 1
70 124 6.234097921967246 1
55 157 2.5280003384355365 0
41 170 5.6941366846315 1
211 186 3.8288160465625602 0
150 198 3.436116964863836 1
50 212 6.013204688511713 0
75 236 2.724349879284899 1
121 239 0.36815538909255385 0
241 308 3.9760782021995817 1
187 335 4.000621894805752 1
105 341 0.3436116964863836 0
58 351 2.2089323345553233 0
67 408 5.522330836388308 1
23 430 5.2768939103266055 1
180 436 4.172427743048944 1
78 452 5.8659425328746915 1
121 462 3.3870295796514958 1
159 485 3.9515345095934116 0
197 490 4.025165587411922 0
31 493 5.473243451175968 1
198 510 3.8288160465625602 0
162 518 3.706097583531709 0
149 530 3.3870295796514958 0
36 531 5.66959299202533 1
182 533 3.509748042682347 0
53 536 6.013204688511713 1
