296
560
500
28
180 144 3.5833791205008576 1
110 150 3.0925052683774528 1
87 155 6.160466844148735 0
69 177 2.5280003384355365 1
53 196 5.71868037723767 1
224 218 3.80427235395639 0
159 231 3.485204350076177 1
63 232 6.160466844148735 1
275 232 3.9269908169872414 1
19 251 2.454369260617026 1
86 262 2.84706834231575 0
134 282 0.39269908169872414 1
253 337 3.9269908169872414 1
121 377 0.4663301595172349 0
203 379 3.9515345095934116 0
72 384 2.3071071049800045 1
75 439 5.620505606812989 1
29 460 5.2768939103266055 1
199 465 3.411573272257666 1
275 473 4.196971435655114 0
87 483 5.792311455056181 1
132 489 3.3379421944391554 1
264 507 4.172427743048944 0
172 515 3.877903431774901 1
217 518 3.9760782021995817 0
45 526 5.497787143782138 0
218 539 3.8288160465625602 0
179 546 3.6815538909255388 0
