296
560
500
29
153 42 3.509748042682347 1
81 51 3.1906800388021335 1
39 83 2.454369260617026 1
26 102 5.595961914206819 1
197 114 3.8288160465625602 0
133 125 3.411573272257666 1
248 132 3.9760782021995817 1
37 136 6.037748381117884 1
59 163 2.6261751088602177 0
110 171 0.3436116964863836 0
228 236 3.9760782021995817 1
176 269 3.9760782021995817 0
99 276 0.3436116964863836 0
49 288 2.1598449493429825 0
62 346 5.448699758569798 1
145 358 3.9760782021995817 0
179 369 4.025165587411922 1
161 371 0.9326603190344698 1
15 374 5.227806525114265 1
73 393 5.71868037723767 1
120 398 3.313398501832985 1
158 419 3.9515345095934116 0
197 424 4.025165587411922 0
29 436 5.424156065963627 1
199 446 3.8288160465625602 0
164 456 3.706097583531709 0
153 467 3.3624858870453256 0
183 469 3.4606606574700063 0
55 479 5.939573610693203 1
