296
560
500
18
153 126 3.5588354278946874 1
86 133 3.1906800388021335 1
28 184 5.816855147662351 0
196 197 3.8288160465625602 0
135 209 3.436116964863836 1
35 216 6.037748381117884 1
57 242 2.724349879284899 0
106 251 0.39269908169872414 0
224 323 3.9760782021995817 0
9 339 2.282563412373834 1
173 346 3.9515345095934116 1
89 356 0.2945243112740431 0
44 362 2.2580197197676637 0
56 425 5.595961914206819 0
171 447 4.0987966652304335 1
60 462 5.767767762450011 0
107 481 3.313398501832985 0
150 495 3.877903431774901 0
