296
560
500
47
128 30 2.7979809571034093 0
90 57 5.816855147662351 1
199 59 0.5890486225480862 0
166 65 3.3624858870453256 0
215 68 3.706097583531709 1
217 96 0.9817477042468103 1
155 106 0.6381360077604268 1
33 107 5.546874528994478 1
242 133 4.147884050442774 1
131 136 2.5770877236478773 1
49 147 2.1598449493429825 1
197 155 1.1290098598838318 1
28 170 5.301437602932776 1
142 171 2.2334760271614935 0
42 179 1.9389517158874505 0
142 181 1.055378782065321 1
70 196 1.8162332528565992 1
86 206 1.6198837120072371 0
114 210 1.030835089459151 1
154 213 4.270602513473625 0
207 219 1.3008157081270237 1
180 227 1.9389517158874505 1
156 228 4.8351074434155406 0
191 232 1.4971652489763858 1
160 237 3.5342917352885173 1
108 240 0.9326603190344698 1
230 249 1.1780972450961724 1
80 253 1.1535535524900022 0
176 264 2.773437264497239 1
53 268 1.2762720155208536 1
194 268 2.110757564130642 0
38 278 1.8162332528565992 1
45 283 1.3989904785517047 0
201 285 1.9144080232812801 1
204 306 1.9389517158874505 1
66 308 4.172427743048944 0
95 315 3.877903431774901 1
210 321 3.5833791205008576 1
219 331 3.436116964863836 1
241 332 3.9515345095934116 0
97 340 3.485204350076177 1
164 351 3.0925052683774528 1
248 353 3.3624858870453256 0
214 359 2.945243112740431 1
198 394 2.945243112740431 1
137 419 3.067961575771282 1
160 458 3.067961575771282 1
