296
560
500
52
99 32 2.7979809571034093 0
64 59 5.816855147662351 1
173 61 0.5399612373357456 0
144 64 3.3379421944391554 1
189 69 3.6570101983193686 1
130 70 0.44178646691106466 1
140 75 3.485204350076177 1
188 99 0.9326603190344698 0
127 108 0.6135923151542565 1
216 132 4.0987966652304335 1
104 138 2.5280003384355365 1
23 153 2.086213871524472 1
173 158 1.1044661672776617 1
273 167 4.123340357836604 0
117 174 2.2089323345553233 0
117 183 0.9817477042468103 1
21 187 1.9389517158874505 1
47 202 1.7916895602504288 1
57 210 1.521708941582556 1
91 213 0.9817477042468103 1
131 214 4.221515128261284 0
185 219 1.2517283229146832 1
158 225 1.7671458676442586 1
170 229 1.4480778637640452 1
135 230 4.71238898038469 0
271 231 4.025165587411922 0
139 238 3.436116964863836 1
87 244 0.859029241215959 1
208 247 1.1044661672776617 1
61 258 1.1290098598838318 0
159 260 2.5770877236478773 1
175 267 2.0371264863121317 0
32 277 1.1290098598838318 1
182 284 1.7916895602504288 1
18 285 1.7426021750380885 1
25 289 1.2762720155208536 0
272 301 3.902447124381071 1
182 304 2.012582793705961 0
48 314 4.172427743048944 0
78 320 3.8288160465625602 1
193 321 3.6570101983193686 1
224 323 3.9515345095934116 1
202 331 3.436116964863836 1
84 345 3.411573272257666 1
234 350 3.313398501832985 0
148 359 3.0925052683774528 0
199 359 2.8961557275280905 1
261 389 0.5890486225480862 1
185 394 2.8961557275280905 1
125 421 2.9697868053466014 1
239 429 2.8961557275280905 1
147 460 3.018874190558942 1
