296
560
500
50
113 39 2.773437264497239 0
78 67 5.816855147662351 1
186 68 0.5890486225480862 0
158 72 3.3379421944391554 1
205 79 3.730641276137879 1
143 82 0.2454369260617026 0
159 85 3.3624858870453256 1
204 104 0.9326603190344698 1
142 116 0.6135923151542565 1
21 117 5.546874528994478 1
230 141 4.123340357836604 1
119 146 2.5034566458293663 1
37 162 2.086213871524472 1
187 165 1.1290098598838318 1
285 177 4.172427743048944 0
133 182 2.2089323345553233 0
22 184 5.203262832508095 0
133 192 0.9817477042468103 1
36 197 1.9389517158874505 1
62 211 1.7916895602504288 1
73 220 1.521708941582556 1
107 222 1.0062913968529805 1
146 223 4.221515128261284 0
199 228 1.2517283229146832 1
172 232 1.718058482431918 1
184 240 1.3989904785517047 1
103 254 0.8835729338221293 1
221 255 1.1044661672776617 1
76 269 1.1044661672776617 0
190 277 2.012582793705961 0
168 279 2.84706834231575 1
54 286 1.1780972450961724 0
196 293 1.7426021750380885 1
34 295 1.7426021750380885 1
41 302 1.4726215563702154 0
284 309 3.902447124381071 1
197 314 2.012582793705961 0
49 321 0.4663301595172349 0
65 325 3.8288160465625602 0
95 331 3.80427235395639 1
208 332 3.6570101983193686 1
240 334 3.9269908169872414 1
217 341 3.3870295796514958 1
249 359 3.2643111166206444 0
102 362 3.4606606574700063 0
217 368 2.8716120349219203 1
164 369 3.067961575771282 0
202 404 2.8716120349219203 1
145 438 3.043417883165112 0
198 462 2.8716120349219203 1
