296
560
500
47
68 31 6.037748381117884 1
243 43 4.025165587411922 0
220 47 0.9081166264282996 1
99 55 2.9206994201342606 0
60 78 5.939573610693203 1
248 84 4.049709280018092 1
167 91 0.6381360077604268 0
135 95 3.4606606574700063 0
122 96 0.4908738521234052 1
183 101 3.77972866135022 1
138 105 3.5833791205008576 1
180 127 1.030835089459151 1
117 133 0.6872233929727672 1
93 163 2.650718801466388 1
10 167 2.184388641949153 1
204 167 4.196971435655114 1
157 185 1.1290098598838318 1
281 199 4.295146206079795 1
256 204 4.196971435655114 0
31 220 1.8653206380689396 1
41 230 1.5953400194010667 1
74 236 1.0799224746714913 1
120 241 4.295146206079795 1
139 252 1.8407769454627694 1
167 254 1.3499030933393643 1
150 256 1.4971652489763858 1
250 268 4.074252972624263 0
186 278 1.2026409377023426 1
41 281 1.1780972450961724 0
18 293 1.2762720155208536 0
148 298 2.184388641949153 1
159 316 1.8407769454627694 1
157 336 2.086213871524472 0
250 337 3.8533597391687304 1
23 338 4.172427743048944 1
55 343 3.9269908169872414 1
167 354 3.730641276137879 1
198 357 4.000621894805752 1
177 364 3.4606606574700063 1
58 374 3.5342917352885173 0
207 384 3.3379421944391554 0
122 388 3.1906800388021335 0
173 391 2.9697868053466014 1
156 424 2.945243112740431 1
97 448 3.0925052683774528 1
163 474 6.086835766330224 0
132 477 2.945243112740431 0
