296
560
500
53
184 11 0.6381360077604268 0
148 12 3.5588354278946874 0
200 21 3.77972866135022 1
17 45 5.5714182216006485 1
200 49 1.0062913968529805 1
137 54 0.6872233929727672 1
112 83 2.6261751088602177 1
222 87 4.196971435655114 1
29 92 2.282563412373834 1
14 102 5.448699758569798 1
176 104 1.1290098598838318 1
122 118 2.2580197197676637 0
121 128 1.055378782065321 1
23 133 2.012582793705961 1
197 136 4.319689898685965 1
51 140 1.8653206380689396 1
195 146 1.227184630308513 0
66 153 1.6689710972195777 0
93 156 1.1044661672776617 1
134 163 4.295146206079795 0
186 170 1.3744467859455345 1
159 171 1.7426021750380885 1
170 179 1.521708941582556 1
86 187 0.9817477042468103 1
144 195 2.84706834231575 0
59 202 1.2026409377023426 0
125 205 5.915029918087033 1
208 206 1.2517283229146832 1
149 213 2.9697868053466014 0
30 215 1.2762720155208536 1
171 222 2.184388641949153 0
16 223 1.8162332528565992 1
23 228 1.4726215563702154 0
177 239 1.9144080232812801 1
24 249 1.1290098598838318 1
176 257 2.6016314162540475 0
40 258 4.025165587411922 1
72 264 3.9269908169872414 1
21 265 5.743224069843841 1
9 267 5.522330836388308 1
183 276 3.7551849687440497 1
192 288 3.5342917352885173 1
214 288 4.000621894805752 0
75 295 3.5588354278946874 0
140 304 3.1661363461959633 1
223 310 3.411573272257666 0
187 316 3.018874190558942 1
102 345 3.141592653589793 0
171 348 2.9943304979527716 1
108 354 6.234097921967246 1
111 370 3.0925052683774528 1
124 410 3.117048960983623 1
121 425 2.84706834231575 1
