296
560
500
42
138 189 3.313398501832985 1
140 197 0.4663301595172349 0
72 200 2.9697868053466014 1
173 233 3.6324665057131984 0
191 270 0.662679700366597 1
43 273 5.964117303299373 1
83 291 2.8716120349219203 0
233 294 3.8288160465625602 1
154 318 0.44178646691106466 0
41 319 5.8659425328746915 1
125 324 3.313398501832985 1
173 326 3.5833791205008576 1
112 335 0.2454369260617026 0
129 338 3.2888548092268146 1
176 352 0.7363107781851077 1
112 369 0.4908738521234052 1
211 374 3.8533597391687304 1
91 393 2.6016314162540475 0
272 402 3.877903431774901 0
158 407 0.8835729338221293 1
103 433 2.086213871524472 0
186 436 4.025165587411922 0
106 443 0.8099418560036186 1
192 448 0.8835729338221293 0
25 450 1.8407769454627694 0
48 463 1.5707963267948966 0
79 470 0.859029241215959 1
185 470 1.1290098598838318 1
114 474 4.196971435655114 1
152 475 1.521708941582556 1
169 486 1.3499030933393643 1
135 488 3.3379421944391554 0
213 491 1.1044661672776617 1
75 498 0.760854470791278 1
144 498 2.6261751088602177 0
207 505 0.9326603190344698 1
126 512 5.6941366846315 1
220 514 4.074252972624263 1
176 517 2.012582793705961 0
153 520 2.7979809571034093 1
190 534 1.423534171157875 0
182 546 2.086213871524472 1
