296
560
500
49
177 98 0.2699806186678728 0
107 112 2.773437264497239 1
214 128 3.485204350076177 0
236 161 0.5645049299419159 1
282 183 3.7551849687440497 1
91 185 5.816855147662351 1
131 197 2.724349879284899 0
203 213 0.39269908169872414 0
23 216 2.356194490192345 0
226 221 3.5342917352885173 1
178 224 3.215223731408304 1
93 229 5.743224069843841 1
163 232 0.22089323345553233 1
182 237 3.3379421944391554 1
230 250 0.7363107781851077 0
167 271 0.36815538909255385 1
264 278 3.902447124381071 1
42 282 5.424156065963627 1
146 298 2.478912953223196 0
217 305 0.9326603190344698 1
66 318 2.1598449493429825 1
47 336 5.325981295538946 1
164 336 2.1353012567368124 0
166 345 0.7853981633974483 1
63 355 1.9634954084936207 1
87 364 1.8407769454627694 0
238 369 1.2517283229146832 1
188 371 4.074252972624263 1
30 374 1.88986433067511 1
109 377 1.5953400194010667 0
140 377 0.9572040116406401 1
175 380 4.172427743048944 1
210 382 1.6444274046134073 1
190 387 3.313398501832985 1
223 391 1.423534171157875 1
261 396 1.1780972450961724 1
133 405 0.9326603190344698 1
198 405 2.675262494072558 0
251 413 1.2026409377023426 0
175 420 5.890486225480862 1
103 423 1.1044661672776617 0
202 425 2.7979809571034093 0
222 429 2.1353012567368124 1
269 429 4.295146206079795 1
79 440 1.227184630308513 0
239 445 1.7916895602504288 0
65 454 1.423534171157875 0
236 471 2.5034566458293663 1
119 492 3.77972866135022 0
