296
560
500
43
229 195 0.662679700366597 1
82 199 5.8659425328746915 0
122 218 2.773437264497239 0
271 219 3.8288160465625602 1
191 240 0.4908738521234052 0
165 249 3.313398501832985 1
81 250 5.743224069843841 1
213 250 3.6079228131070282 1
215 276 0.8344855486097889 1
151 295 0.44178646691106466 1
27 304 5.448699758569798 1
244 309 4.000621894805752 1
125 327 2.3316507975861747 1
200 334 0.9572040116406401 1
47 369 1.8407769454627694 0
78 387 1.7426021750380885 1
221 395 1.1290098598838318 1
123 396 0.8835729338221293 1
94 397 1.423534171157875 0
162 401 4.123340357836604 1
192 402 1.521708941582556 1
156 408 4.196971435655114 0
208 414 1.325359400733194 1
168 417 3.6324665057131984 0
252 426 1.0062913968529805 1
122 427 0.7853981633974483 1
162 438 5.66959299202533 1
191 440 2.748893571891069 0
95 442 0.9817477042468103 0
222 458 1.4480778637640452 1
74 459 1.0799224746714913 0
200 470 2.2580197197676637 0
63 472 1.1535535524900022 0
218 482 4.6878452877785195 1
84 492 4.147884050442774 0
205 493 5.129631754689584 1
250 498 3.5342917352885173 0
116 499 3.80427235395639 1
270 501 3.6324665057131984 0
193 520 2.9697868053466014 1
126 529 3.3624858870453256 0
249 531 2.84706834231575 1
275 534 2.6998061866787286 0
