296
560
500
44
50 71 5.66959299202533 0
82 84 2.429825568010856 0
141 88 6.135923151542564 1
191 90 3.117048960983623 0
219 106 0.2454369260617026 0
211 121 3.2397674240144743 0
70 125 5.595961914206819 1
160 129 6.209554229361076 0
127 144 2.5770877236478773 1
66 154 2.282563412373834 0
97 160 5.71868037723767 0
276 163 0.5890486225480862 0
118 167 5.841398840268521 1
191 178 0.39269908169872414 1
148 206 2.5034566458293663 0
70 226 2.061670178918302 0
146 230 2.380738182798515 1
282 234 3.902447124381071 0
95 237 5.424156065963627 1
211 237 0.9326603190344698 1
136 238 5.6941366846315 1
109 248 2.1353012567368124 0
247 253 0.9817477042468103 0
95 264 5.375068680751287 1
239 279 4.196971435655114 1
251 297 1.2517283229146832 0
98 306 5.105088062083414 0
11 308 1.9880391010997909 0
272 354 1.3499030933393643 0
53 368 5.227806525114265 0
137 382 5.129631754689584 1
279 390 1.6444274046134073 1
188 395 2.3071071049800045 1
272 413 2.356194490192345 1
150 415 5.473243451175968 0
186 421 5.448699758569798 1
166 423 5.448699758569798 0
65 428 5.522330836388308 0
93 428 5.5714182216006485 0
243 434 5.743224069843841 0
212 449 5.792311455056181 1
131 450 5.743224069843841 0
175 467 5.988660995905543 1
168 476 2.650718801466388 0
