296
560
500
50
79 19 5.6941366846315 0
112 33 2.478912953223196 0
222 45 3.1906800388021335 0
175 46 6.1850105367549055 0
252 63 0.3190680038802134 0
99 73 5.66959299202533 1
243 78 3.3379421944391554 0
190 82 6.258641614573416 0
154 96 2.650718801466388 1
95 101 2.356194490192345 0
255 108 0.6135923151542565 0
124 110 5.743224069843841 0
146 117 5.890486225480862 1
250 124 3.509748042682347 0
220 134 0.44178646691106466 1
172 159 2.5770877236478773 0
92 175 2.086213871524472 0
118 186 5.473243451175968 1
238 190 0.9817477042468103 0
136 199 2.2580197197676637 1
270 212 1.0799224746714913 0
116 214 5.473243451175968 1
261 237 4.221515128261284 1
119 255 5.129631754689584 0
271 256 1.3499030933393643 0
13 302 2.552544031041707 0
73 314 5.227806525114265 0
286 319 1.2762720155208536 0
148 332 5.178719139901925 0
200 353 2.380738182798515 1
58 356 5.473243451175968 0
163 369 5.522330836388308 0
83 373 5.595961914206819 0
108 376 5.64504929941916 0
178 377 5.497787143782138 0
197 377 5.497787143782138 1
251 392 5.64504929941916 0
31 399 2.2334760271614935 1
144 399 5.8659425328746915 0
216 401 5.816855147662351 0
19 405 1.7916895602504288 1
244 412 6.111379458936394 1
57 419 5.988660995905543 1
33 420 5.5714182216006485 0
186 420 6.037748381117884 1
128 427 5.964117303299373 1
199 427 6.258641614573416 0
186 453 0.1227184630308513 0
110 459 6.062292073724054 1
129 468 0.0 0
