296
560
500
47
74 76 5.64504929941916 0
107 88 2.405281875404685 0
216 91 3.0925052683774528 0
169 96 6.111379458936394 0
247 107 0.2945243112740431 0
239 123 3.2643111166206444 0
98 128 5.595961914206819 1
189 131 6.209554229361076 0
157 146 2.5770877236478773 1
256 152 0.5890486225480862 0
97 156 2.3071071049800045 0
127 162 5.71868037723767 0
149 168 5.8659425328746915 1
252 169 3.436116964863836 0
223 181 0.39269908169872414 1
180 208 2.552544031041707 0
99 228 2.0371264863121317 0
9 230 2.086213871524472 1
177 231 2.405281875404685 1
125 238 5.448699758569798 1
168 238 5.71868037723767 1
241 239 0.9081166264282996 1
144 250 2.2334760271614935 1
278 255 0.9817477042468103 0
17 265 5.252350217720435 0
124 266 5.424156065963627 1
270 281 4.172427743048944 1
282 301 1.2762720155208536 0
129 307 5.080544369477243 0
203 308 1.9144080232812801 0
22 312 2.110757564130642 0
16 322 5.227806525114265 0
85 367 5.178719139901925 0
161 382 5.154175447295755 0
210 397 2.3071071049800045 0
72 409 5.448699758569798 0
178 418 5.497787143782138 0
98 425 5.522330836388308 0
195 425 5.375068680751287 0
123 427 5.595961914206819 0
217 427 5.497787143782138 0
276 443 5.816855147662351 0
235 445 5.767767762450011 0
161 449 5.792311455056181 0
203 467 5.988660995905543 1
68 474 5.939573610693203 1
145 475 5.988660995905543 1
