296
560
500
42
39 145 2.184388641949153 0
94 146 2.5770877236478773 0
131 148 6.037748381117884 0
50 155 5.595961914206819 0
129 162 2.6998061866787286 0
56 173 5.64504929941916 0
210 173 0.1718058482431918 0
247 174 3.706097583531709 0
154 183 0.04908738521234052 0
86 198 5.66959299202533 0
161 198 2.8716120349219203 0
66 225 2.0371264863121317 0
141 226 6.037748381117884 1
252 229 3.509748042682347 1
72 252 5.325981295538946 1
50 258 5.105088062083414 0
23 264 1.8162332528565992 0
225 265 0.5890486225480862 1
189 266 0.4172427743048944 1
122 272 2.0371264863121317 0
235 286 3.6815538909255388 0
132 293 1.9144080232812801 1
250 303 0.859029241215959 1
126 307 5.178719139901925 1
91 326 4.8351074434155406 1
108 328 1.6198837120072371 0
62 330 1.5462526341887264 0
194 343 1.718058482431918 1
105 351 4.73693267299086 1
129 384 4.565126824747668 0
45 422 1.4726215563702154 0
239 425 1.7671458676442586 0
196 437 4.663301595172349 1
259 453 5.006913291658733 0
113 463 4.81056375080937 0
220 463 5.006913291658733 0
236 463 5.056000676871073 0
268 497 5.448699758569798 1
173 503 5.154175447295755 0
218 504 5.2768939103266055 0
125 510 4.81056375080937 0
149 515 5.105088062083414 0
