296
560
500
60
224 13 3.6324665057131984 0
194 24 0.39269908169872414 1
150 51 2.5770877236478773 0
69 67 2.0371264863121317 0
97 76 5.497787143782138 1
212 84 0.9326603190344698 1
284 88 4.000621894805752 0
113 93 2.2580197197676637 1
248 102 1.0799224746714913 0
94 107 5.473243451175968 1
239 127 4.221515128261284 1
250 147 1.3744467859455345 0
103 152 5.056000676871073 1
52 209 5.227806525114265 0
265 211 1.4726215563702154 0
133 228 5.154175447295755 1
181 244 2.380738182798515 1
268 246 1.7916895602504288 1
38 251 5.473243451175968 0
144 262 5.497787143782138 0
63 268 5.546874528994478 0
179 269 5.473243451175968 1
159 270 5.497787143782138 0
273 270 1.88986433067511 1
88 271 5.620505606812989 0
231 284 5.64504929941916 0
198 292 5.841398840268521 0
126 293 5.816855147662351 0
283 295 2.675262494072558 1
226 306 6.111379458936394 1
166 313 6.013204688511713 1
108 316 5.964117303299373 0
38 317 5.915029918087033 1
177 327 6.258641614573416 1
166 349 0.1227184630308513 0
92 357 6.037748381117884 1
265 359 0.9572040116406401 0
277 363 1.6689710972195777 0
109 366 0.0 0
238 374 1.0799224746714913 1
189 376 0.4908738521234052 1
225 377 1.227184630308513 0
184 386 3.3379421944391554 0
51 392 0.4663301595172349 0
253 396 4.295146206079795 0
64 400 3.706097583531709 0
271 416 4.7860200582032 0
259 442 1.4971652489763858 0
128 460 2.0371264863121317 1
116 471 2.282563412373834 1
268 475 4.6878452877785195 0
276 484 1.88986433067511 1
176 510 4.933282213840222 0
47 513 5.66959299202533 0
55 520 0.04908738521234052 0
156 520 5.129631754689584 1
83 529 6.1850105367549055 0
257 533 5.080544369477243 1
101 534 6.062292073724054 0
123 536 5.841398840268521 0
