296
560
500
45
213 129 0.2945243112740431 0
24 135 5.71868037723767 0
56 148 2.478912953223196 0
162 163 3.215223731408304 0
114 164 6.135923151542564 0
194 181 0.36815538909255385 0
41 190 5.64504929941916 1
181 194 3.2888548092268146 0
127 201 6.209554229361076 0
94 210 2.5280003384355365 0
39 218 2.356194490192345 0
191 227 0.5890486225480862 1
65 230 5.66959299202533 0
88 238 5.841398840268521 1
246 240 0.6381360077604268 0
192 241 3.4606606574700063 0
159 253 0.3436116964863836 1
276 259 3.7551849687440497 1
116 282 2.552544031041707 0
37 294 2.110757564130642 0
62 308 5.497787143782138 1
119 309 2.6998061866787286 0
253 310 3.9269908169872414 0
178 312 0.859029241215959 1
102 314 5.890486225480862 1
77 319 2.2089323345553233 0
216 325 1.0062913968529805 0
62 335 5.399612373357457 1
208 351 4.123340357836604 1
220 368 1.2517283229146832 0
260 371 1.1290098598838318 0
64 378 5.129631754689584 0
145 381 1.521708941582556 1
241 431 1.423534171157875 0
19 436 5.178719139901925 0
103 454 5.154175447295755 1
246 466 1.8653206380689396 1
154 469 2.356194490192345 1
115 489 5.497787143782138 0
132 495 5.522330836388308 0
156 498 5.497787143782138 0
55 501 5.620505606812989 0
207 508 5.64504929941916 0
173 519 5.767767762450011 0
95 523 5.792311455056181 0
