296
560
500
44
233 120 0.44178646691106466 1
140 125 2.773437264497239 0
45 128 5.767767762450011 0
143 136 6.1850105367549055 1
79 142 2.5280003384355365 0
186 157 3.2643111166206444 1
140 161 6.234097921967246 0
65 181 5.71868037723767 1
218 183 0.4172427743048944 0
203 194 3.3379421944391554 0
151 197 0.02454369260617026 0
60 210 2.405281875404685 0
87 223 5.841398840268521 0
262 248 0.662679700366597 1
181 249 0.44178646691106466 1
135 274 2.5770877236478773 0
56 284 2.1598449493429825 0
81 299 5.522330836388308 1
137 301 2.724349879284899 0
268 306 3.9760782021995817 1
196 310 0.9326603190344698 1
95 311 2.2334760271614935 0
78 327 5.473243451175968 1
232 328 1.030835089459151 0
222 350 4.196971435655114 1
79 370 5.203262832508095 0
234 370 1.3008157081270237 0
273 372 1.1535535524900022 0
154 377 1.9144080232812801 0
253 431 1.423534171157875 0
30 432 5.227806525114265 0
116 448 5.178719139901925 1
167 466 2.356194490192345 1
258 466 1.7671458676442586 1
127 486 5.497787143782138 0
165 492 5.448699758569798 1
144 494 5.473243451175968 0
264 495 2.429825568010856 1
65 497 5.64504929941916 0
221 507 5.620505606812989 0
185 518 5.792311455056181 0
104 521 5.816855147662351 0
214 538 6.013204688511713 0
153 540 5.988660995905543 1
