296
560
500
42
62 115 2.6016314162540475 0
222 119 0.5154175447295755 0
118 133 0.07363107781851078 1
252 144 3.6815538909255388 1
39 159 5.743224069843841 1
199 168 0.5399612373357456 0
130 177 0.09817477042468103 0
186 179 3.436116964863836 0
58 202 5.792311455056181 0
83 211 5.915029918087033 1
159 234 0.5399612373357456 1
241 238 0.8344855486097889 0
111 255 2.6998061866787286 0
22 257 2.1353012567368124 1
268 262 3.9269908169872414 1
50 279 5.546874528994478 1
110 281 2.748893571891069 0
88 284 5.939573610693203 0
60 293 2.380738182798515 0
169 296 1.0799224746714913 1
42 302 5.620505606812989 0
240 314 4.196971435655114 0
202 317 1.2517283229146832 0
188 338 4.344233591292136 1
47 354 5.178719139901925 1
191 360 1.4480778637640452 1
233 373 1.325359400733194 0
69 430 5.252350217720435 1
205 430 1.5462526341887264 0
116 452 2.380738182798515 1
207 463 1.8162332528565992 1
76 471 5.522330836388308 0
113 479 5.497787143782138 1
92 480 5.497787143782138 0
23 482 5.522330836388308 0
212 495 3.706097583531709 1
167 501 5.743224069843841 0
231 503 3.9760782021995817 1
57 508 5.71868037723767 0
131 508 5.8659425328746915 0
101 529 6.013204688511713 1
163 530 6.160466844148735 0
