296
560
500
57
108 73 5.988660995905543 1
129 84 2.724349879284899 0
173 94 0.4908738521234052 0
92 103 5.767767762450011 0
250 115 3.8288160465625602 0
162 143 3.141592653589793 0
91 146 5.66959299202533 1
259 163 3.9515345095934116 0
52 167 2.086213871524472 1
74 208 5.252350217720435 0
22 217 5.105088062083414 0
187 219 1.2026409377023426 0
232 225 1.1290098598838318 1
113 230 1.8653206380689396 1
140 233 1.8162332528565992 1
180 262 1.6198837120072371 0
190 263 1.3499030933393643 0
170 264 1.8653206380689396 0
85 267 1.8162332528565992 1
128 287 4.859651136021712 1
159 287 2.282563412373834 0
261 292 4.196971435655114 0
192 293 1.5462526341887264 0
178 301 2.110757564130642 1
138 309 5.375068680751287 1
200 309 1.2517283229146832 1
124 310 5.105088062083414 1
110 324 4.957825906446392 0
188 326 1.6444274046134073 0
235 327 4.196971435655114 1
130 330 5.473243451175968 0
204 339 4.442408361716817 1
108 351 5.350524988145116 0
192 352 3.2888548092268146 0
159 353 5.6941366846315 1
212 353 3.902447124381071 1
88 354 5.105088062083414 1
249 370 3.877903431774901 0
34 373 5.252350217720435 1
131 375 5.767767762450011 1
57 383 5.325981295538946 0
91 386 5.522330836388308 0
232 386 3.5342917352885173 0
71 399 5.522330836388308 0
111 401 5.841398840268521 1
200 401 3.0925052683774528 0
40 408 5.448699758569798 0
96 424 5.8659425328746915 1
105 429 2.6998061866787286 0
139 432 6.062292073724054 1
45 433 5.66959299202533 0
53 445 5.767767762450011 0
123 446 6.111379458936394 0
84 457 5.841398840268521 0
163 459 2.8961557275280905 1
194 486 2.9206994201342606 0
166 492 6.062292073724054 0
