296
560
500
48
54 76 2.84706834231575 1
93 82 0.44178646691106466 0
170 104 3.8533597391687304 0
83 131 3.141592653589793 0
14 132 5.71868037723767 1
178 149 3.9760782021995817 0
205 190 0.9817477042468103 0
111 206 1.1780972450961724 0
155 211 1.1290098598838318 1
34 215 1.8407769454627694 0
65 222 1.8162332528565992 1
207 234 4.172427743048944 1
105 248 1.5707963267948966 0
115 249 1.325359400733194 0
95 252 1.8407769454627694 0
85 273 2.2334760271614935 0
53 276 4.859651136021712 1
184 276 4.196971435655114 0
114 281 1.5462526341887264 1
104 288 2.0371264863121317 1
126 294 1.227184630308513 1
63 297 5.375068680751287 1
49 298 5.105088062083414 1
115 312 1.6198837120072371 0
161 312 4.172427743048944 1
35 315 4.957825906446392 0
56 318 5.473243451175968 0
131 325 4.3933209765044765 1
121 334 3.509748042682347 1
139 339 3.80427235395639 1
34 340 5.325981295538946 0
87 340 5.522330836388308 1
104 341 5.8659425328746915 0
12 344 5.129631754689584 1
178 354 3.80427235395639 0
61 367 5.767767762450011 0
18 375 5.522330836388308 0
162 375 3.436116964863836 1
201 375 3.706097583531709 0
129 387 3.067961575771282 0
41 389 5.816855147662351 1
192 390 3.436116964863836 1
70 421 6.013204688511713 1
171 436 3.2397674240144743 0
53 438 5.988660995905543 0
96 448 2.8716120349219203 1
129 474 2.9206994201342606 0
101 480 6.062292073724054 0
