296
560
500
49
188 127 3.436116964863836 1
116 137 6.234097921967246 0
71 148 2.2580197197676637 0
49 153 5.522330836388308 0
221 163 3.5833791205008576 0
125 182 2.6016314162540475 0
43 184 5.325981295538946 0
272 208 4.049709280018092 0
62 219 5.227806525114265 1
227 230 0.760854470791278 1
179 242 0.8099418560036186 1
38 257 1.6444274046134073 1
155 270 1.227184630308513 1
145 272 1.4480778637640452 1
202 279 1.0062913968529805 0
275 280 3.8533597391687304 0
75 281 4.7860200582032 0
191 281 1.1780972450961724 0
118 284 1.3744467859455345 1
183 289 1.423534171157875 0
157 308 4.516039439535327 1
215 308 1.1044661672776617 0
183 315 1.8653206380689396 0
228 317 0.8835729338221293 1
268 318 3.8533597391687304 0
205 320 1.6198837120072371 1
152 328 4.442408361716817 0
107 332 1.3499030933393643 1
224 339 1.7426021750380885 0
172 344 4.9823695990525625 1
156 351 4.71238898038469 0
237 355 3.3870295796514958 1
258 356 3.485204350076177 1
173 367 5.080544369477243 0
225 367 5.375068680751287 0
154 372 4.614214209960009 0
213 376 5.325981295538946 0
161 396 4.957825906446392 0
267 403 2.675262494072558 0
145 407 4.73693267299086 1
196 409 5.350524988145116 0
157 434 5.080544369477243 1
185 439 5.399612373357457 1
130 448 4.908738521234052 0
147 459 5.105088062083414 0
222 459 5.64504929941916 1
256 475 2.5280003384355365 1
216 483 5.64504929941916 1
179 495 2.0371264863121317 0
