296
560
500
46
183 17 1.0799224746714913 0
130 18 2.0371264863121317 1
236 20 1.055378782065321 0
106 30 1.7671458676442586 1
147 32 1.3989904785517047 0
131 33 1.7426021750380885 0
179 59 1.521708941582556 0
190 61 1.2517283229146832 0
169 62 1.7916895602504288 0
78 71 1.718058482431918 1
136 80 4.957825906446392 0
263 82 4.123340357836604 0
128 85 4.76147636559703 1
159 87 2.2580197197676637 0
190 90 1.4971652489763858 1
180 99 2.0371264863121317 1
203 103 1.1780972450961724 1
126 107 5.056000676871073 1
140 108 5.350524988145116 1
239 117 4.123340357836604 1
111 127 4.908738521234052 0
133 129 5.424156065963627 0
209 133 4.368777283898306 1
218 147 3.7551849687440497 1
166 150 5.424156065963627 1
116 153 5.350524988145116 1
90 158 5.080544369477243 1
257 160 3.77972866135022 0
141 178 5.71868037723767 0
243 178 3.436116964863836 0
62 187 5.252350217720435 0
98 188 5.448699758569798 0
211 195 3.018874190558942 0
274 197 3.436116964863836 1
77 202 5.497787143782138 0
120 202 5.743224069843841 1
106 224 5.8659425328746915 1
115 230 2.6261751088602177 0
150 231 5.988660995905543 1
252 243 3.215223731408304 0
137 251 5.964117303299373 1
178 255 2.84706834231575 1
95 260 5.767767762450011 0
210 281 2.9206994201342606 0
181 288 6.013204688511713 0
207 299 6.111379458936394 0
