296
560
500
64
63 53 1.055378782065321 0
250 67 1.1780972450961724 1
89 72 4.295146206079795 0
119 74 1.2026409377023426 0
268 90 4.319689898685965 1
173 99 3.8288160465625602 1
189 104 4.295146206079795 0
194 130 1.2026409377023426 0
265 130 4.565126824747668 1
216 138 4.344233591292136 0
195 144 0.6381360077604268 0
52 167 1.9634954084936207 1
91 172 0.19634954084936207 1
254 172 4.491495746929157 1
265 174 1.4726215563702154 1
266 190 4.565126824747668 0
243 191 4.196971435655114 0
53 193 5.448699758569798 0
137 204 0.14726215563702155 0
128 210 3.067961575771282 1
240 214 3.9269908169872414 0
59 223 5.473243451175968 1
78 240 5.890486225480862 1
98 249 2.6261751088602177 0
141 256 0.3190680038802134 0
220 271 3.7551849687440497 0
61 272 5.6941366846315 0
274 285 4.0987966652304335 0
136 305 3.067961575771282 0
65 314 5.620505606812989 1
233 315 3.877903431774901 0
28 340 2.0371264863121317 1
262 351 0.9817477042468103 0
170 376 1.1290098598838318 0
54 377 5.178719139901925 0
220 379 1.055378782065321 0
96 394 1.7671458676442586 1
268 398 4.123340357836604 1
167 420 1.521708941582556 0
177 420 1.2517283229146832 0
157 422 1.7916895602504288 0
69 437 1.718058482431918 1
249 441 4.0987966652304335 0
125 443 4.957825906446392 0
148 446 2.2089323345553233 0
117 447 4.76147636559703 1
177 449 1.4726215563702154 1
168 459 2.012582793705961 1
191 464 1.1535535524900022 1
128 470 5.325981295538946 1
114 472 5.031456984264903 1
226 477 4.123340357836604 1
180 482 1.521708941582556 0
101 489 4.884194828627882 0
123 491 5.399612373357457 0
197 493 4.368777283898306 1
170 505 5.816855147662351 1
207 507 3.730641276137879 1
155 510 5.620505606812989 1
247 515 3.77972866135022 1
102 516 5.252350217720435 0
82 520 5.031456984264903 1
232 537 3.436116964863836 0
132 539 5.6941366846315 0
