296
560
500
51
94 91 2.5034566458293663 1
196 99 3.2643111166206444 1
175 107 0.14726215563702155 0
166 119 3.141592653589793 0
113 142 5.915029918087033 1
134 150 2.650718801466388 0
179 159 0.39269908169872414 0
47 163 5.497787143782138 0
98 171 5.743224069843841 0
255 175 3.7551849687440497 0
170 207 3.0925052683774528 0
97 215 5.64504929941916 1
268 219 3.8533597391687304 0
60 235 2.1353012567368124 1
83 274 5.2768939103266055 0
28 280 5.227806525114265 0
198 284 1.1535535524900022 1
248 285 1.030835089459151 1
123 299 1.8653206380689396 1
153 299 1.8162332528565992 1
190 321 1.5462526341887264 1
201 324 1.3499030933393643 1
185 327 1.9144080232812801 0
92 333 1.8407769454627694 1
150 342 5.080544369477243 0
281 347 4.123340357836604 0
141 348 4.884194828627882 1
172 352 2.405281875404685 0
203 352 1.5707963267948966 1
157 363 5.497787143782138 1
192 365 2.2089323345553233 1
215 366 1.2026409377023426 1
135 370 5.203262832508095 1
254 383 4.123340357836604 1
203 387 1.6198837120072371 0
114 389 5.031456984264903 1
142 391 5.522330836388308 0
220 398 4.417864669110647 1
229 409 3.6815538909255388 1
193 411 5.939573610693203 0
172 412 5.64504929941916 1
121 413 5.448699758569798 1
94 415 5.227806525114265 1
145 433 5.767767762450011 1
42 438 5.178719139901925 1
99 443 5.473243451175968 1
67 446 5.227806525114265 0
219 459 3.0925052683774528 0
125 461 5.792311455056181 1
82 462 5.448699758569798 0
158 491 6.037748381117884 1
