296
560
500
57
192 103 3.141592653589793 1
90 104 2.429825568010856 1
172 114 0.04908738521234052 0
167 127 3.0925052683774528 0
114 153 5.8659425328746915 1
136 160 2.5770877236478773 0
181 166 0.3436116964863836 0
259 176 3.6815538909255388 0
48 180 5.399612373357457 0
100 183 5.71868037723767 0
176 215 3.067961575771282 0
276 220 3.7551849687440497 0
104 226 5.5714182216006485 1
12 247 5.252350217720435 0
68 249 2.086213871524472 1
93 286 5.203262832508095 0
257 287 0.9817477042468103 1
211 288 1.1290098598838318 0
39 298 5.105088062083414 0
134 306 1.8162332528565992 1
164 307 1.7916895602504288 1
201 326 1.521708941582556 1
215 328 1.2762720155208536 0
196 334 1.88986433067511 0
106 343 1.8162332528565992 1
163 350 5.006913291658733 0
185 356 2.2580197197676637 0
214 358 1.521708941582556 1
152 360 4.884194828627882 1
205 369 2.1353012567368124 1
227 370 1.1780972450961724 1
166 376 5.375068680751287 1
148 381 5.105088062083414 1
266 385 4.0987966652304335 1
129 398 4.9823695990525625 1
156 399 5.497787143782138 0
233 403 4.368777283898306 1
242 414 3.6570101983193686 1
205 418 5.8659425328746915 0
185 420 5.497787143782138 1
136 426 5.350524988145116 1
110 427 5.154175447295755 1
267 443 3.411573272257666 0
161 446 5.743224069843841 0
58 451 5.178719139901925 1
116 457 5.497787143782138 0
82 458 5.252350217720435 0
231 461 2.9943304979527716 0
139 469 5.767767762450011 1
97 472 5.448699758569798 0
68 485 5.325981295538946 0
174 496 6.013204688511713 1
77 509 5.546874528994478 0
158 513 5.988660995905543 0
86 521 5.66959299202533 0
204 522 2.82252464970958 1
123 527 5.71868037723767 0
