296
560
500
47
169 95 3.2888548092268146 1
145 102 0.19634954084936207 0
139 116 3.2397674240144743 0
84 136 5.988660995905543 1
106 147 2.748893571891069 0
148 157 0.39269908169872414 0
67 166 5.792311455056181 0
226 173 3.77972866135022 0
140 205 3.067961575771282 0
69 209 5.6941366846315 1
237 218 3.877903431774901 0
34 230 2.110757564130642 0
267 252 0.8835729338221293 0
53 272 5.252350217720435 0
167 278 1.1044661672776617 1
221 281 1.030835089459151 0
94 290 1.8407769454627694 0
272 299 4.0987966652304335 1
167 320 1.521708941582556 0
177 320 1.3008157081270237 0
157 325 1.8162332528565992 0
67 329 1.7916895602504288 1
124 343 5.006913291658733 0
250 343 4.0987966652304335 0
148 346 2.2334760271614935 0
116 349 4.81056375080937 1
177 353 1.521708941582556 1
168 360 2.086213871524472 1
190 366 1.1780972450961724 1
128 368 5.375068680751287 1
111 372 5.129631754689584 1
226 380 4.123340357836604 1
96 388 4.957825906446392 0
120 390 5.473243451175968 0
196 395 4.368777283898306 1
166 406 5.71868037723767 1
205 408 3.730641276137879 1
97 410 5.375068680751287 0
152 410 5.66959299202533 1
73 414 5.154175447295755 1
244 418 3.6815538909255388 0
124 436 5.816855147662351 0
227 439 3.3624858870453256 1
79 443 5.5714182216006485 0
196 452 3.043417883165112 0
104 455 5.890486225480862 1
134 484 6.013204688511713 1
