296
560
500
59
175 64 3.730641276137879 0
169 93 0.662679700366597 0
162 108 0.7853981633974483 0
89 132 3.2643111166206444 0
135 139 0.7117670855789375 0
114 141 0.6872233929727672 0
70 144 2.9206994201342606 0
89 145 0.5399612373357456 0
145 148 3.80427235395639 0
202 149 3.9515345095934116 0
168 151 3.8533597391687304 0
167 166 0.9081166264282996 0
103 171 3.485204350076177 0
49 187 2.2089323345553233 0
275 220 4.123340357836604 0
104 222 3.4606606574700063 0
170 223 1.227184630308513 1
79 224 2.012582793705961 1
35 236 1.7916895602504288 0
135 239 4.221515128261284 0
185 240 1.055378782065321 0
154 243 1.3744467859455345 1
84 249 1.0799224746714913 1
263 249 0.859029241215959 0
44 255 1.521708941582556 0
135 267 4.172427743048944 1
130 277 3.877903431774901 0
188 278 1.1290098598838318 0
25 281 4.73693267299086 1
92 283 0.36815538909255385 1
170 289 1.8407769454627694 0
181 293 1.4726215563702154 0
76 299 0.7363107781851077 0
101 301 0.2699806186678728 0
51 305 4.466952054322987 0
129 307 3.313398501832985 0
240 307 4.025165587411922 0
28 320 0.9572040116406401 0
214 320 4.074252972624263 0
277 320 3.8288160465625602 1
73 321 0.7117670855789375 0
162 323 5.056000676871073 1
137 329 5.71868037723767 1
205 332 3.5588354278946874 0
175 337 5.792311455056181 0
43 341 4.123340357836604 0
273 342 3.5588354278946874 0
99 343 3.8533597391687304 0
254 346 3.411573272257666 1
209 347 2.9697868053466014 0
88 380 3.6079228131070282 0
219 380 2.945243112740431 1
113 390 3.141592653589793 1
172 400 6.135923151542564 1
195 402 2.9943304979527716 1
256 402 2.9943304979527716 0
84 425 3.1906800388021335 1
102 444 2.9206994201342606 0
155 444 2.84706834231575 1
