296
560
500
56
83 112 2.380738182798515 1
156 123 2.405281875404685 0
237 126 3.067961575771282 0
50 131 5.546874528994478 1
225 139 2.6998061866787286 0
245 140 0.4663301595172349 0
261 165 3.3870295796514958 0
32 166 2.1598449493429825 0
93 167 5.399612373357457 1
144 170 2.2334760271614935 0
207 187 2.184388641949153 0
49 221 2.086213871524472 0
264 221 3.509748042682347 0
238 222 2.061670178918302 1
135 232 1.8162332528565992 0
193 238 1.8162332528565992 0
142 242 5.080544369477243 1
241 247 1.227184630308513 1
202 254 1.6198837120072371 0
116 259 1.8653206380689396 1
181 277 4.859651136021712 1
130 279 1.7426021750380885 0
153 280 1.5462526341887264 0
244 283 0.5154175447295755 1
227 300 0.9081166264282996 0
203 304 4.589670517353839 0
252 305 0.3436116964863836 0
143 309 1.4971652489763858 1
180 318 1.0799224746714913 0
222 323 0.7853981633974483 0
66 334 2.061670178918302 0
281 338 6.160466844148735 1
191 339 4.270602513473625 0
246 343 3.9515345095934116 1
97 344 2.0371264863121317 1
52 365 5.227806525114265 1
132 368 1.3744467859455345 1
164 369 4.123340357836604 1
227 384 3.8288160465625602 0
192 385 3.8533597391687304 1
116 386 5.841398840268521 1
93 393 5.350524988145116 0
166 393 3.4606606574700063 0
38 398 5.497787143782138 0
250 399 3.313398501832985 1
112 413 6.062292073724054 0
62 414 5.522330836388308 0
168 420 3.215223731408304 0
214 431 3.411573272257666 1
81 433 5.8659425328746915 0
186 436 3.0925052683774528 0
226 452 3.0925052683774528 0
83 464 5.988660995905543 0
135 470 6.160466844148735 0
67 498 2.82252464970958 0
117 512 6.111379458936394 1
