296
560
500
60
214 138 3.706097583531709 0
208 167 0.7117670855789375 0
52 183 2.6261751088602177 0
202 184 0.8099418560036186 0
128 205 3.2643111166206444 0
174 215 0.7853981633974483 0
107 216 2.945243112740431 0
154 216 0.7853981633974483 0
133 220 0.7117670855789375 0
184 225 3.8533597391687304 0
27 228 2.282563412373834 0
207 229 3.9269908169872414 0
243 231 4.025165587411922 0
140 244 3.509748042682347 0
203 245 0.9326603190344698 0
82 258 2.2580197197676637 0
134 295 3.5342917352885173 0
110 296 2.1353012567368124 1
196 304 1.2517283229146832 0
66 305 1.88986433067511 0
14 308 5.105088062083414 1
164 316 4.319689898685965 0
216 321 1.1535535524900022 0
112 322 1.2026409377023426 1
182 322 1.4480778637640452 1
73 324 1.6444274046134073 0
161 344 4.270602513473625 1
56 346 4.8351074434155406 0
22 348 1.5462526341887264 0
154 354 4.025165587411922 0
117 356 0.4663301595172349 1
215 362 1.2026409377023426 0
99 371 0.8099418560036186 0
194 371 1.9634954084936207 0
74 373 4.565126824747668 0
124 375 0.2945243112740431 0
205 376 1.5707963267948966 0
12 378 1.521708941582556 1
152 383 3.3870295796514958 0
50 384 1.0799224746714913 0
93 391 0.760854470791278 0
184 402 5.129631754689584 1
157 405 5.841398840268521 1
238 405 4.123340357836604 0
62 406 4.246058820867455 0
120 411 3.902447124381071 1
226 416 3.6324665057131984 0
191 417 5.964117303299373 0
229 433 3.141592653589793 0
35 437 3.9515345095934116 1
102 452 3.7551849687440497 0
63 457 3.77972866135022 0
40 463 3.9515345095934116 0
124 465 3.2643111166206444 1
237 467 3.0925052683774528 1
184 481 6.258641614573416 1
206 487 3.141592653589793 1
90 497 3.313398501832985 1
109 519 3.0925052683774528 0
163 524 2.945243112740431 1
