296
560
500
58
151 121 3.1906800388021335 0
111 146 2.8716120349219203 0
207 175 3.730641276137879 0
186 176 3.4606606574700063 0
205 192 1.1535535524900022 0
61 193 2.356194490192345 0
144 200 2.82252464970958 0
225 200 1.227184630308513 0
280 200 1.2517283229146832 0
30 206 2.429825568010856 1
241 207 1.2026409377023426 0
62 209 5.595961914206819 1
197 220 4.000621894805752 1
249 225 4.295146206079795 0
31 230 2.3316507975861747 0
103 232 2.356194490192345 0
265 240 4.466952054322987 0
48 246 2.086213871524472 0
153 248 2.7979809571034093 1
253 251 1.4726215563702154 0
100 254 2.110757564130642 0
173 259 4.074252972624263 0
76 261 5.424156065963627 0
22 262 2.110757564130642 0
141 268 1.8407769454627694 1
54 291 1.7426021750380885 0
185 291 4.908738521234052 0
133 294 1.5953400194010667 0
77 295 5.129631754689584 0
219 299 1.9144080232812801 0
103 302 1.521708941582556 0
198 308 2.110757564130642 1
166 312 4.908738521234052 1
136 313 0.5645049299419159 0
49 315 4.908738521234052 0
86 319 1.423534171157875 0
153 320 4.71238898038469 0
226 324 1.7916895602504288 0
13 329 4.540583132141498 1
137 343 4.196971435655114 0
93 354 4.442408361716817 0
179 354 2.552544031041707 0
25 360 4.295146206079795 0
202 362 1.7916895602504288 0
187 366 1.9144080232812801 0
126 367 0.19634954084936207 0
60 375 4.295146206079795 0
74 402 3.8533597391687304 1
25 408 3.9760782021995817 1
193 411 4.6878452877785195 1
184 412 4.270602513473625 0
179 431 3.730641276137879 0
28 437 3.6079228131070282 0
111 443 0.5399612373357456 1
130 457 3.5833791205008576 0
70 472 3.5588354278946874 1
223 510 3.5588354278946874 0
225 536 3.5588354278946874 1
