296
560
500
67
125 80 3.067961575771282 0
176 81 6.135923151542564 0
40 92 4.565126824747668 0
46 129 4.8351074434155406 0
69 152 1.5707963267948966 1
45 157 4.933282213840222 0
54 176 2.086213871524472 0
67 182 1.4971652489763858 0
41 189 5.154175447295755 0
75 196 1.1780972450961724 0
166 206 0.19634954084936207 0
247 209 0.9817477042468103 1
142 215 0.14726215563702155 1
262 222 1.1044661672776617 1
270 230 1.1780972450961724 1
266 254 4.3933209765044765 1
67 265 2.478912953223196 1
262 276 3.9760782021995817 1
43 289 5.595961914206819 0
261 299 3.9760782021995817 0
279 300 4.614214209960009 1
30 303 4.9823695990525625 1
35 310 5.399612373357457 0
238 313 0.7363107781851077 0
87 320 2.6016314162540475 0
263 320 3.9269908169872414 1
167 338 3.2397674240144743 0
212 345 0.7363107781851077 0
148 348 2.945243112740431 0
193 348 0.7363107781851077 0
172 352 0.662679700366597 0
222 354 3.80427235395639 0
247 359 3.877903431774901 0
66 363 2.3316507975861747 0
244 374 0.9572040116406401 0
180 375 3.485204350076177 0
123 389 2.2580197197676637 0
175 425 3.485204350076177 0
151 426 2.1353012567368124 1
49 427 1.9144080232812801 0
237 431 1.2762720155208536 0
158 434 1.030835089459151 0
106 435 1.88986433067511 0
55 440 5.105088062083414 1
205 445 4.295146206079795 0
257 450 1.1535535524900022 0
153 451 1.2517283229146832 1
28 452 1.9880391010997909 1
223 452 1.521708941582556 1
200 472 4.295146206079795 1
41 473 1.8162332528565992 0
96 476 4.859651136021712 0
158 477 0.859029241215959 0
63 478 1.5953400194010667 0
192 486 4.123340357836604 0
171 488 0.1227184630308513 0
255 492 1.227184630308513 0
228 498 1.9389517158874505 1
138 500 0.8344855486097889 0
47 505 1.521708941582556 0
245 505 1.521708941582556 0
191 507 3.5588354278946874 1
90 515 1.0799224746714913 0
132 521 0.8099418560036186 0
217 529 2.5280003384355365 0
194 534 0.09817477042468103 1
101 536 4.270602513473625 0
