296
560
500
53
151 181 0.19634954084936207 0
213 192 3.4606606574700063 1
267 253 0.5154175447295755 0
262 269 0.859029241215959 0
106 276 2.650718801466388 0
187 295 3.1906800388021335 0
235 300 0.7363107781851077 0
34 303 5.64504929941916 1
216 303 0.760854470791278 0
166 307 2.8716120349219203 0
194 309 0.5890486225480862 0
247 311 3.8288160465625602 0
270 316 3.9269908169872414 0
83 320 2.405281875404685 0
203 332 3.411573272257666 0
268 334 1.0062913968529805 0
143 351 2.3316507975861747 0
64 381 2.0371264863121317 0
200 386 3.5342917352885173 0
171 387 2.1353012567368124 1
69 394 5.227806525114265 1
123 397 1.9880391010997909 0
265 398 1.423534171157875 1
38 406 2.110757564130642 1
227 408 4.417864669110647 0
175 410 1.423534171157875 1
131 411 1.8162332528565992 0
245 415 1.5707963267948966 1
278 419 1.325359400733194 0
50 427 1.9880391010997909 0
103 431 5.080544369477243 1
73 434 1.7671458676442586 0
215 437 4.368777283898306 0
171 444 0.6381360077604268 1
217 450 3.2643111166206444 1
150 458 0.9817477042468103 0
56 463 1.718058482431918 1
271 463 1.423534171157875 0
124 466 4.71238898038469 0
179 469 0.2945243112740431 0
245 469 2.110757564130642 1
96 472 1.2762720155208536 0
260 475 1.8407769454627694 0
204 478 3.485204350076177 0
140 481 0.859029241215959 0
103 498 4.442408361716817 0
236 499 5.154175447295755 1
206 501 5.915029918087033 1
169 507 3.9515345095934116 1
68 526 4.196971435655114 1
97 544 3.902447124381071 1
138 546 3.8288160465625602 0
66 552 3.6324665057131984 0
