296
560
500
56
54 135 2.5034566458293663 0
135 145 3.141592653589793 0
167 156 0.7363107781851077 0
117 157 2.84706834231575 0
143 159 0.6135923151542565 0
219 167 3.902447124381071 0
36 180 2.282563412373834 0
153 183 3.4606606574700063 0
217 183 0.859029241215959 0
95 200 2.2334760271614935 0
125 235 2.1353012567368124 1
151 236 3.5588354278946874 0
22 243 1.9144080232812801 0
132 243 1.030835089459151 0
210 243 1.3008157081270237 0
79 248 1.9144080232812801 0
178 253 4.319689898685965 0
228 256 1.227184630308513 0
27 257 5.056000676871073 1
127 261 1.2517283229146832 1
196 261 1.4971652489763858 1
85 269 1.5953400194010667 0
163 284 4.221515128261284 1
132 287 0.5645049299419159 0
69 289 4.8351074434155406 0
13 293 1.7916895602504288 0
36 294 1.5462526341887264 0
227 302 1.1780972450961724 0
111 309 0.859029241215959 0
207 309 1.9634954084936207 0
218 313 1.5707963267948966 0
87 315 4.589670517353839 0
138 316 0.19634954084936207 0
25 322 1.4971652489763858 1
163 322 3.411573272257666 0
63 327 1.1044661672776617 0
107 334 0.760854470791278 0
212 344 2.282563412373834 0
168 345 5.743224069843841 1
75 351 4.270602513473625 0
228 355 1.8407769454627694 1
135 359 3.8288160465625602 0
197 367 5.399612373357457 1
47 382 4.0987966652304335 1
116 394 3.730641276137879 0
78 402 3.730641276137879 0
50 406 3.4606606574700063 0
140 406 3.1906800388021335 1
191 425 6.209554229361076 1
222 429 3.067961575771282 1
54 433 3.1906800388021335 0
102 440 3.313398501832985 1
78 454 3.0925052683774528 1
119 462 3.043417883165112 0
173 467 2.945243112740431 1
115 504 2.748893571891069 0
