296
560
500
50
190 47 4.368777283898306 0
215 57 1.1535535524900022 1
176 94 4.123340357836604 0
223 95 4.270602513473625 1
153 117 0.9572040116406401 0
142 129 1.1044661672776617 0
77 141 3.730641276137879 0
57 143 0.8344855486097889 0
87 152 1.055378782065321 0
105 153 1.0062913968529805 0
116 170 4.123340357836604 0
136 177 4.196971435655114 0
71 182 3.8533597391687304 0
171 185 4.196971435655114 0
125 188 1.030835089459151 0
35 190 0.9326603190344698 0
34 231 2.184388641949153 1
113 246 1.2517283229146832 0
35 259 1.3989904785517047 1
82 259 4.417864669110647 0
133 262 1.2026409377023426 0
100 266 1.4726215563702154 1
209 282 0.9572040116406401 0
73 287 4.270602513473625 0
40 293 0.4908738521234052 0
131 302 1.227184630308513 0
111 313 1.9880391010997909 0
121 314 1.6198837120072371 0
40 317 0.36815538909255385 0
69 327 3.436116964863836 0
179 336 4.147884050442774 0
99 345 5.178719139901925 1
127 346 1.5953400194010667 0
73 349 5.816855147662351 1
147 350 4.246058820867455 1
213 355 3.9760782021995817 1
34 356 3.902447124381071 0
141 357 3.411573272257666 0
107 360 5.939573610693203 0
143 374 3.117048960983623 0
205 377 3.730641276137879 0
184 378 3.6079228131070282 1
211 397 3.411573272257666 0
147 409 3.117048960983623 1
114 421 2.9697868053466014 0
94 422 6.1850105367549055 1
178 436 3.117048960983623 0
210 439 0.3190680038802134 0
70 464 3.1661363461959633 1
191 480 5.915029918087033 0
