296
560
500
52
130 121 2.773437264497239 0
217 142 0.5645049299419159 0
69 148 5.66959299202533 1
178 198 0.7117670855789375 0
195 198 0.7117670855789375 1
85 214 2.086213871524472 0
139 230 0.1227184630308513 0
134 248 2.061670178918302 0
158 253 1.0799224746714913 0
255 257 4.074252972624263 0
28 259 5.129631754689584 1
136 269 1.7671458676442586 0
234 271 1.1780972450961724 0
154 272 1.4726215563702154 0
166 290 1.3008157081270237 1
112 301 1.7671458676442586 1
245 304 4.319689898685965 1
117 317 1.6689710972195777 0
154 319 1.2762720155208536 0
258 327 1.1780972450961724 0
130 330 1.5462526341887264 1
141 341 1.3499030933393643 1
75 349 4.957825906446392 0
211 351 4.295146206079795 0
106 352 1.8162332528565992 1
160 357 1.0799224746714913 0
190 364 4.221515128261284 0
240 365 4.319689898685965 1
82 373 4.9823695990525625 0
123 374 1.6444274046134073 0
180 392 4.172427743048944 0
122 393 1.7426021750380885 1
42 395 5.080544369477243 0
86 396 5.105088062083414 0
100 399 5.080544369477243 0
170 402 4.147884050442774 0
262 412 3.9515345095934116 0
126 414 3.5342917352885173 1
104 416 5.301437602932776 0
82 424 5.620505606812989 0
226 424 3.902447124381071 1
109 425 6.111379458936394 1
65 428 5.66959299202533 0
158 435 3.902447124381071 1
143 436 3.411573272257666 0
47 443 5.8659425328746915 0
100 451 0.07363107781851078 0
217 456 3.6324665057131984 0
59 465 6.234097921967246 1
203 493 3.436116964863836 0
200 509 3.313398501832985 0
202 544 3.2397674240144743 0
