296
560
500
52
122 159 2.748893571891069 1
211 173 0.5399612373357456 0
61 184 5.620505606812989 1
193 223 0.6872233929727672 0
175 228 0.662679700366597 0
79 249 2.012582793705961 0
138 260 0.09817477042468103 0
132 278 2.012582793705961 0
252 282 4.000621894805752 0
158 283 1.055378782065321 0
24 294 5.105088062083414 1
136 298 1.718058482431918 0
234 299 1.1290098598838318 0
155 304 1.4480778637640452 0
166 319 1.227184630308513 1
245 329 4.270602513473625 1
114 330 1.7671458676442586 1
122 346 1.6198837120072371 1
156 349 1.2026409377023426 0
259 352 1.1535535524900022 0
145 356 1.3499030933393643 0
136 358 1.521708941582556 0
215 378 4.221515128261284 0
82 382 4.908738521234052 1
109 384 1.7916895602504288 1
160 386 1.030835089459151 1
193 389 4.196971435655114 0
244 391 4.270602513473625 1
86 404 4.957825906446392 0
127 404 1.5462526341887264 0
185 419 4.147884050442774 0
128 421 1.5462526341887264 1
91 427 5.105088062083414 0
46 428 5.031456984264903 0
176 430 4.123340357836604 0
105 431 5.056000676871073 0
267 437 3.9515345095934116 0
110 446 5.2768939103266055 0
233 450 3.877903431774901 1
89 455 5.595961914206819 0
116 455 5.988660995905543 1
165 463 3.9515345095934116 1
150 464 3.3624858870453256 0
72 466 5.66959299202533 1
106 473 0.07363107781851078 1
53 476 5.743224069843841 0
225 482 3.6079228131070282 0
65 490 6.234097921967246 0
258 497 3.3870295796514958 0
213 520 3.436116964863836 0
99 535 3.509748042682347 0
210 535 3.2643111166206444 0
