296
560
500
52
103 161 2.773437264497239 1
192 177 0.5890486225480862 0
40 184 5.66959299202533 1
173 226 0.7117670855789375 0
154 230 0.7117670855789375 0
57 247 2.086213871524472 0
116 261 0.1227184630308513 0
110 279 2.086213871524472 0
250 280 1.0799224746714913 0
136 284 1.0799224746714913 0
229 287 4.049709280018092 0
107 299 1.718058482431918 1
131 304 1.4726215563702154 0
211 304 1.2026409377023426 0
143 319 1.3008157081270237 1
89 330 4.442408361716817 1
220 334 4.344233591292136 1
96 346 1.6935147898257479 1
130 348 1.227184630308513 0
115 356 1.3744467859455345 1
105 357 1.521708941582556 1
233 359 1.1780972450961724 0
53 381 4.957825906446392 1
188 381 4.295146206079795 0
81 382 1.8407769454627694 1
133 387 1.055378782065321 1
166 391 4.221515128261284 0
214 395 4.368777283898306 1
55 403 5.031456984264903 0
99 403 1.6198837120072371 0
253 404 4.270602513473625 0
157 421 4.172427743048944 0
99 423 1.7916895602504288 1
61 425 5.129631754689584 0
75 429 5.080544369477243 0
147 431 4.147884050442774 0
265 438 4.025165587411922 1
103 441 1.5707963267948966 1
236 441 4.000621894805752 0
78 446 5.350524988145116 0
202 452 3.9269908169872414 1
57 453 5.64504929941916 0
84 454 6.086835766330224 1
38 458 5.66959299202533 0
135 464 3.9269908169872414 1
120 465 3.411573272257666 0
73 473 0.07363107781851078 1
239 476 3.706097583531709 0
193 485 3.6815538909255388 0
224 501 3.436116964863836 0
180 522 3.485204350076177 0
175 538 3.3379421944391554 0
