296
560
500
36
86 55 3.1906800388021335 1
162 94 0.859029241215959 0
111 137 1.0062913968529805 0
130 139 1.0062913968529805 0
64 156 0.4663301595172349 0
52 171 2.356194490192345 0
75 185 1.3499030933393643 0
48 192 2.110757564130642 0
179 202 1.3744467859455345 1
163 212 4.417864669110647 0
14 215 2.086213871524472 1
71 224 1.6689710972195777 1
136 225 1.3499030933393643 1
23 243 1.9389517158874505 1
49 246 1.5953400194010667 0
144 251 4.565126824747668 0
29 262 1.718058482431918 1
43 281 1.4726215563702154 0
145 284 1.521708941582556 0
93 290 4.638757902566179 0
68 292 4.565126824747668 0
115 313 4.663301595172349 1
49 320 4.491495746929157 0
148 325 4.614214209960009 0
37 329 4.417864669110647 0
16 358 4.172427743048944 1
155 362 4.295146206079795 0
118 367 4.270602513473625 1
87 368 4.172427743048944 1
65 392 3.9269908169872414 0
113 395 3.9269908169872414 0
93 417 3.6815538909255388 0
41 424 3.706097583531709 0
32 439 3.5588354278946874 0
23 472 0.7363107781851077 0
78 476 1.6198837120072371 0
