296
560
500
58
73 51 5.350524988145116 1
213 55 0.3436116964863836 1
196 62 0.3190680038802134 0
172 104 6.111379458936394 0
112 109 1.7916895602504288 0
273 114 0.8099418560036186 1
198 121 0.760854470791278 0
172 123 1.7916895602504288 0
200 143 1.1290098598838318 0
180 145 1.423534171157875 0
218 155 0.9326603190344698 1
70 167 4.7860200582032 1
167 182 1.5953400194010667 1
215 186 0.9081166264282996 0
278 194 3.9760782021995817 0
177 197 1.325359400733194 0
192 201 1.2026409377023426 1
207 206 1.030835089459151 1
260 212 3.9515345095934116 0
231 216 0.760854470791278 0
177 232 1.4726215563702154 1
152 239 4.589670517353839 1
261 245 3.902447124381071 0
201 248 1.2517283229146832 0
161 258 4.6878452877785195 0
256 259 3.8533597391687304 0
206 266 1.3989904785517047 1
173 278 4.7860200582032 0
191 283 4.7860200582032 1
217 284 3.215223731408304 1
258 288 3.5588354278946874 0
129 291 4.73693267299086 0
197 293 5.031456984264903 0
240 299 3.0925052683774528 0
203 301 5.767767762450011 1
177 307 5.325981295538946 0
163 322 5.448699758569798 1
195 323 6.037748381117884 1
134 340 5.350524988145116 0
149 342 5.595961914206819 1
162 348 5.964117303299373 0
148 369 6.135923151542564 0
194 385 3.067961575771282 0
176 387 6.111379458936394 0
187 402 3.043417883165112 0
177 424 1.7671458676442586 1
256 424 2.945243112740431 1
265 443 2.945243112740431 0
183 453 5.154175447295755 0
252 456 2.7979809571034093 1
273 457 5.71868037723767 0
272 466 6.013204688511713 1
251 497 0.4172427743048944 0
244 504 0.9572040116406401 1
150 509 4.442408361716817 0
267 521 4.344233591292136 1
256 523 1.2762720155208536 0
160 529 4.246058820867455 1
