296
560
500
73
164 44 0.760854470791278 0
181 44 0.760854470791278 1
64 56 2.1353012567368124 0
122 75 0.1227184630308513 0
251 81 1.0799224746714913 0
114 93 2.110757564130642 0
141 99 1.1290098598838318 0
237 104 4.0987966652304335 0
111 113 1.7916895602504288 1
136 119 1.5462526341887264 0
217 121 1.227184630308513 0
147 139 1.3008157081270237 1
225 151 4.368777283898306 1
80 158 1.9144080232812801 1
132 164 1.2762720155208536 0
90 170 1.7671458676442586 1
117 175 1.4480778637640452 1
236 177 1.2517283229146832 0
52 196 4.9823695990525625 1
80 197 1.8653206380689396 1
189 197 4.319689898685965 0
137 200 1.1780972450961724 0
167 209 4.295146206079795 0
216 212 4.3933209765044765 1
55 215 5.056000676871073 0
97 219 1.6689710972195777 0
253 221 4.319689898685965 0
155 237 4.196971435655114 0
13 238 5.105088062083414 0
59 238 5.154175447295755 0
96 239 1.8407769454627694 1
144 247 4.196971435655114 0
75 248 5.129631754689584 1
99 259 3.6079228131070282 1
77 260 5.350524988145116 0
233 260 4.074252972624263 0
53 267 5.64504929941916 0
79 270 6.135923151542564 1
34 272 5.6941366846315 0
201 272 3.9515345095934116 1
135 277 3.9760782021995817 0
115 280 3.3870295796514958 0
16 285 5.915029918087033 0
233 294 3.730641276137879 0
71 295 0.09817477042468103 0
27 301 0.0 0
188 302 3.6815538909255388 0
222 320 3.436116964863836 0
172 339 3.509748042682347 0
49 349 3.2643111166206444 0
168 355 3.3379421944391554 0
198 386 0.859029241215959 1
83 391 3.1661363461959633 1
161 404 3.3379421944391554 1
113 406 0.14726215563702155 1
98 413 0.44178646691106466 0
179 420 2.6998061866787286 0
140 430 0.07363107781851078 1
164 434 5.816855147662351 0
131 445 3.5342917352885173 1
146 453 0.0 0
111 455 0.22089323345553233 1
138 461 3.3624858870453256 1
120 474 3.313398501832985 1
43 483 0.6381360077604268 0
174 494 2.84706834231575 1
73 497 3.436116964863836 0
137 497 0.662679700366597 0
172 507 1.9144080232812801 0
155 509 4.614214209960009 1
64 510 0.22089323345553233 0
66 522 0.44178646691106466 1
57 526 4.000621894805752 0
