296
560
500
68
158 59 2.7979809571034093 0
251 83 0.4172427743048944 0
92 86 5.6941366846315 1
231 140 0.7853981633974483 1
212 144 0.7853981633974483 1
111 146 2.1598449493429825 0
170 166 0.19634954084936207 0
162 183 2.110757564130642 0
189 190 1.1535535524900022 0
44 191 5.227806525114265 1
23 194 1.9634954084936207 0
285 199 4.0987966652304335 0
164 205 1.8407769454627694 0
183 212 1.5462526341887264 0
263 213 1.227184630308513 0
195 236 1.325359400733194 1
132 238 1.9144080232812801 0
145 246 1.7916895602504288 1
271 246 4.368777283898306 1
153 254 1.6198837120072371 1
184 255 1.325359400733194 1
283 271 1.1780972450961724 0
168 277 1.4480778637640452 0
96 283 5.031456984264903 1
125 286 1.9144080232812801 1
234 290 4.344233591292136 0
182 292 1.1780972450961724 0
212 301 4.295146206079795 0
98 304 5.080544369477243 0
260 307 4.442408361716817 1
138 309 1.8162332528565992 1
53 327 5.129631754689584 0
103 327 5.178719139901925 0
140 329 1.8407769454627694 1
200 330 4.221515128261284 0
119 337 5.154175447295755 1
188 338 4.221515128261284 0
143 348 3.6079228131070282 1
121 349 5.375068680751287 0
277 355 4.074252972624263 0
96 356 5.66959299202533 0
124 358 6.160466844148735 1
77 365 5.816855147662351 1
243 365 4.000621894805752 1
178 368 4.025165587411922 0
40 370 5.620505606812989 1
157 370 3.411573272257666 0
57 375 5.816855147662351 0
114 384 0.1227184630308513 0
68 390 0.0 0
230 394 3.706097583531709 0
39 414 0.1227184630308513 1
259 420 3.5342917352885173 1
214 431 3.509748042682347 0
210 447 3.3870295796514958 0
150 497 0.22089323345553233 1
199 497 3.3624858870453256 1
86 500 0.22089323345553233 1
106 500 0.1718058482431918 1
136 504 0.44178646691106466 0
75 512 0.4663301595172349 1
86 518 3.706097583531709 1
124 519 3.436116964863836 0
181 524 0.04908738521234052 1
102 526 3.411573272257666 1
85 535 0.3436116964863836 0
103 536 0.22089323345553233 0
82 547 3.8533597391687304 1
