296
560
500
37
207 151 0.760854470791278 0
186 155 0.6872233929727672 0
89 168 2.1598449493429825 0
147 187 0.09817477042468103 0
139 205 2.110757564130642 0
137 224 1.7671458676442586 1
237 229 1.1290098598838318 1
160 230 1.4726215563702154 0
171 244 1.2762720155208536 1
116 255 1.8407769454627694 1
121 269 1.718058482431918 0
159 274 1.2762720155208536 0
148 279 1.4726215563702154 0
133 282 1.5462526341887264 1
108 306 1.8653206380689396 1
73 307 4.9823695990525625 0
164 310 1.1290098598838318 0
218 311 4.295146206079795 0
196 321 4.270602513473625 0
126 328 1.6689710972195777 0
246 329 4.368777283898306 1
80 330 5.031456984264903 0
125 347 1.7916895602504288 1
186 351 4.172427743048944 0
86 352 5.129631754689584 0
98 358 5.154175447295755 0
176 361 4.123340357836604 0
128 369 1.5953400194010667 1
106 372 5.2768939103266055 0
81 379 5.6941366846315 0
111 380 6.135923151542564 1
228 382 3.9760782021995817 1
166 388 3.9515345095934116 0
146 392 3.436116964863836 0
100 406 0.09817477042468103 0
219 414 3.6815538909255388 0
206 451 3.485204350076177 0
