296
560
500
65
179 16 0.36815538909255385 0
206 23 3.436116964863836 1
71 36 2.724349879284899 1
179 43 3.3870295796514958 0
78 45 5.988660995905543 0
112 71 6.1850105367549055 0
99 83 2.724349879284899 0
266 99 0.9572040116406401 0
281 124 4.074252972624263 1
35 137 2.2580197197676637 0
54 137 5.546874528994478 1
16 143 5.424156065963627 1
184 147 3.6079228131070282 1
157 152 3.215223731408304 0
49 158 2.184388641949153 1
58 166 5.473243451175968 1
62 171 2.1598449493429825 0
140 176 0.2699806186678728 1
201 176 0.9326603190344698 0
30 181 5.301437602932776 0
137 184 2.675262494072558 0
284 203 4.172427743048944 0
98 207 2.061670178918302 1
221 208 4.074252972624263 1
157 233 2.6998061866787286 1
209 244 4.147884050442774 1
136 251 5.964117303299373 1
149 267 1.7426021750380885 0
33 277 1.9389517158874505 1
85 291 1.6935147898257479 0
110 291 1.6935147898257479 1
116 309 1.4726215563702154 0
66 319 1.6689710972195777 1
54 328 1.7916895602504288 1
74 355 1.3744467859455345 1
146 381 4.196971435655114 0
69 382 1.1290098598838318 0
248 382 4.221515128261284 0
59 395 1.6444274046134073 0
212 397 4.123340357836604 0
122 405 4.074252972624263 1
89 407 4.172427743048944 0
144 412 3.9760782021995817 0
61 413 1.9144080232812801 0
183 413 3.4606606574700063 1
52 420 5.301437602932776 0
105 422 3.9269908169872414 1
64 427 1.1780972450961724 0
230 427 3.8288160465625602 1
174 435 0.39269908169872414 0
132 444 3.6324665057131984 1
51 449 5.66959299202533 0
228 449 3.5833791205008576 0
104 451 3.436116964863836 1
258 462 3.3624858870453256 0
91 464 2.8716120349219203 1
179 465 3.436116964863836 1
33 468 5.497787143782138 1
124 477 3.1661363461959633 0
96 481 6.1850105367549055 1
47 486 5.841398840268521 0
218 488 3.3870295796514958 0
162 493 3.1661363461959633 1
249 516 3.117048960983623 1
200 546 2.8716120349219203 0
