296
560
500
62
134 70 0.3190680038802134 0
161 77 3.4606606574700063 1
30 92 2.675262494072558 1
135 96 3.3379421944391554 0
35 107 5.915029918087033 1
245 122 3.902447124381071 1
71 125 6.160466844148735 0
58 137 2.6998061866787286 0
221 147 0.9081166264282996 0
157 173 0.7363107781851077 1
239 175 4.049709280018092 1
166 181 3.77972866135022 1
14 192 5.522330836388308 1
144 198 3.6079228131070282 1
114 202 3.1661363461959633 0
18 220 5.448699758569798 1
162 223 0.9326603190344698 1
21 226 2.110757564130642 0
96 226 0.22089323345553233 1
96 235 2.650718801466388 0
242 252 4.147884050442774 0
183 256 4.074252972624263 0
60 259 2.061670178918302 1
116 284 2.675262494072558 1
248 284 0.9326603190344698 0
164 298 4.172427743048944 0
96 303 5.939573610693203 1
110 318 1.718058482431918 0
72 327 1.7426021750380885 0
49 343 1.6935147898257479 0
79 360 1.4480778637640452 0
135 371 1.2026409377023426 0
30 374 1.6198837120072371 1
18 385 1.7426021750380885 1
43 410 1.3499030933393643 0
210 430 4.172427743048944 0
111 433 4.172427743048944 0
266 434 3.9515345095934116 0
35 437 1.1044661672776617 0
174 446 4.123340357836604 0
25 448 1.5462526341887264 0
274 450 3.6324665057131984 1
88 459 4.074252972624263 1
56 462 4.147884050442774 0
109 464 3.9760782021995817 0
146 464 3.509748042682347 1
252 472 3.5833791205008576 1
72 476 3.902447124381071 1
194 476 3.7551849687440497 1
32 482 1.1780972450961724 0
139 487 0.36815538909255385 0
99 497 3.6079228131070282 1
192 499 3.5588354278946874 0
19 504 5.64504929941916 0
72 505 3.3870295796514958 1
223 511 3.3379421944391554 0
147 517 3.411573272257666 1
57 526 2.82252464970958 0
94 531 3.1906800388021335 0
65 536 6.160466844148735 1
186 540 3.3624858870453256 0
130 546 3.1661363461959633 1
