296
560
500
52
108 20 3.2888548092268146 0
221 37 3.8288160465625602 1
49 54 6.111379458936394 0
200 63 0.8099418560036186 0
36 67 2.650718801466388 0
220 88 3.9269908169872414 1
146 105 3.7551849687440497 1
113 116 3.411573272257666 0
95 133 3.141592653589793 0
143 153 0.7363107781851077 0
231 162 3.9760782021995817 0
169 176 3.8533597391687304 0
243 192 0.8099418560036186 0
41 193 1.9880391010997909 1
281 199 3.9515345095934116 1
101 205 2.5280003384355365 0
156 218 3.9515345095934116 0
84 233 5.841398840268521 1
107 250 1.1044661672776617 1
61 256 1.5707963267948966 0
73 268 1.4480778637640452 0
38 274 1.521708941582556 0
136 288 1.0799224746714913 0
22 304 1.4971652489763858 1
281 336 3.8533597391687304 0
42 341 1.1780972450961724 0
225 341 4.000621894805752 0
158 350 3.9515345095934116 1
117 354 4.025165587411922 0
152 357 3.730641276137879 0
187 359 3.9515345095934116 0
36 367 0.9817477042468103 0
99 379 3.902447124381071 0
269 379 3.436116964863836 0
215 381 3.6079228131070282 0
119 385 3.6815538909255388 0
64 392 4.000621894805752 0
82 402 3.706097583531709 1
212 406 3.3870295796514958 0
279 407 3.141592653589793 0
245 413 3.141592653589793 0
114 424 3.411573272257666 0
165 430 3.2643111166206444 1
87 431 3.2397674240144743 1
220 438 3.141592653589793 1
119 452 3.018874190558942 0
154 461 2.9697868053466014 1
251 466 2.8961557275280905 1
154 472 2.6998061866787286 0
267 477 2.7979809571034093 1
239 483 6.037748381117884 0
249 496 2.405281875404685 0
