296
560
500
26
53 89 0.4172427743048944 0
83 100 3.5342917352885173 1
51 116 3.436116964863836 0
134 173 0.9817477042468103 0
63 186 0.7853981633974483 0
76 201 3.8533597391687304 1
153 204 4.074252972624263 1
52 213 3.5833791205008576 0
22 222 3.3379421944391554 0
66 248 0.8835729338221293 0
151 278 4.196971435655114 0
90 279 4.0987966652304335 0
17 303 3.2643111166206444 1
154 310 1.055378782065321 0
66 320 4.221515128261284 0
12 341 1.2026409377023426 0
30 389 1.3499030933393643 0
38 458 4.147884050442774 1
105 462 4.246058820867455 0
30 463 3.9515345095934116 0
64 473 4.147884050442774 0
32 488 3.5342917352885173 1
22 502 0.5399612373357456 1
83 506 3.8288160465625602 1
80 528 3.6079228131070282 0
26 541 3.5342917352885173 1
