296
560
500
47
206 9 0.9326603190344698 1
138 14 0.19634954084936207 1
138 23 2.650718801466388 0
30 25 5.178719139901925 0
224 42 4.074252972624263 1
100 49 2.061670178918302 1
159 72 2.650718801466388 1
209 84 4.123340357836604 0
138 93 5.890486225480862 1
35 122 1.9634954084936207 1
112 122 1.6935147898257479 0
90 136 1.718058482431918 0
121 151 1.4726215563702154 0
179 159 1.227184630308513 0
70 167 1.6935147898257479 1
57 176 1.8407769454627694 1
83 202 1.423534171157875 0
259 224 4.196971435655114 0
195 227 4.049709280018092 1
155 228 4.147884050442774 0
72 229 1.227184630308513 0
188 234 3.877903431774901 0
221 240 4.0987966652304335 0
60 247 1.6689710972195777 0
127 254 4.123340357836604 1
92 256 4.196971435655114 0
191 259 3.436116964863836 1
152 260 3.9515345095934116 0
62 262 1.88986433067511 0
52 272 5.252350217720435 0
110 272 3.877903431774901 1
242 273 3.80427235395639 1
64 279 5.522330836388308 0
180 283 0.3436116964863836 0
240 295 3.5342917352885173 0
50 300 5.66959299202533 0
136 300 3.6079228131070282 0
106 301 3.3870295796514958 1
186 313 3.411573272257666 1
91 323 2.8961557275280905 0
129 327 3.1661363461959633 0
96 333 6.1850105367549055 1
83 342 2.5280003384355365 0
166 344 3.215223731408304 1
156 361 3.067961575771282 1
173 382 2.5770877236478773 0
165 395 1.9880391010997909 0
