296
560
500
56
176 39 0.19634954084936207 0
199 42 3.313398501832985 1
180 61 3.2643111166206444 1
76 66 2.6998061866787286 1
48 72 5.8659425328746915 1
84 80 5.915029918087033 1
121 98 6.135923151542564 0
269 107 0.7853981633974483 0
104 111 2.6261751088602177 0
192 163 3.485204350076177 0
45 166 2.380738182798515 0
62 168 5.473243451175968 1
30 174 5.546874528994478 0
163 175 3.141592653589793 0
52 191 2.012582793705961 0
211 191 0.8099418560036186 1
47 208 5.080544369477243 1
237 222 3.9515345095934116 0
110 232 2.086213871524472 1
169 254 2.6998061866787286 1
216 260 4.025165587411922 0
147 272 5.939573610693203 1
162 288 1.7426021750380885 0
122 297 1.7426021750380885 0
44 306 1.9880391010997909 1
97 318 1.6689710972195777 0
130 331 1.4726215563702154 0
190 339 1.2517283229146832 0
78 345 1.6689710972195777 1
65 356 1.8407769454627694 1
86 384 1.3744467859455345 1
269 400 4.147884050442774 0
162 405 4.172427743048944 0
80 409 1.1535535524900022 0
229 416 4.0987966652304335 0
68 426 1.6689710972195777 0
135 432 4.0987966652304335 1
100 434 4.196971435655114 0
200 436 3.3870295796514958 1
159 437 3.9515345095934116 0
252 438 3.706097583531709 0
70 439 1.9634954084936207 0
60 447 5.350524988145116 0
117 450 3.902447124381071 1
72 455 5.546874528994478 0
190 458 0.2699806186678728 0
245 465 3.4606606574700063 0
115 471 3.436116964863836 0
59 472 5.767767762450011 0
143 475 3.509748042682347 0
194 486 3.3379421944391554 1
38 491 5.5714182216006485 1
95 496 2.9206994201342606 0
134 500 3.117048960983623 0
108 504 6.209554229361076 1
172 513 3.117048960983623 1
