296
560
500
60
162 25 0.2699806186678728 0
184 28 3.3379421944391554 1
58 47 2.6998061866787286 1
160 53 3.313398501832985 0
64 63 5.964117303299373 1
101 85 6.234097921967246 0
86 98 2.724349879284899 0
250 98 0.8099418560036186 0
267 120 3.9760782021995817 1
24 148 2.429825568010856 0
42 151 5.5714182216006485 1
171 154 3.485204350076177 0
146 167 3.1661363461959633 0
194 185 0.8344855486097889 1
130 191 0.22089323345553233 1
127 200 2.675262494072558 0
279 200 4.025165587411922 0
217 215 4.000621894805752 0
89 223 2.110757564130642 1
151 246 2.748893571891069 1
198 256 4.074252972624263 0
128 264 5.964117303299373 1
145 283 1.227184630308513 1
101 286 1.7426021750380885 0
20 288 1.9634954084936207 1
76 298 1.6689710972195777 0
109 317 1.4480778637640452 0
169 324 1.227184630308513 0
60 325 1.5953400194010667 0
39 335 1.718058482431918 0
70 363 1.2517283229146832 0
250 379 4.0987966652304335 0
143 387 4.123340357836604 0
63 389 1.055378782065321 0
211 396 4.025165587411922 0
53 404 1.7671458676442586 0
119 411 4.000621894805752 1
85 414 4.123340357836604 0
180 415 3.436116964863836 1
141 416 3.902447124381071 0
61 417 1.2762720155208536 1
234 422 3.6079228131070282 1
48 429 4.908738521234052 0
104 429 3.8533597391687304 1
61 433 1.1290098598838318 0
179 437 0.2699806186678728 0
230 443 3.436116964863836 0
131 453 3.5588354278946874 0
265 454 3.2888548092268146 0
50 455 5.620505606812989 0
104 455 3.3624858870453256 1
182 463 3.313398501832985 1
89 476 2.82252464970958 0
126 479 3.117048960983623 0
224 482 3.2888548092268146 0
103 484 6.111379458936394 1
62 489 5.939573610693203 1
165 492 3.141592653589793 1
258 501 3.043417883165112 0
214 540 2.8961557275280905 0
