296
560
500
53
201 69 3.5588354278946874 1
173 87 3.3870295796514958 0
109 113 6.209554229361076 0
94 125 2.650718801466388 0
258 141 0.9817477042468103 0
267 178 4.074252972624263 0
172 179 3.5342917352885173 0
47 184 5.473243451175968 1
148 191 3.1906800388021335 0
35 196 5.301437602932776 1
38 206 1.9144080232812801 0
191 214 0.9081166264282996 0
51 216 5.325981295538946 1
275 243 4.172427743048944 0
76 244 5.424156065963627 0
65 246 1.9634954084936207 0
215 246 4.0987966652304335 0
76 260 1.9144080232812801 1
43 262 5.203262832508095 0
147 270 2.748893571891069 1
279 273 0.9081166264282996 0
123 287 5.767767762450011 0
196 288 4.172427743048944 0
106 303 1.7916895602504288 0
153 307 1.2517283229146832 1
142 309 1.5462526341887264 1
113 323 1.6689710972195777 0
79 333 1.6935147898257479 0
165 354 1.4480778637640452 0
184 355 1.2762720155208536 1
266 357 1.1535535524900022 0
64 365 1.6689710972195777 0
259 367 4.368777283898306 1
185 370 1.3499030933393643 1
169 384 4.589670517353839 0
69 400 1.3744467859455345 1
191 405 4.466952054322987 0
182 409 1.1535535524900022 1
220 417 1.030835089459151 0
244 425 4.172427743048944 0
162 428 4.319689898685965 1
191 430 0.7363107781851077 0
226 433 4.295146206079795 1
208 441 3.9760782021995817 0
129 456 4.0987966652304335 1
82 458 4.074252972624263 1
121 465 3.9760782021995817 1
103 469 3.877903431774901 1
164 491 1.055378782065321 0
156 492 1.3008157081270237 1
187 498 0.9572040116406401 1
118 506 3.730641276137879 0
191 511 0.9326603190344698 1
