296
560
500
55
102 78 5.988660995905543 0
124 98 2.6998061866787286 0
119 123 6.086835766330224 1
96 130 2.2580197197676637 0
149 146 2.84706834231575 0
87 158 2.061670178918302 0
261 180 4.221515128261284 0
267 181 1.1044661672776617 1
225 182 4.147884050442774 1
190 190 3.77972866135022 1
147 204 1.7671458676442586 1
97 206 1.718058482431918 1
151 212 1.227184630308513 0
160 228 1.1780972450961724 0
146 231 1.3008157081270237 1
249 265 1.1535535524900022 0
69 267 1.5462526341887264 0
230 270 4.368777283898306 0
103 288 1.423534171157875 0
119 295 1.2762720155208536 1
38 300 1.8407769454627694 0
198 304 4.344233591292136 0
152 307 1.0799224746714913 0
74 321 1.6198837120072371 0
176 324 4.221515128261284 0
261 335 4.246058820867455 0
282 342 4.319689898685965 0
178 364 4.196971435655114 1
240 367 4.074252972624263 0
125 378 4.368777283898306 0
169 386 0.9081166264282996 0
78 392 1.3499030933393643 0
115 393 0.9817477042468103 0
274 398 3.8288160465625602 1
254 401 3.80427235395639 0
193 415 4.000621894805752 0
77 423 1.3008157081270237 0
137 424 4.074252972624263 0
187 427 0.4663301595172349 0
169 430 3.9760782021995817 0
121 431 4.0987966652304335 0
231 431 3.6815538909255388 0
255 431 3.411573272257666 0
101 438 3.9760782021995817 0
66 445 5.6941366846315 0
89 445 3.215223731408304 1
226 446 3.5342917352885173 0
180 455 3.5588354278946874 0
206 458 3.509748042682347 0
69 471 6.135923151542564 1
120 472 3.3379421944391554 1
217 483 3.117048960983623 1
163 489 3.3379421944391554 1
262 500 3.018874190558942 1
139 514 3.0925052683774528 0
