296
560
500
60
54 110 6.062292073724054 1
204 114 0.8099418560036186 0
218 126 3.9515345095934116 1
78 138 2.724349879284899 0
71 168 6.037748381117884 0
49 170 2.282563412373834 0
101 190 2.82252464970958 1
40 199 2.0371264863121317 0
178 218 4.0987966652304335 1
214 218 4.196971435655114 0
221 220 1.1290098598838318 1
142 225 3.706097583531709 1
100 243 1.6935147898257479 1
52 245 1.6935147898257479 1
104 250 1.1535535524900022 0
114 265 1.0799224746714913 0
100 268 1.2026409377023426 1
262 273 4.221515128261284 0
210 298 1.1780972450961724 1
187 304 4.319689898685965 0
246 308 4.295146206079795 0
25 311 1.4971652489763858 0
66 331 1.3744467859455345 1
240 334 4.246058820867455 0
80 337 1.227184630308513 1
158 340 4.295146206079795 0
116 343 1.0062913968529805 1
133 362 4.123340357836604 1
32 364 1.5707963267948966 0
221 370 4.196971435655114 0
241 374 4.246058820867455 0
140 399 4.172427743048944 1
202 402 4.049709280018092 0
267 413 3.9269908169872414 0
89 416 4.295146206079795 0
132 422 0.859029241215959 0
39 431 1.2762720155208536 0
237 432 3.80427235395639 1
80 433 0.9326603190344698 0
217 435 3.80427235395639 0
261 443 3.5588354278946874 0
157 450 3.9515345095934116 0
23 451 1.6444274046134073 1
40 462 1.3008157081270237 0
102 462 4.049709280018092 0
155 464 0.4172427743048944 0
219 465 3.3870295796514958 0
196 466 3.6324665057131984 0
135 467 3.9515345095934116 0
87 470 4.025165587411922 0
192 481 3.509748042682347 0
55 485 3.1661363461959633 1
67 485 3.6324665057131984 1
30 487 5.66959299202533 0
146 492 3.5342917352885173 0
172 494 3.485204350076177 0
88 511 3.2888548092268146 1
184 518 3.0925052683774528 1
130 526 3.313398501832985 1
229 535 3.018874190558942 1
