296
560
500
59
79 123 6.013204688511713 0
106 142 2.748893571891069 0
99 171 6.062292073724054 0
75 175 2.2580197197676637 0
130 193 2.84706834231575 1
67 202 2.0371264863121317 0
205 221 4.123340357836604 1
234 223 4.295146206079795 1
247 224 1.1044661672776617 1
172 230 3.7551849687440497 1
80 245 1.7426021750380885 1
128 246 1.6935147898257479 1
133 252 0.7853981633974483 0
128 268 1.227184630308513 1
140 271 1.1290098598838318 1
287 275 4.270602513473625 0
235 302 1.1780972450961724 1
209 309 4.368777283898306 1
50 312 1.521708941582556 0
271 312 4.319689898685965 0
91 331 1.423534171157875 1
104 337 1.227184630308513 1
279 338 1.0799224746714913 0
266 340 4.246058820867455 0
140 342 1.055378782065321 1
17 343 1.8407769454627694 0
179 345 4.368777283898306 1
51 364 1.5953400194010667 1
158 365 4.196971435655114 1
245 374 4.221515128261284 0
265 378 4.270602513473625 0
164 402 4.172427743048944 1
226 406 4.074252972624263 0
110 415 4.319689898685965 0
155 423 0.8835729338221293 0
61 432 1.3008157081270237 0
101 432 0.9572040116406401 0
259 435 3.8288160465625602 1
239 438 3.80427235395639 0
179 451 3.9760782021995817 0
123 462 4.049709280018092 0
61 464 1.3008157081270237 0
178 466 0.4172427743048944 0
157 468 3.9515345095934116 0
218 468 3.6815538909255388 0
241 468 3.411573272257666 0
108 470 4.025165587411922 0
213 476 3.4606606574700063 1
75 484 3.141592653589793 1
87 485 3.6570101983193686 1
51 486 5.66959299202533 0
168 493 3.5588354278946874 0
195 496 3.509748042682347 0
107 510 3.2888548092268146 1
56 511 6.086835766330224 1
204 520 3.117048960983623 1
151 526 3.313398501832985 1
250 537 3.043417883165112 1
125 551 2.8961557275280905 0
