296
560
500
58
81 16 0.19634954084936207 0
94 48 3.2397674240144743 0
241 49 4.3933209765044765 1
54 63 2.724349879284899 0
83 71 0.2945243112740431 0
35 84 2.478912953223196 0
94 103 3.215223731408304 1
30 134 2.2089323345553233 0
71 153 2.012582793705961 1
121 153 4.123340357836604 1
157 159 4.540583132141498 1
76 160 1.6689710972195777 0
189 170 4.6878452877785195 0
196 176 1.5707963267948966 1
78 180 1.5707963267948966 0
8 223 1.7671458676442586 1
50 224 1.5707963267948966 0
208 231 4.73693267299086 0
126 241 4.8351074434155406 0
147 246 1.6198837120072371 0
35 250 1.521708941582556 0
82 256 4.81056375080937 0
178 259 4.8351074434155406 0
256 265 4.76147636559703 0
51 266 4.663301595172349 0
161 284 4.76147636559703 0
174 299 1.6689710972195777 0
34 306 4.638757902566179 1
126 311 4.6878452877785195 0
172 319 4.81056375080937 0
15 321 1.3008157081270237 0
149 327 4.663301595172349 1
93 334 4.491495746929157 0
239 341 1.2517283229146832 0
249 358 4.417864669110647 0
28 360 4.344233591292136 0
15 368 0.7853981633974483 0
93 371 4.172427743048944 0
108 380 4.000621894805752 0
58 389 4.049709280018092 0
78 397 3.8288160465625602 0
48 401 3.877903431774901 0
24 404 3.8288160465625602 0
235 404 4.196971435655114 1
187 412 5.154175447295755 1
24 431 3.5833791205008576 1
212 440 1.5707963267948966 0
256 446 4.442408361716817 0
135 447 5.080544369477243 0
176 464 1.718058482431918 1
237 464 4.368777283898306 0
60 470 3.4606606574700063 0
259 471 4.516039439535327 1
120 473 5.252350217720435 1
183 475 1.3008157081270237 0
83 479 3.043417883165112 1
20 482 0.39269908169872414 1
253 492 4.6878452877785195 1
