296
560
500
60
262 22 4.270602513473625 0
270 24 1.0799224746714913 1
224 27 4.0987966652304335 1
185 31 3.6324665057131984 1
146 53 1.718058482431918 1
99 56 1.7426021750380885 0
146 76 1.3008157081270237 1
164 81 1.1780972450961724 0
256 110 1.1535535524900022 1
227 115 4.3933209765044765 1
64 125 1.5707963267948966 0
122 140 1.2762720155208536 0
106 145 1.3989904785517047 1
288 145 4.246058820867455 0
196 151 4.344233591292136 1
35 157 1.8407769454627694 1
154 157 1.0799224746714913 0
176 169 4.246058820867455 0
69 175 1.6198837120072371 0
262 181 4.270602513473625 0
285 189 4.295146206079795 0
13 194 1.8162332528565992 0
180 213 4.196971435655114 1
242 215 4.0987966652304335 0
124 227 4.344233591292136 0
169 233 0.8835729338221293 0
74 245 1.3008157081270237 0
116 246 0.9572040116406401 0
277 246 3.8288160465625602 1
257 249 3.80427235395639 0
195 264 4.000621894805752 0
136 274 4.0987966652304335 0
74 277 1.2517283229146832 0
234 279 3.6570101983193686 0
170 280 3.9760782021995817 0
257 280 3.4606606574700063 0
198 281 0.36815538909255385 0
122 283 4.025165587411922 0
100 290 3.902447124381071 0
231 294 3.485204350076177 0
88 298 3.1661363461959633 1
62 299 5.6941366846315 0
183 305 3.509748042682347 0
212 308 3.485204350076177 0
67 323 6.135923151542564 1
118 331 3.3624858870453256 0
221 332 3.117048960983623 1
166 339 3.2888548092268146 1
265 347 2.9697868053466014 1
54 350 2.6016314162540475 0
272 357 5.64504929941916 0
142 364 3.067961575771282 0
61 373 2.478912953223196 1
264 398 2.650718801466388 0
83 404 2.724349879284899 0
244 409 2.84706834231575 1
161 423 2.650718801466388 0
165 434 2.0371264863121317 1
193 435 2.110757564130642 1
117 437 2.356194490192345 1
