296
560
500
47
236 157 4.196971435655114 0
78 171 6.037748381117884 0
103 193 2.84706834231575 0
96 223 6.135923151542564 0
68 224 2.356194490192345 0
122 243 2.8961557275280905 0
59 250 2.1353012567368124 0
237 280 4.246058820867455 0
199 283 4.196971435655114 1
244 284 1.1535535524900022 1
159 286 3.730641276137879 1
70 301 1.7916895602504288 0
115 305 1.7671458676442586 1
124 310 1.3989904785517047 0
114 330 1.2517283229146832 1
131 330 1.1780972450961724 0
280 331 4.295146206079795 0
33 364 1.6198837120072371 0
222 364 1.2026409377023426 0
262 368 4.368777283898306 0
202 369 4.3933209765044765 0
73 390 1.423534171157875 1
87 394 1.3008157081270237 1
256 402 4.319689898685965 0
163 403 4.368777283898306 1
122 409 1.1290098598838318 0
35 417 1.6198837120072371 0
144 422 4.221515128261284 0
232 436 4.246058820867455 0
248 448 4.3933209765044765 1
146 464 4.221515128261284 1
209 469 4.123340357836604 0
90 474 4.368777283898306 0
274 483 4.049709280018092 0
135 485 0.9081166264282996 0
39 486 1.325359400733194 0
80 490 1.0062913968529805 0
243 501 3.8533597391687304 1
223 503 3.8288160465625602 0
268 513 3.6079228131070282 0
160 516 4.025165587411922 0
101 523 4.147884050442774 0
85 530 4.0987966652304335 0
135 531 4.000621894805752 0
159 531 0.44178646691106466 0
201 534 3.6815538909255388 0
64 543 3.9269908169872414 1
