296
560
500
65
84 54 5.988660995905543 0
111 74 2.748893571891069 0
110 103 6.135923151542564 0
82 106 2.3316507975861747 0
138 128 2.7979809571034093 1
74 133 2.110757564130642 0
261 154 1.1044661672776617 1
248 155 4.246058820867455 1
216 159 4.147884050442774 1
178 164 3.6815538909255388 1
281 164 4.442408361716817 0
87 177 1.8407769454627694 1
138 185 1.8407769454627694 1
146 192 0.9572040116406401 0
136 201 1.3989904785517047 1
150 228 1.1535535524900022 0
238 237 1.1780972450961724 0
49 240 1.6935147898257479 0
214 245 4.442408361716817 1
141 257 1.1290098598838318 0
90 261 1.5462526341887264 1
163 264 4.295146206079795 1
103 266 1.3499030933393643 1
11 273 2.012582793705961 0
272 273 4.319689898685965 0
191 280 4.319689898685965 1
137 283 1.1290098598838318 0
48 292 1.718058482431918 0
155 297 4.295146206079795 1
241 310 4.295146206079795 1
268 317 4.368777283898306 0
138 329 0.9081166264282996 1
223 340 4.0987966652304335 0
148 342 4.0987966652304335 1
156 342 4.270602513473625 0
100 345 4.417864669110647 0
147 355 0.9326603190344698 0
47 360 1.3744467859455345 0
89 360 0.9572040116406401 0
235 374 3.877903431774901 0
255 374 3.9269908169872414 1
170 384 4.000621894805752 0
110 390 4.0987966652304335 0
45 393 1.2026409377023426 0
94 397 4.025165587411922 0
144 398 4.000621894805752 0
175 402 0.36815538909255385 0
208 402 3.730641276137879 0
72 404 3.877903431774901 0
230 404 3.5342917352885173 0
201 409 3.485204350076177 1
56 411 3.067961575771282 1
35 413 5.6941366846315 0
152 422 3.5833791205008576 0
182 427 3.5588354278946874 0
89 437 3.2888548092268146 1
40 439 6.062292073724054 1
190 453 3.215223731408304 1
133 456 3.411573272257666 1
108 480 3.0925052683774528 0
235 483 3.215223731408304 0
131 531 2.724349879284899 1
135 542 2.1353012567368124 0
154 547 2.086213871524472 0
176 551 6.209554229361076 1
