296
560
500
50
96 126 6.135923151542564 0
124 147 2.9697868053466014 0
57 149 2.2089323345553233 1
235 183 4.270602513473625 0
241 184 1.1780972450961724 1
199 186 4.172427743048944 1
161 193 3.77972866135022 1
67 199 1.8407769454627694 1
118 209 1.8162332528565992 1
125 216 0.9817477042468103 0
116 235 1.3008157081270237 1
133 236 1.1780972450961724 0
220 265 1.227184630308513 0
202 271 4.3933209765044765 0
258 272 4.417864669110647 0
130 276 4.344233591292136 1
120 278 1.1044661672776617 0
66 283 1.4726215563702154 0
84 293 1.3008157081270237 1
167 301 4.344233591292136 0
251 304 4.368777283898306 0
119 305 1.1290098598838318 0
265 305 1.3008157081270237 0
269 317 4.417864669110647 0
35 321 1.6689710972195777 1
142 321 4.246058820867455 0
228 337 4.295146206079795 0
248 345 4.368777283898306 0
277 345 4.614214209960009 0
142 360 4.221515128261284 1
205 368 4.147884050442774 0
84 372 4.417864669110647 0
129 379 0.9326603190344698 0
73 386 1.030835089459151 0
273 387 4.319689898685965 0
268 396 4.049709280018092 1
237 401 3.902447124381071 1
219 403 3.8533597391687304 0
155 412 4.049709280018092 0
98 422 4.074252972624263 0
150 425 0.4908738521234052 0
129 426 4.000621894805752 0
80 428 4.025165587411922 0
187 439 3.5588354278946874 1
168 449 3.6324665057131984 1
140 452 3.5833791205008576 0
118 485 3.436116964863836 1
166 508 2.6261751088602177 1
150 509 2.5280003384355365 1
133 511 2.8961557275280905 1
