296
560
500
51
182 67 3.5833791205008576 0
118 115 0.3436116964863836 0
46 120 2.7979809571034093 0
85 165 2.454369260617026 0
154 173 1.030835089459151 0
140 178 3.5342917352885173 0
55 190 2.184388641949153 1
191 194 4.172427743048944 1
76 206 1.9634954084936207 0
117 226 1.3008157081270237 0
162 230 1.4480778637640452 1
183 237 1.4480778637640452 1
105 238 1.423534171157875 0
36 244 1.8162332528565992 0
77 255 1.5462526341887264 0
95 257 1.3499030933393643 1
33 259 4.9823695990525625 1
43 260 1.9144080232812801 0
65 260 1.7426021750380885 0
135 284 4.540583132141498 1
197 284 1.5707963267948966 0
146 288 4.8351074434155406 1
78 303 1.0799224746714913 1
71 321 1.2517283229146832 0
111 328 3.877903431774901 1
167 333 2.086213871524472 0
87 339 4.147884050442774 1
69 340 5.64504929941916 0
130 345 2.6998061866787286 0
112 348 3.018874190558942 0
44 354 5.006913291658733 0
61 356 5.743224069843841 0
233 359 4.884194828627882 0
44 379 5.6941366846315 0
33 397 5.620505606812989 0
211 409 5.350524988145116 0
44 425 6.062292073724054 0
169 434 5.620505606812989 0
216 445 5.66959299202533 0
238 457 5.915029918087033 0
189 475 6.111379458936394 0
228 477 5.915029918087033 0
94 479 5.964117303299373 1
226 486 3.043417883165112 1
232 504 2.748893571891069 0
172 506 2.82252464970958 1
195 508 5.988660995905543 0
119 510 2.945243112740431 0
120 523 5.964117303299373 1
149 527 2.282563412373834 0
107 544 6.209554229361076 1
