296
560
500
50
183 96 3.5833791205008576 0
239 131 1.0062913968529805 0
116 143 0.2945243112740431 0
45 146 2.6016314162540475 0
84 194 2.478912953223196 0
151 199 0.9817477042468103 0
138 204 3.4606606574700063 0
50 214 2.2334760271614935 0
189 219 4.123340357836604 1
76 233 1.9634954084936207 0
112 241 1.7916895602504288 1
161 252 1.423534171157875 1
181 260 1.3744467859455345 1
104 265 1.3499030933393643 0
95 282 1.325359400733194 1
77 283 1.521708941582556 0
43 288 1.88986433067511 0
65 288 1.718058482431918 0
136 307 4.516039439535327 1
197 308 1.521708941582556 0
272 309 4.491495746929157 0
79 329 1.055378782065321 1
125 331 4.319689898685965 1
131 336 4.81056375080937 0
74 346 1.3008157081270237 0
169 357 2.061670178918302 0
111 360 3.877903431774901 0
90 364 4.074252972624263 1
71 367 5.64504929941916 0
133 369 2.675262494072558 0
114 373 3.018874190558942 0
269 373 1.8162332528565992 0
46 380 5.031456984264903 0
64 382 5.71868037723767 0
235 384 4.859651136021712 0
47 406 5.64504929941916 0
36 423 5.620505606812989 0
262 424 5.227806525114265 0
213 433 5.375068680751287 0
48 451 6.037748381117884 0
173 457 5.595961914206819 0
244 464 6.111379458936394 0
220 469 5.767767762450011 0
194 498 6.135923151542564 0
251 498 2.8716120349219203 1
233 500 6.111379458936394 0
98 504 5.915029918087033 1
237 528 2.82252464970958 0
203 530 6.013204688511713 0
124 534 2.9206994201342606 0
