296
560
500
38
185 81 3.8533597391687304 0
105 107 0.5890486225480862 0
61 147 2.7979809571034093 0
23 162 2.429825568010856 1
125 172 1.2517283229146832 0
111 174 3.7551849687440497 0
39 184 2.2089323345553233 0
72 202 2.061670178918302 1
156 203 4.442408361716817 1
59 224 1.6935147898257479 0
120 230 1.7916895602504288 1
28 231 1.8653206380689396 0
13 233 2.086213871524472 0
46 236 1.6689710972195777 1
137 245 1.7426021750380885 1
76 274 4.8351074434155406 1
16 275 1.4726215563702154 1
86 281 5.129631754689584 1
138 292 1.8407769454627694 0
210 312 4.8351074434155406 0
37 317 4.123340357836604 0
35 332 3.411573272257666 0
53 332 2.8961557275280905 0
92 334 2.405281875404685 0
151 376 5.154175447295755 0
115 419 5.64504929941916 0
66 429 5.939573610693203 0
107 454 6.062292073724054 0
129 456 6.086835766330224 0
129 469 0.1227184630308513 0
51 482 6.209554229361076 1
111 482 3.067961575771282 0
134 490 3.0925052683774528 1
76 494 6.258641614573416 1
83 503 3.043417883165112 0
24 505 0.07363107781851078 1
72 507 6.160466844148735 0
119 509 3.067961575771282 1
