296
560
500
45
131 41 6.1850105367549055 0
67 68 2.356194490192345 0
225 86 3.7551849687440497 1
181 87 0.6135923151542565 1
175 95 3.2643111166206444 0
120 100 2.1598449493429825 0
93 131 1.8407769454627694 0
214 133 1.055378782065321 1
238 133 1.0799224746714913 1
163 138 1.6444274046134073 1
124 143 1.5953400194010667 0
167 163 0.9326603190344698 1
268 171 1.1535535524900022 0
160 182 0.9326603190344698 1
143 190 1.1290098598838318 0
209 192 4.123340357836604 1
223 192 4.344233591292136 1
132 196 1.3008157081270237 0
112 205 1.4971652489763858 0
258 231 1.6689710972195777 0
163 232 0.7117670855789375 1
204 249 3.411573272257666 0
163 253 1.0062913968529805 0
228 254 2.380738182798515 0
184 261 3.5342917352885173 1
212 263 2.748893571891069 0
164 290 5.301437602932776 0
147 292 4.73693267299086 0
251 311 2.061670178918302 0
156 316 5.325981295538946 0
272 325 5.203262832508095 0
244 328 5.154175447295755 1
150 336 5.325981295538946 0
209 354 2.724349879284899 1
160 355 2.061670178918302 1
171 357 5.792311455056181 0
134 358 5.031456984264903 0
155 376 5.350524988145116 1
235 386 5.620505606812989 0
206 405 2.650718801466388 1
266 408 2.675262494072558 1
267 429 5.620505606812989 1
159 438 5.178719139901925 0
246 442 2.2580197197676637 1
161 458 4.859651136021712 1
