296
560
500
52
98 30 2.5034566458293663 0
162 40 0.9572040116406401 1
152 44 3.5342917352885173 0
62 51 2.2089323345553233 0
203 53 4.074252972624263 1
88 76 1.9144080232812801 0
127 82 1.1780972450961724 1
178 98 1.423534171157875 1
199 103 1.3744467859455345 1
118 109 1.3008157081270237 0
47 113 1.7916895602504288 0
110 124 1.3008157081270237 1
91 127 1.4480778637640452 0
46 129 4.908738521234052 1
56 129 1.8162332528565992 0
79 131 1.6935147898257479 0
152 149 4.466952054322987 1
215 149 1.4971652489763858 0
164 154 4.76147636559703 1
96 175 0.9817477042468103 1
142 175 4.319689898685965 1
148 180 4.81056375080937 0
90 192 1.4726215563702154 0
186 202 2.0371264863121317 0
129 203 3.80427235395639 0
150 214 2.6998061866787286 0
133 217 2.9943304979527716 0
254 221 4.8351074434155406 0
61 225 5.006913291658733 0
79 228 5.595961914206819 0
61 250 5.6941366846315 0
41 264 5.64504929941916 1
232 275 5.350524988145116 0
276 292 2.429825568010856 0
105 295 5.964117303299373 0
40 298 5.816855147662351 1
100 304 3.117048960983623 1
196 307 5.5714182216006485 1
222 322 5.66959299202533 0
116 339 5.988660995905543 0
262 346 2.6261751088602177 1
84 348 2.9206994201342606 1
269 348 2.0371264863121317 0
228 352 5.792311455056181 0
199 354 5.816855147662351 1
231 362 2.748893571891069 0
113 370 6.234097921967246 0
137 375 2.82252464970958 0
129 384 5.816855147662351 0
254 471 4.638757902566179 0
252 507 4.76147636559703 1
234 509 4.71238898038469 1
