296
560
500
33
175 184 3.5588354278946874 0
112 235 0.2699806186678728 0
36 242 2.675262494072558 0
79 287 2.478912953223196 0
149 292 0.9572040116406401 0
135 297 3.4606606574700063 0
188 311 4.123340357836604 1
45 315 2.184388641949153 1
69 330 1.9389517158874505 0
107 335 1.7916895602504288 1
158 347 1.3989904785517047 1
181 355 1.3989904785517047 1
99 361 1.3499030933393643 0
71 377 1.4971652489763858 0
90 378 1.3008157081270237 1
36 384 1.8653206380689396 0
64 384 1.718058482431918 1
132 402 4.466952054322987 1
196 403 1.521708941582556 0
144 406 4.76147636559703 1
116 414 4.319689898685965 0
74 426 1.0062913968529805 1
68 444 1.423534171157875 0
110 447 3.7551849687440497 1
166 453 2.0371264863121317 0
129 464 2.650718801466388 0
111 468 2.9697868053466014 0
236 476 4.859651136021712 0
58 481 5.5714182216006485 0
43 483 5.056000676871073 1
40 504 5.66959299202533 0
213 527 5.375068680751287 0
37 540 6.160466844148735 1
