296
560
500
49
178 132 0.2945243112740431 0
106 140 2.6998061866787286 0
54 160 5.6941366846315 0
147 184 2.454369260617026 0
215 191 1.0062913968529805 0
202 196 3.509748042682347 0
251 209 4.147884050442774 1
116 210 2.184388641949153 1
137 228 1.9389517158874505 0
179 243 1.3008157081270237 0
223 246 1.423534171157875 1
244 255 1.423534171157875 1
166 258 1.3989904785517047 0
97 265 1.8653206380689396 0
139 275 1.5707963267948966 0
157 276 1.3499030933393643 1
126 280 1.718058482431918 0
93 281 4.9823695990525625 1
104 281 1.9389517158874505 0
258 302 1.5462526341887264 0
196 304 4.565126824747668 1
208 306 4.7860200582032 1
140 322 1.1044661672776617 1
186 327 4.344233591292136 1
192 329 4.81056375080937 0
132 340 1.4726215563702154 0
173 348 3.902447124381071 1
227 354 2.061670178918302 0
191 365 2.6998061866787286 0
173 368 3.043417883165112 0
102 375 5.080544369477243 0
122 376 5.620505606812989 0
34 399 5.227806525114265 0
103 399 5.6941366846315 0
58 401 5.301437602932776 1
91 416 5.66959299202533 0
270 431 5.448699758569798 0
99 438 6.086835766330224 1
144 445 6.013204688511713 0
231 453 5.595961914206819 0
138 454 3.018874190558942 1
273 468 5.5714182216006485 0
66 477 5.939573610693203 0
149 499 5.988660995905543 1
235 507 5.988660995905543 1
149 526 6.1850105367549055 0
225 528 2.84706834231575 1
173 530 2.9943304979527716 0
180 542 6.013204688511713 1
