296
560
500
56
92 131 6.086835766330224 0
133 131 0.3436116964863836 0
106 185 2.552544031041707 1
168 189 1.0062913968529805 0
155 195 3.5342917352885173 0
67 206 2.184388641949153 1
205 209 4.147884050442774 1
89 223 1.9634954084936207 0
130 240 1.3008157081270237 0
176 245 1.4726215563702154 1
196 252 1.423534171157875 1
117 258 1.3499030933393643 0
49 259 1.9389517158874505 0
90 273 1.5707963267948966 0
108 273 1.3499030933393643 1
56 274 1.9389517158874505 0
77 276 1.7426021750380885 0
43 279 5.031456984264903 1
147 300 4.565126824747668 1
210 301 1.5707963267948966 0
158 304 4.859651136021712 1
132 310 4.368777283898306 0
90 317 1.227184630308513 1
142 326 4.859651136021712 0
132 327 4.516039439535327 1
83 331 1.4726215563702154 0
118 350 4.295146206079795 0
129 350 5.375068680751287 0
79 351 1.5953400194010667 0
178 351 2.086213871524472 0
126 358 3.2888548092268146 1
141 362 2.6016314162540475 0
105 367 5.080544369477243 1
80 370 1.9144080232812801 1
68 379 5.252350217720435 1
37 380 4.8351074434155406 0
106 381 6.111379458936394 1
83 384 1.8407769454627694 1
69 389 1.9880391010997909 0
105 399 5.154175447295755 0
47 400 4.9823695990525625 0
77 403 1.8407769454627694 0
82 412 1.6444274046134073 1
57 418 5.080544369477243 0
126 420 5.546874528994478 1
219 430 5.375068680751287 0
119 438 5.154175447295755 0
131 442 5.767767762450011 0
117 450 5.325981295538946 0
177 453 5.64504929941916 0
82 467 4.638757902566179 1
101 485 6.086835766330224 0
199 485 2.6261751088602177 1
87 486 4.516039439535327 0
113 503 6.234097921967246 0
106 510 0.2699806186678728 1
