296
560
500
67
134 70 3.313398501832985 1
80 74 3.067961575771282 1
88 88 6.234097921967246 1
96 104 2.82252464970958 1
56 138 5.743224069843841 0
178 145 3.706097583531709 0
137 147 3.2397674240144743 1
192 163 0.7117670855789375 1
48 172 2.282563412373834 0
84 172 2.356194490192345 0
109 177 0.04908738521234052 0
70 188 5.5714182216006485 1
237 190 3.9269908169872414 0
166 194 3.5342917352885173 1
242 206 0.9817477042468103 1
117 216 2.724349879284899 0
186 230 3.730641276137879 0
19 237 5.448699758569798 1
112 238 6.234097921967246 1
252 249 4.147884050442774 1
136 252 2.945243112740431 1
220 252 1.1290098598838318 1
80 256 2.2089323345553233 0
98 275 5.767767762450011 1
57 282 5.350524988145116 1
199 286 1.2517283229146832 0
96 297 5.64504929941916 1
176 298 1.3499030933393643 0
82 319 1.9389517158874505 1
267 330 1.1044661672776617 0
156 333 1.5707963267948966 0
25 352 1.88986433067511 0
182 356 1.5707963267948966 0
59 359 5.031456984264903 1
122 366 1.8407769454627694 1
133 371 1.7671458676442586 1
41 373 1.718058482431918 0
259 378 1.2762720155208536 0
197 379 1.5462526341887264 1
229 397 1.3744467859455345 0
83 412 4.933282213840222 1
172 420 1.6935147898257479 1
129 438 1.88986433067511 1
83 439 5.080544369477243 0
55 441 4.859651136021712 1
223 443 1.5953400194010667 0
246 448 4.540583132141498 0
17 455 1.0799224746714913 1
38 455 4.589670517353839 0
58 456 5.129631754689584 0
102 464 2.2334760271614935 0
47 469 5.105088062083414 0
28 470 4.246058820867455 0
161 473 1.8653206380689396 1
116 479 2.184388641949153 0
191 482 4.859651136021712 1
28 483 4.957825906446392 0
46 484 5.105088062083414 0
40 499 5.325981295538946 0
137 502 5.031456984264903 1
110 505 2.2089323345553233 1
48 509 3.0925052683774528 0
83 513 5.375068680751287 0
27 526 3.4606606574700063 1
151 531 5.105088062083414 0
89 543 5.350524988145116 1
47 546 5.522330836388308 1
