296
560
500
72
135 81 3.1906800388021335 1
83 92 2.82252464970958 1
92 104 6.111379458936394 1
58 113 5.64504929941916 0
101 118 2.675262494072558 1
189 144 3.5588354278946874 1
66 155 5.6941366846315 0
147 155 3.0925052683774528 1
204 165 0.6135923151542565 1
255 186 3.8533597391687304 1
96 188 2.2334760271614935 0
123 188 6.209554229361076 0
63 191 2.184388641949153 0
20 198 2.1353012567368124 1
182 199 3.411573272257666 1
85 203 5.497787143782138 1
259 204 0.8835729338221293 1
134 226 2.552544031041707 0
205 232 3.6324665057131984 0
13 240 5.301437602932776 1
274 246 4.049709280018092 1
132 249 6.111379458936394 1
242 252 0.9817477042468103 1
157 260 2.7979809571034093 1
44 261 5.301437602932776 0
103 270 2.086213871524472 0
123 286 5.6941366846315 1
225 286 1.1535535524900022 0
30 293 1.9634954084936207 0
83 300 5.203262832508095 1
199 302 1.227184630308513 1
123 309 5.546874528994478 1
147 319 1.8407769454627694 1
153 321 1.423534171157875 0
113 333 1.8162332528565992 1
182 337 1.3744467859455345 1
34 353 1.9144080232812801 0
215 356 1.3989904785517047 0
60 373 1.718058482431918 0
95 374 4.933282213840222 1
158 374 1.6935147898257479 1
168 376 1.5707963267948966 1
233 379 1.3744467859455345 1
266 390 1.2762720155208536 0
79 392 1.5953400194010667 0
9 409 2.012582793705961 0
214 422 1.5462526341887264 1
126 424 4.81056375080937 1
266 440 1.4480778637640452 0
174 446 1.718058482431918 1
124 450 4.957825906446392 1
19 454 1.7916895602504288 1
102 458 4.71238898038469 1
36 469 1.325359400733194 0
88 474 4.442408361716817 0
151 474 2.110757564130642 0
66 475 0.9572040116406401 1
210 475 1.718058482431918 1
237 480 4.71238898038469 0
98 486 4.957825906446392 0
167 486 2.0371264863121317 0
78 488 4.147884050442774 0
93 500 5.031456984264903 1
80 501 4.319689898685965 0
191 507 4.908738521234052 1
164 515 2.086213871524472 1
94 516 5.301437602932776 0
138 525 5.252350217720435 0
102 527 3.067961575771282 0
45 534 4.000621894805752 0
207 537 5.006913291658733 0
82 550 3.2888548092268146 0
