296
560
500
70
186 93 3.215223731408304 1
122 100 6.086835766330224 1
135 101 2.945243112740431 1
147 107 6.1850105367549055 0
153 127 2.748893571891069 1
239 159 3.6324665057131984 1
113 163 5.71868037723767 0
196 167 3.1906800388021335 1
24 171 5.301437602932776 0
252 183 0.7363107781851077 1
17 194 5.301437602932776 0
142 194 2.3071071049800045 0
173 195 0.14726215563702155 0
30 196 5.473243451175968 1
108 196 2.2580197197676637 0
64 204 2.2334760271614935 1
131 208 5.5714182216006485 1
224 213 3.509748042682347 1
175 232 2.650718801466388 1
60 244 5.325981295538946 0
244 248 3.706097583531709 0
170 260 6.209554229361076 1
84 264 5.375068680751287 0
29 270 2.184388641949153 0
280 272 1.055378782065321 1
194 274 2.9206994201342606 1
140 279 2.1598449493429825 0
17 288 5.325981295538946 1
44 291 2.282563412373834 0
67 295 2.012582793705961 0
159 297 5.743224069843841 1
260 304 1.2026409377023426 0
119 305 5.2768939103266055 1
233 318 1.2517283229146832 1
157 320 5.595961914206819 1
146 342 1.8407769454627694 1
215 352 1.4480778637640452 1
66 357 1.9634954084936207 0
247 373 1.4726215563702154 0
91 377 1.7916895602504288 0
126 383 4.957825906446392 1
189 388 1.7671458676442586 1
200 392 1.6689710972195777 1
263 396 1.423534171157875 1
109 398 1.6444274046134073 0
172 407 4.908738521234052 1
37 413 1.9389517158874505 0
154 435 4.859651136021712 1
243 438 1.5953400194010667 1
44 457 1.8162332528565992 1
202 459 1.7916895602504288 1
151 461 5.006913291658733 1
128 466 4.81056375080937 1
60 470 1.4971652489763858 0
132 480 5.080544369477243 0
113 481 4.491495746929157 0
91 482 0.9572040116406401 1
177 486 2.184388641949153 0
237 491 1.7916895602504288 1
123 494 4.9823695990525625 0
103 496 4.196971435655114 0
263 496 4.7860200582032 0
192 500 2.110757564130642 0
103 508 4.957825906446392 0
122 509 5.080544369477243 0
215 522 4.957825906446392 1
118 524 5.203262832508095 0
188 526 2.2089323345553233 1
124 534 3.067961575771282 0
161 536 5.301437602932776 0
