296
560
500
63
140 131 3.2643111166206444 1
62 137 2.9943304979527716 0
85 143 0.02454369260617026 1
155 144 0.3190680038802134 1
32 164 2.5034566458293663 1
188 173 3.509748042682347 1
83 185 2.7979809571034093 1
168 197 0.44178646691106466 1
29 207 5.6941366846315 0
123 208 3.141592653589793 1
56 232 2.012582793705961 1
171 232 0.6135923151542565 1
97 252 2.184388641949153 1
70 253 5.6941366846315 1
158 267 0.7117670855789375 1
56 290 1.5462526341887264 0
83 292 5.154175447295755 1
197 298 0.9081166264282996 1
260 304 0.8099418560036186 0
159 306 0.9081166264282996 1
119 308 1.4726215563702154 1
126 309 0.9572040116406401 0
94 313 4.957825906446392 1
223 313 0.8835729338221293 1
124 324 1.2026409377023426 1
54 327 4.614214209960009 1
95 345 1.2762720155208536 1
164 348 1.0799224746714913 1
152 350 1.1535535524900022 1
284 351 0.8835729338221293 0
140 352 1.1535535524900022 1
227 362 1.030835089459151 1
153 382 4.295146206079795 1
101 386 4.368777283898306 1
31 397 1.325359400733194 0
277 398 4.172427743048944 0
66 402 1.1535535524900022 0
202 404 1.1780972450961724 1
93 408 1.030835089459151 0
248 408 1.1780972450961724 1
153 415 4.270602513473625 1
164 434 4.368777283898306 1
197 441 1.5462526341887264 0
216 443 1.423534171157875 0
250 446 4.319689898685965 1
39 460 1.3008157081270237 0
150 462 4.270602513473625 0
283 462 4.3933209765044765 1
228 466 1.521708941582556 1
140 472 3.9760782021995817 0
151 481 4.246058820867455 0
126 485 0.3190680038802134 1
71 493 1.1535535524900022 1
163 493 4.638757902566179 1
94 494 0.7853981633974483 0
155 495 3.1661363461959633 0
211 495 4.7860200582032 0
168 507 4.859651136021712 0
236 510 4.6878452877785195 1
186 516 2.405281875404685 1
175 536 2.7979809571034093 1
206 539 4.9823695990525625 0
136 540 3.411573272257666 1
