296
560
500
62
125 12 5.66959299202533 1
232 13 1.1780972450961724 1
81 22 5.227806525114265 1
202 31 1.227184630308513 0
122 37 5.620505606812989 1
145 49 1.9880391010997909 1
151 54 1.521708941582556 0
142 64 1.7671458676442586 1
107 66 1.8407769454627694 1
26 72 1.9389517158874505 0
180 73 1.423534171157875 1
218 88 1.4726215563702154 1
53 97 1.7671458676442586 0
89 101 4.9823695990525625 1
152 109 1.7671458676442586 1
163 112 1.6689710972195777 1
232 113 1.4480778637640452 1
71 120 1.6198837120072371 0
268 127 1.3744467859455345 0
117 156 4.859651136021712 1
208 159 1.6198837120072371 1
165 179 1.7916895602504288 1
262 182 1.5707963267948966 0
114 183 4.9823695990525625 1
91 187 4.81056375080937 1
286 187 4.589670517353839 0
25 192 1.3989904785517047 0
75 201 4.540583132141498 0
91 201 4.933282213840222 1
54 202 0.9081166264282996 1
139 209 2.1598449493429825 0
201 210 1.7916895602504288 1
82 213 5.006913291658733 1
233 215 4.76147636559703 1
155 220 2.061670178918302 0
70 227 4.344233591292136 1
280 236 1.6935147898257479 1
178 243 4.9823695990525625 1
151 248 2.1598449493429825 1
33 253 4.123340357836604 1
90 261 2.9206994201342606 1
122 266 5.325981295538946 1
287 269 1.9389517158874505 0
67 274 3.4606606574700063 1
197 274 5.031456984264903 1
23 285 3.6079228131070282 0
129 285 5.325981295538946 0
92 291 5.473243451175968 1
252 296 5.129631754689584 1
44 301 3.2643111166206444 1
163 315 5.375068680751287 1
107 317 5.6941366846315 0
93 322 2.773437264497239 0
20 332 6.1850105367549055 1
181 336 5.522330836388308 0
210 340 5.473243451175968 1
137 347 5.792311455056181 1
49 365 6.013204688511713 0
203 373 5.743224069843841 1
227 385 2.356194490192345 1
149 389 6.013204688511713 0
287 392 1.6935147898257479 1
