296
560
500
61
148 106 3.1906800388021335 1
112 120 6.258641614573416 0
74 138 5.743224069843841 1
113 142 2.724349879284899 1
81 174 5.816855147662351 0
206 176 3.6079228131070282 1
163 187 3.2397674240144743 1
221 200 0.6381360077604268 1
70 208 2.2580197197676637 1
109 214 2.3071071049800045 0
270 217 3.8288160465625602 1
25 218 2.184388641949153 1
138 219 0.07363107781851078 0
98 228 5.5714182216006485 1
193 238 3.509748042682347 1
18 256 5.375068680751287 1
144 259 2.748893571891069 1
44 277 5.448699758569798 1
211 278 3.6815538909255388 1
139 288 6.258641614573416 1
256 291 0.9326603190344698 1
106 304 2.2580197197676637 0
163 304 2.9943304979527716 1
27 314 2.086213871524472 0
121 323 5.767767762450011 0
232 326 1.055378782065321 0
80 330 5.399612373357457 1
206 344 1.1535535524900022 0
123 346 5.743224069843841 1
145 360 1.9880391010997909 1
152 363 1.521708941582556 0
109 365 1.9389517158874505 1
143 371 1.8162332528565992 1
22 376 1.9880391010997909 0
183 384 1.4726215563702154 1
224 394 1.5462526341887264 1
49 396 1.8407769454627694 0
85 402 5.080544369477243 1
141 403 1.8653206380689396 1
68 416 1.6935147898257479 0
164 416 1.7426021750380885 1
239 418 1.4971652489763858 1
277 432 1.3989904785517047 0
132 433 5.006913291658733 1
113 455 4.933282213840222 1
210 458 1.6935147898257479 1
163 479 1.8407769454627694 1
110 480 5.031456984264903 1
269 481 1.6198837120072371 0
15 494 1.3744467859455345 0
69 498 4.516039439535327 0
200 507 1.8407769454627694 1
135 508 2.2580197197676637 0
75 509 5.056000676871073 1
59 510 4.074252972624263 0
152 516 2.1353012567368124 0
229 517 4.884194828627882 0
69 532 5.325981295538946 1
64 539 3.9760782021995817 0
174 542 5.031456984264903 1
146 545 2.282563412373834 1
