296
560
500
55
141 122 3.3379421944391554 1
99 153 2.82252464970958 1
58 186 5.816855147662351 0
181 195 3.6815538909255388 0
143 205 3.313398501832985 0
195 214 0.7117670855789375 1
50 222 2.3071071049800045 0
88 223 2.405281875404685 0
122 228 0.14726215563702155 0
73 238 5.64504929941916 1
241 241 3.9269908169872414 0
171 242 3.509748042682347 0
248 259 1.0062913968529805 1
121 269 2.748893571891069 0
21 285 5.448699758569798 1
187 287 3.7551849687440497 1
115 292 6.234097921967246 1
257 301 4.172427743048944 1
229 304 1.055378782065321 0
139 307 2.9943304979527716 1
83 308 2.2334760271614935 0
100 329 5.816855147662351 1
60 332 5.399612373357457 1
204 339 1.227184630308513 0
101 348 5.743224069843841 1
181 356 1.325359400733194 0
120 364 2.0371264863121317 1
128 365 1.6198837120072371 0
90 374 1.9880391010997909 0
116 378 1.7671458676442586 1
280 384 1.1044661672776617 1
159 387 1.521708941582556 0
27 404 1.88986433067511 0
187 408 1.5462526341887264 0
61 412 5.056000676871073 1
125 422 1.8653206380689396 1
135 426 1.7426021750380885 1
43 427 1.6689710972195777 0
203 431 1.4971652489763858 1
268 436 1.2762720155208536 0
237 449 1.3989904785517047 0
87 464 4.933282213840222 1
178 474 1.6935147898257479 1
86 493 5.105088062083414 0
59 494 4.8351074434155406 1
136 495 1.8407769454627694 0
230 498 1.5707963267948966 0
254 502 4.540583132141498 0
42 509 4.565126824747668 0
107 517 2.2334760271614935 0
53 521 5.056000676871073 0
168 525 1.8653206380689396 1
200 531 4.8351074434155406 1
120 533 2.086213871524472 0
50 537 5.178719139901925 0
