296
560
500
63
228 111 3.3624858870453256 1
181 120 0.0 0
143 135 5.841398840268521 1
187 142 2.8961557275280905 1
145 172 5.8659425328746915 0
268 187 3.730641276137879 0
229 189 3.2888548092268146 1
91 206 2.282563412373834 1
137 207 2.356194490192345 0
282 207 0.7363107781851077 1
174 212 2.454369260617026 0
195 219 0.04908738521234052 0
159 226 5.66959299202533 1
255 239 3.5588354278946874 1
80 246 5.448699758569798 1
204 260 2.7979809571034093 0
103 269 5.546874528994478 1
48 273 2.2089323345553233 0
270 279 3.7551849687440497 1
198 282 0.0 1
37 292 5.301437602932776 1
62 294 2.3071071049800045 0
164 297 2.282563412373834 0
222 298 3.043417883165112 1
87 301 2.1598449493429825 0
182 318 5.841398840268521 1
139 322 5.424156065963627 1
285 331 1.1044661672776617 0
182 337 5.767767762450011 1
261 344 1.3499030933393643 0
164 360 2.012582793705961 1
78 362 2.061670178918302 0
197 365 1.8653206380689396 1
235 378 1.5707963267948966 1
103 386 1.9389517158874505 0
29 393 2.012582793705961 0
270 395 1.5707963267948966 1
138 397 5.129631754689584 1
191 404 1.9389517158874505 1
119 408 1.7671458676442586 0
203 408 1.88986433067511 1
214 413 1.7916895602504288 1
44 419 1.9880391010997909 0
282 420 1.521708941582556 1
182 426 5.080544369477243 1
161 451 4.9823695990525625 1
255 461 1.7916895602504288 1
48 462 1.8653206380689396 1
131 476 4.884194828627882 1
160 476 5.154175447295755 0
63 478 1.5462526341887264 0
207 479 1.9389517158874505 1
92 490 0.9081166264282996 1
113 490 4.614214209960009 0
129 491 5.056000676871073 1
118 501 5.178719139901925 1
179 502 2.3316507975861747 0
240 512 1.9389517158874505 1
192 517 2.2580197197676637 0
268 519 4.933282213840222 0
214 540 5.080544369477243 1
185 542 2.405281875404685 1
122 547 3.018874190558942 1
