296
560
500
39
242 198 0.5399612373357456 1
120 222 5.252350217720435 1
201 235 6.258641614573416 0
267 241 1.0062913968529805 1
149 254 1.88986433067511 0
184 273 5.66959299202533 1
200 275 0.2699806186678728 1
259 280 1.325359400733194 1
204 307 1.9389517158874505 0
38 320 5.006913291658733 0
208 326 1.9144080232812801 1
143 346 4.957825906446392 0
176 354 4.9823695990525625 1
283 379 1.6444274046134073 0
263 383 1.7671458676442586 0
97 397 4.908738521234052 0
205 402 1.9389517158874505 1
185 416 5.080544369477243 1
125 420 4.933282213840222 0
224 428 1.9389517158874505 0
113 436 4.8351074434155406 1
278 438 4.7860200582032 0
129 442 5.105088062083414 0
143 442 5.203262832508095 0
106 452 5.006913291658733 0
56 454 1.6689710972195777 0
214 466 1.9634954084936207 0
91 469 5.129631754689584 0
103 471 5.448699758569798 1
145 474 5.448699758569798 0
213 480 4.957825906446392 0
110 484 5.66959299202533 1
189 492 5.325981295538946 0
145 505 5.6941366846315 0
105 523 6.013204688511713 0
145 534 5.988660995905543 0
214 535 5.473243451175968 0
173 539 2.84706834231575 1
183 546 5.71868037723767 0
