296
560
500
53
203 124 0.662679700366597 0
171 166 0.5890486225480862 1
46 181 5.325981295538946 1
243 200 4.049709280018092 1
127 202 0.0 0
193 210 1.055378782065321 1
222 214 1.0799224746714913 0
74 219 1.9634954084936207 0
108 238 5.71868037723767 1
127 244 0.5399612373357456 0
183 246 1.3744467859455345 1
126 272 1.9880391010997909 0
94 289 1.8407769454627694 1
129 291 1.9144080232812801 1
70 302 4.9823695990525625 1
88 309 5.006913291658733 1
97 317 5.006913291658733 1
201 344 1.718058482431918 0
230 344 1.5462526341887264 0
179 345 1.8162332528565992 1
251 346 1.3008157081270237 0
11 358 4.933282213840222 0
125 364 2.0371264863121317 1
41 380 5.006913291658733 0
103 380 5.129631754689584 1
137 389 1.9880391010997909 1
20 396 4.957825906446392 0
193 401 4.8351074434155406 0
60 402 5.227806525114265 0
43 403 5.178719139901925 0
221 411 1.6444274046134073 1
18 412 5.080544369477243 0
18 434 5.546874528994478 0
58 435 5.497787143782138 0
22 443 5.71868037723767 1
239 447 1.5953400194010667 0
106 456 5.375068680751287 1
57 464 5.743224069843841 0
245 473 1.9144080232812801 0
202 490 5.252350217720435 0
217 492 5.301437602932776 1
55 493 6.013204688511713 0
126 494 5.546874528994478 0
81 498 2.8716120349219203 1
162 504 5.473243451175968 0
94 505 5.743224069843841 0
138 505 5.890486225480862 0
51 510 6.037748381117884 0
181 513 5.66959299202533 0
218 519 6.037748381117884 0
160 520 2.945243112740431 0
110 532 6.013204688511713 0
180 547 6.135923151542564 0
