296
560
500
44
226 178 0.6381360077604268 0
197 220 0.5645049299419159 1
74 241 5.2768939103266055 1
265 253 4.000621894805752 0
156 256 0.0 0
221 263 1.030835089459151 1
251 268 1.0799224746714913 0
102 276 1.9144080232812801 0
137 292 5.71868037723767 1
153 295 0.2454369260617026 1
213 301 1.3499030933393643 1
25 306 2.1353012567368124 0
163 318 1.4971652489763858 1
161 344 1.88986433067511 1
124 345 1.7426021750380885 1
101 362 4.908738521234052 1
120 367 4.908738521234052 1
129 373 4.9823695990525625 1
285 396 1.1535535524900022 0
234 398 1.6198837120072371 0
264 399 1.4971652489763858 0
212 401 1.7426021750380885 1
44 419 4.933282213840222 0
155 420 1.9634954084936207 0
30 423 1.5462526341887264 0
30 434 4.71238898038469 0
138 437 5.080544369477243 1
75 440 4.957825906446392 0
176 450 1.9389517158874505 0
231 455 4.73693267299086 0
61 457 4.884194828627882 1
95 460 5.227806525114265 0
77 464 5.178719139901925 0
258 466 1.5707963267948966 1
54 472 5.006913291658733 0
168 484 1.9389517158874505 0
38 489 5.154175447295755 0
50 492 5.497787143782138 1
96 494 5.448699758569798 0
168 497 4.933282213840222 0
280 502 1.5953400194010667 0
58 505 5.66959299202533 1
142 509 5.375068680751287 0
96 524 5.6941366846315 0
