296
560
500
57
174 61 0.6135923151542565 1
49 66 5.399612373357457 1
245 100 4.074252972624263 0
128 101 0.0 0
194 110 1.1290098598838318 1
73 113 2.086213871524472 0
225 113 1.1535535524900022 0
109 135 5.816855147662351 1
121 142 0.2699806186678728 1
181 150 1.4726215563702154 1
127 165 1.5953400194010667 1
122 190 2.110757564130642 1
59 194 5.129631754689584 1
84 212 5.203262832508095 1
163 247 1.9144080232812801 1
187 248 1.88986433067511 0
219 248 1.718058482431918 0
242 251 1.4971652489763858 0
21 266 5.129631754689584 0
102 268 2.1598449493429825 1
83 274 5.227806525114265 1
40 282 5.301437602932776 1
261 283 1.6935147898257479 0
21 291 5.2768939103266055 0
112 293 2.110757564130642 1
169 306 4.9823695990525625 0
192 317 1.8162332528565992 0
32 320 5.5714182216006485 1
251 338 1.3989904785517047 0
73 350 5.473243451175968 0
213 355 1.7671458676442586 0
28 356 5.841398840268521 0
22 385 6.135923151542564 0
48 394 3.018874190558942 1
90 395 5.64504929941916 0
167 395 5.399612373357457 0
232 399 1.4971652489763858 1
60 402 5.841398840268521 0
186 405 5.350524988145116 0
104 406 5.939573610693203 0
125 407 5.546874528994478 0
143 418 5.743224069843841 0
122 422 2.9697868053466014 0
71 431 6.111379458936394 0
138 452 6.258641614573416 0
156 457 0.5154175447295755 0
52 460 0.0 0
257 484 1.1780972450961724 0
44 491 3.141592653589793 0
127 501 2.945243112740431 1
107 508 6.111379458936394 0
68 509 2.8961557275280905 0
270 512 4.417864669110647 1
102 519 2.9697868053466014 1
37 521 6.037748381117884 1
81 533 1.8653206380689396 0
51 539 2.478912953223196 0
