296
560
500
54
193 22 0.1718058482431918 1
260 53 0.8099418560036186 1
231 55 0.760854470791278 1
169 74 6.013204688511713 1
83 80 4.9823695990525625 1
235 96 1.055378782065321 1
121 106 1.5707963267948966 0
174 111 6.111379458936394 1
160 114 5.2768939103266055 1
194 129 1.2517283229146832 1
273 134 1.423534171157875 0
274 149 4.442408361716817 1
198 154 1.521708941582556 1
164 160 1.4480778637640452 1
285 182 1.227184630308513 0
167 186 4.589670517353839 1
148 188 4.589670517353839 1
179 189 4.614214209960009 1
264 190 1.3744467859455345 1
222 232 1.6689710972195777 1
208 243 4.71238898038469 1
242 251 1.5462526341887264 1
115 256 4.540583132141498 0
150 268 4.589670517353839 0
176 282 4.859651136021712 0
144 289 4.491495746929157 1
160 291 4.8351074434155406 0
36 296 1.5707963267948966 0
141 305 4.71238898038469 0
187 313 5.154175447295755 0
54 315 1.3499030933393643 1
92 323 1.3499030933393643 0
239 323 5.031456984264903 1
131 327 4.8351074434155406 0
148 328 5.203262832508095 0
29 330 4.638757902566179 0
121 337 5.031456984264903 0
154 337 5.399612373357457 1
109 340 4.540583132141498 1
197 344 5.375068680751287 0
225 355 2.429825568010856 0
105 356 5.301437602932776 1
274 357 5.227806525114265 1
247 371 5.350524988145116 0
206 372 5.546874528994478 0
163 374 5.71868037723767 0
267 387 5.595961914206819 1
206 392 5.66959299202533 0
155 407 2.724349879284899 0
268 428 5.816855147662351 0
36 434 4.73693267299086 0
276 456 2.675262494072558 0
281 476 5.915029918087033 0
234 494 2.6261751088602177 1
