296
560
500
70
245 20 3.877903431774901 1
63 26 5.154175447295755 0
139 43 6.135923151542564 0
241 43 1.030835089459151 0
209 44 0.9572040116406401 1
91 65 1.9144080232812801 1
123 81 5.64504929941916 1
200 83 1.2762720155208536 1
137 87 6.258641614573416 1
151 103 1.325359400733194 0
109 134 1.6935147898257479 0
148 138 1.8653206380689396 1
90 145 4.933282213840222 1
108 158 4.81056375080937 1
118 164 4.933282213840222 1
288 170 1.2762720155208536 1
259 176 1.4480778637640452 0
200 187 1.718058482431918 0
228 192 1.6444274046134073 0
40 206 4.7860200582032 0
70 230 4.859651136021712 0
166 235 1.88986433067511 1
225 237 4.73693267299086 0
53 246 4.81056375080937 0
254 246 1.5462526341887264 1
89 247 5.105088062083414 1
74 256 5.056000676871073 0
52 265 5.006913291658733 0
38 281 5.105088062083414 0
94 287 5.375068680751287 0
54 288 5.424156065963627 0
19 290 5.227806525114265 0
57 298 5.66959299202533 1
137 304 5.301437602932776 0
97 318 5.5714182216006485 0
243 328 5.129631754689584 0
256 329 5.2768939103266055 1
56 336 6.013204688511713 0
164 344 5.448699758569798 0
95 347 5.964117303299373 0
124 352 2.8716120349219203 1
223 354 5.595961914206819 0
137 356 5.620505606812989 0
184 356 5.841398840268521 1
200 356 5.497787143782138 1
260 357 6.258641614573416 0
205 364 2.84706834231575 0
93 365 5.964117303299373 0
48 367 3.043417883165112 0
277 379 3.043417883165112 0
155 382 5.890486225480862 0
222 391 5.964117303299373 0
143 415 6.037748381117884 0
142 445 2.8961557275280905 0
223 446 2.8961557275280905 0
208 450 6.062292073724054 0
169 457 2.6016314162540475 0
220 458 2.7979809571034093 1
191 460 2.356194490192345 1
94 471 2.8961557275280905 1
146 474 5.792311455056181 1
172 475 2.3316507975861747 0
172 477 1.7916895602504288 0
130 479 2.6016314162540475 1
100 481 6.160466844148735 0
157 481 2.478912953223196 0
144 485 2.2580197197676637 0
121 492 2.748893571891069 1
100 494 3.215223731408304 1
153 507 1.88986433067511 1
