296
560
500
47
175 127 0.4908738521234052 1
51 135 5.375068680751287 1
251 153 3.9760782021995817 1
130 168 0.0 0
200 173 1.0062913968529805 1
233 175 1.055378782065321 0
73 181 1.9880391010997909 0
108 202 5.816855147662351 1
123 210 0.22089323345553233 1
183 213 1.3008157081270237 0
127 229 2.2089323345553233 0
129 242 1.9880391010997909 1
87 250 1.8162332528565992 0
65 263 5.031456984264903 1
122 274 1.9880391010997909 1
82 277 4.957825906446392 1
92 283 5.056000676871073 1
184 306 1.9144080232812801 1
241 309 1.6689710972195777 0
264 311 1.4726215563702154 0
200 325 1.7916895602504288 1
28 331 5.154175447295755 0
28 352 5.375068680751287 0
47 354 5.424156065963627 0
130 354 2.2089323345553233 1
192 368 5.006913291658733 0
217 378 1.7916895602504288 0
41 383 5.71868037723767 0
88 406 5.5714182216006485 0
36 414 5.8659425328746915 0
238 416 1.7671458676442586 0
32 443 6.1850105367549055 0
58 447 2.9943304979527716 0
106 453 5.71868037723767 0
191 458 5.375068680751287 0
73 459 5.890486225480862 0
28 461 6.062292073724054 0
208 461 5.424156065963627 1
123 464 5.988660995905543 0
149 465 5.595961914206819 0
81 476 6.1850105367549055 0
214 478 0.5890486225480862 1
165 479 5.816855147662351 0
213 489 0.4908738521234052 0
144 491 3.117048960983623 1
162 513 6.234097921967246 0
69 521 6.258641614573416 0
