296
560
500
43
134 145 6.111379458936394 0
212 145 0.9572040116406401 0
83 168 1.8407769454627694 0
195 182 1.2026409377023426 0
120 183 5.620505606812989 1
146 185 2.5770877236478773 1
134 186 6.111379458936394 1
149 193 0.9572040116406401 0
143 203 1.8407769454627694 0
143 214 1.8162332528565992 0
149 234 1.7671458676442586 1
109 235 1.5953400194010667 0
110 259 4.76147636559703 1
86 260 4.81056375080937 0
116 263 4.884194828627882 0
234 280 1.5462526341887264 0
214 286 1.6689710972195777 0
151 312 1.88986433067511 0
137 326 4.9823695990525625 1
43 327 4.71238898038469 0
177 336 1.8407769454627694 0
74 337 4.8351074434155406 0
235 344 4.6878452877785195 0
57 356 4.76147636559703 0
96 357 5.056000676871073 0
79 362 5.031456984264903 0
35 369 1.718058482431918 0
58 374 4.908738521234052 0
171 375 2.012582793705961 0
100 391 5.350524988145116 0
175 395 4.9823695990525625 1
61 397 5.350524988145116 0
184 398 2.110757564130642 0
147 404 5.252350217720435 0
68 405 5.497787143782138 1
185 418 5.105088062083414 1
105 422 5.5714182216006485 0
251 436 5.5714182216006485 0
231 444 5.546874528994478 0
177 450 5.473243451175968 1
137 453 2.773437264497239 1
101 454 5.890486225480862 0
146 459 5.595961914206819 0
