296
560
500
39
166 72 3.3379421944391554 0
232 141 0.859029241215959 0
15 164 2.5034566458293663 0
131 166 0.5154175447295755 0
57 190 2.3316507975861747 0
102 218 2.7979809571034093 1
197 226 1.1535535524900022 0
167 235 1.227184630308513 0
274 246 0.9572040116406401 0
37 255 5.252350217720435 0
62 260 1.9144080232812801 0
160 263 1.3744467859455345 1
194 267 1.325359400733194 1
107 287 1.6444274046134073 1
107 302 4.516039439535327 1
72 312 1.1780972450961724 1
13 314 1.6689710972195777 1
129 319 2.5280003384355365 1
233 320 1.227184630308513 0
108 324 5.154175447295755 0
147 329 2.012582793705961 0
209 341 1.521708941582556 0
33 343 1.3008157081270237 0
181 361 1.8653206380689396 0
105 378 3.3624858870453256 1
221 381 1.4971652489763858 1
185 398 2.0371264863121317 0
74 402 0.1718058482431918 0
244 404 1.1290098598838318 0
107 415 3.1661363461959633 0
51 421 4.000621894805752 0
169 427 5.252350217720435 0
247 431 1.1535535524900022 0
239 450 5.6941366846315 0
215 461 5.522330836388308 0
175 464 5.497787143782138 1
140 488 5.841398840268521 1
69 508 3.1906800388021335 1
133 540 6.086835766330224 0
