296
560
500
39
185 71 3.411573272257666 0
242 143 0.9081166264282996 0
29 152 2.5280003384355365 0
140 165 0.5890486225480862 0
66 186 2.380738182798515 0
20 194 2.3316507975861747 0
110 218 2.84706834231575 1
202 227 1.1535535524900022 0
173 236 1.227184630308513 0
44 252 5.2768939103266055 0
282 252 0.859029241215959 0
69 260 1.9634954084936207 0
165 264 1.3744467859455345 1
200 270 1.325359400733194 1
105 274 1.6935147898257479 0
112 287 1.5707963267948966 1
113 303 4.614214209960009 1
19 310 1.6444274046134073 1
77 312 1.2026409377023426 1
134 320 2.552544031041707 1
115 323 5.105088062083414 0
239 324 1.227184630308513 0
152 330 2.0371264863121317 0
214 342 1.521708941582556 0
39 343 1.325359400733194 0
187 360 1.88986433067511 0
110 378 3.3870295796514958 1
225 382 1.4726215563702154 1
190 399 2.061670178918302 0
79 402 0.1718058482431918 0
250 407 1.055378782065321 0
110 416 3.215223731408304 0
55 420 4.025165587411922 0
173 428 5.2768939103266055 0
246 442 5.595961914206819 1
219 464 5.5714182216006485 0
179 465 5.522330836388308 1
144 489 5.841398840268521 1
73 508 3.2397674240144743 1
