296
560
500
43
72 25 2.773437264497239 1
218 49 3.3379421944391554 0
80 142 2.454369260617026 0
194 151 0.5154175447295755 0
121 173 2.380738182798515 0
74 182 2.282563412373834 0
21 186 2.3316507975861747 0
169 204 2.84706834231575 1
262 212 1.1535535524900022 0
232 221 1.2026409377023426 0
97 234 5.325981295538946 1
128 243 1.9634954084936207 0
226 249 1.3744467859455345 1
260 254 1.325359400733194 1
166 259 1.6935147898257479 0
37 266 1.9880391010997909 0
50 272 1.9880391010997909 0
78 291 1.6935147898257479 1
57 294 1.8407769454627694 0
137 296 1.227184630308513 1
174 301 4.491495746929157 1
33 302 5.080544369477243 1
195 306 2.6016314162540475 1
212 317 2.086213871524472 0
97 325 1.3499030933393643 0
274 331 1.5707963267948966 0
8 338 1.9389517158874505 1
246 346 1.9144080232812801 0
51 360 1.2517283229146832 0
169 362 3.3870295796514958 1
247 385 2.110757564130642 0
137 386 0.1718058482431918 0
13 399 4.074252972624263 0
116 399 4.000621894805752 1
167 399 3.2643111166206444 0
61 406 4.147884050442774 0
229 414 5.2768939103266055 0
55 421 3.7551849687440497 0
230 449 5.595961914206819 1
23 450 3.509748042682347 0
50 468 3.485204350076177 0
190 469 5.988660995905543 1
115 484 3.313398501832985 1
