296
560
500
39
198 22 0.5645049299419159 0
97 82 0.09817477042468103 0
271 107 0.5890486225480862 0
184 115 0.8099418560036186 0
36 131 2.0371264863121317 0
160 137 0.8835729338221293 0
87 141 2.380738182798515 1
196 156 0.9572040116406401 1
160 166 1.030835089459151 1
256 193 0.9081166264282996 0
64 197 1.5953400194010667 0
37 205 4.884194828627882 0
237 225 1.1535535524900022 0
149 227 2.012582793705961 1
169 232 1.5953400194010667 0
92 245 0.760854470791278 1
214 251 1.4726215563702154 0
266 254 1.1044661672776617 0
34 264 1.227184630308513 1
231 284 1.5953400194010667 0
65 287 0.9081166264282996 0
16 292 1.6689710972195777 1
24 294 1.4480778637640452 0
148 295 2.9943304979527716 1
231 321 4.859651136021712 1
126 329 6.111379458936394 0
163 330 2.82252464970958 0
283 334 5.325981295538946 0
23 335 1.227184630308513 0
37 335 1.1535535524900022 0
50 350 1.0062913968529805 0
113 350 3.6570101983193686 1
33 352 4.295146206079795 1
25 353 1.5953400194010667 0
248 357 5.227806525114265 0
220 395 5.522330836388308 0
82 397 0.7363107781851077 1
160 428 2.6261751088602177 1
248 439 1.9880391010997909 0
