296
560
500
40
66 28 1.9144080232812801 0
108 30 1.1535535524900022 1
167 31 1.3008157081270237 1
206 36 1.2762720155208536 1
78 81 1.1535535524900022 1
114 85 4.442408361716817 1
138 85 2.454369260617026 1
249 85 1.227184630308513 0
156 98 2.0371264863121317 0
223 111 1.521708941582556 0
38 112 1.2762720155208536 0
198 128 1.88986433067511 1
116 146 3.2643111166206444 1
241 149 1.4480778637640452 0
197 165 1.9389517158874505 0
260 170 1.030835089459151 0
83 172 0.1718058482431918 0
118 184 3.0925052683774528 0
67 189 3.902447124381071 1
186 198 5.154175447295755 1
258 205 5.5714182216006485 1
230 230 5.546874528994478 0
190 232 5.473243451175968 1
155 257 5.841398840268521 1
87 279 3.1906800388021335 1
264 289 2.6016314162540475 1
274 303 2.110757564130642 1
153 309 6.086835766330224 0
49 316 3.018874190558942 0
217 317 6.037748381117884 0
120 320 2.9697868053466014 1
38 344 5.129631754689584 0
42 357 5.66959299202533 1
127 368 2.945243112740431 1
29 383 4.540583132141498 0
73 384 2.184388641949153 1
137 403 2.8716120349219203 1
28 404 4.71238898038469 1
96 406 1.8407769454627694 0
53 407 5.227806525114265 0
