296
560
500
37
190 72 3.411573272257666 0
250 142 0.8344855486097889 0
29 159 2.5034566458293663 0
144 173 0.5890486225480862 0
68 192 2.405281875404685 0
19 203 2.356194490192345 0
111 227 2.82252464970958 1
213 237 1.0799224746714913 0
180 246 1.1780972450961724 0
40 258 5.301437602932776 1
70 267 1.9389517158874505 0
171 273 1.2762720155208536 1
210 275 1.2517283229146832 1
110 284 1.6935147898257479 0
118 314 4.565126824747668 1
20 317 1.6444274046134073 1
80 321 1.1780972450961724 1
119 326 4.442408361716817 1
142 327 2.454369260617026 1
256 328 1.1780972450961724 0
160 340 2.0371264863121317 0
229 349 1.4971652489763858 0
40 352 1.3008157081270237 0
198 369 1.8653206380689396 0
116 387 3.3379421944391554 1
242 390 1.4480778637640452 1
87 405 0.1718058482431918 1
203 407 2.0371264863121317 0
268 413 1.1780972450961724 0
117 417 3.1661363461959633 1
64 426 3.9515345095934116 1
187 437 5.227806525114265 0
269 441 1.1780972450961724 0
262 459 5.767767762450011 0
235 472 5.546874528994478 0
193 473 5.546874528994478 1
155 497 5.8659425328746915 1
