296
560
500
34
62 39 0.0 0
176 49 3.215223731408304 1
122 63 0.09817477042468103 1
249 73 0.3436116964863836 0
59 77 2.8961557275280905 1
204 123 3.509748042682347 1
269 191 0.760854470791278 0
48 197 2.5034566458293663 0
160 225 0.5399612373357456 1
86 234 2.5034566458293663 0
35 241 2.3071071049800045 0
123 269 2.82252464970958 1
228 284 1.1290098598838318 0
189 290 1.1780972450961724 1
54 296 5.375068680751287 1
83 308 1.9880391010997909 0
185 317 1.3744467859455345 1
223 322 1.3008157081270237 1
30 353 1.718058482431918 1
11 356 2.086213871524472 0
90 359 1.2517283229146832 1
272 367 1.1044661672776617 0
150 371 2.5770877236478773 1
169 383 2.110757564130642 0
48 389 1.3744467859455345 0
241 393 1.3989904785517047 0
207 413 1.8653206380689396 0
265 424 1.423534171157875 0
122 428 3.411573272257666 1
215 447 2.0371264863121317 0
91 452 0.1718058482431918 0
61 464 4.025165587411922 0
121 466 3.2888548092268146 0
203 478 5.178719139901925 1
