296
560
500
27
191 132 3.411573272257666 0
253 199 0.8099418560036186 0
149 228 0.5154175447295755 0
73 250 2.380738182798515 0
18 273 5.227806525114265 0
118 282 2.84706834231575 1
219 288 1.055378782065321 0
186 297 1.1290098598838318 0
52 316 5.252350217720435 0
79 321 1.9634954084936207 0
179 325 1.2762720155208536 1
121 327 1.1780972450961724 1
218 327 1.2517283229146832 1
124 348 1.521708941582556 1
126 367 4.589670517353839 1
88 374 1.1290098598838318 1
150 379 2.380738182798515 1
264 383 1.3008157081270237 0
169 388 1.9634954084936207 0
48 405 1.4971652489763858 0
237 407 1.5707963267948966 0
206 425 1.9880391010997909 0
126 438 3.2643111166206444 1
251 442 1.5462526341887264 0
209 457 1.9880391010997909 0
89 462 0.19634954084936207 0
125 475 3.117048960983623 0
