296
560
500
39
177 107 2.9697868053466014 0
221 212 1.055378782065321 0
104 253 1.9389517158874505 0
149 256 6.013204688511713 1
110 264 2.0371264863121317 0
260 267 1.2762720155208536 0
58 268 1.88986433067511 0
101 277 5.178719139901925 1
165 279 2.1598449493429825 1
237 288 1.423534171157875 0
162 298 1.7426021750380885 0
207 305 1.521708941582556 1
28 326 5.105088062083414 0
124 328 1.5462526341887264 1
42 330 1.8653206380689396 0
52 330 5.031456984264903 0
88 349 1.6689710972195777 1
159 361 4.859651136021712 1
233 362 1.4971652489763858 0
177 373 2.2334760271614935 0
158 374 4.516039439535327 1
114 381 1.3008157081270237 1
164 382 5.325981295538946 0
206 385 1.7426021750380885 0
154 406 4.196971435655114 1
93 407 1.3499030933393643 0
184 408 2.2089323345553233 1
43 418 1.8162332528565992 0
259 426 1.423534171157875 0
248 439 1.6689710972195777 0
80 442 1.227184630308513 1
63 443 1.4726215563702154 0
213 447 2.086213871524472 1
259 463 1.5462526341887264 0
152 478 3.3624858870453256 0
163 523 5.841398840268521 1
99 524 3.77972866135022 0
70 527 3.77972866135022 0
223 529 5.399612373357457 0
