296
560
500
39
163 144 3.018874190558942 0
276 228 0.8835729338221293 0
198 250 1.055378782065321 0
82 292 1.9389517158874505 0
126 297 6.013204688511713 1
35 300 1.9144080232812801 0
237 304 1.3008157081270237 0
83 307 1.8653206380689396 1
139 313 2.1353012567368124 0
79 319 5.006913291658733 1
213 328 1.423534171157875 0
153 332 1.4971652489763858 1
139 339 1.7426021750380885 0
183 345 1.521708941582556 1
284 354 1.1780972450961724 0
14 359 1.9880391010997909 1
27 369 5.006913291658733 0
102 370 1.5462526341887264 1
66 391 1.6444274046134073 1
208 397 1.4726215563702154 0
154 414 2.061670178918302 0
88 422 1.325359400733194 0
135 422 4.7860200582032 1
182 425 1.718058482431918 0
130 434 4.6878452877785195 1
264 435 1.2762720155208536 1
131 448 4.344233591292136 1
161 448 2.110757564130642 1
73 451 1.3499030933393643 0
21 453 1.7671458676442586 0
234 462 1.3744467859455345 0
220 472 1.6444274046134073 1
42 483 1.4971652489763858 0
59 484 1.227184630308513 1
189 484 1.9634954084936207 1
236 503 1.5462526341887264 0
132 521 3.313398501832985 0
98 548 3.877903431774901 0
110 550 0.2945243112740431 0
