296
560
500
45
162 90 3.018874190558942 0
274 173 0.9081166264282996 0
196 203 1.030835089459151 0
81 242 2.012582793705961 0
33 245 1.9634954084936207 0
235 253 1.2762720155208536 0
86 255 2.0371264863121317 0
123 260 5.964117303299373 1
74 273 5.154175447295755 1
136 277 2.1598449493429825 0
211 278 1.423534171157875 0
140 287 1.8407769454627694 1
150 292 1.4971652489763858 1
282 300 1.2026409377023426 0
182 302 1.5707963267948966 1
13 308 1.9880391010997909 0
23 313 5.031456984264903 0
98 326 1.5462526341887264 1
62 338 1.6689710972195777 1
205 348 1.5707963267948966 0
132 362 4.81056375080937 1
149 372 2.184388641949153 0
88 373 1.3744467859455345 1
257 376 1.3744467859455345 1
177 378 1.7916895602504288 0
15 399 1.8407769454627694 0
67 399 1.3744467859455345 0
155 400 2.061670178918302 1
125 404 4.270602513473625 1
226 411 1.4726215563702154 0
211 420 1.6935147898257479 1
36 429 1.4971652489763858 0
53 430 1.2762720155208536 1
181 437 2.012582793705961 1
220 450 1.6198837120072371 1
121 474 3.436116964863836 0
239 491 1.7426021750380885 0
87 497 3.9760782021995817 0
99 501 0.07363107781851078 0
40 514 3.8288160465625602 0
67 515 3.9269908169872414 0
134 517 5.71868037723767 1
190 517 5.350524988145116 0
219 527 5.546874528994478 0
179 546 5.6941366846315 0
