296
560
500
26
86 125 2.3316507975861747 0
52 130 5.497787143782138 0
177 198 0.2945243112740431 1
243 205 0.6135923151542565 0
240 242 0.760854470791278 0
153 276 5.424156065963627 1
230 279 0.8835729338221293 1
181 285 1.6198837120072371 1
196 294 0.9081166264282996 0
111 297 1.1535535524900022 0
281 301 0.7853981633974483 0
82 327 1.227184630308513 1
274 339 1.055378782065321 0
177 349 0.7853981633974483 1
224 349 4.025165587411922 1
244 349 1.3744467859455345 0
271 372 1.4726215563702154 1
108 376 4.295146206079795 1
99 377 1.1780972450961724 0
155 377 0.9572040116406401 1
89 383 4.3933209765044765 0
200 390 0.6381360077604268 1
199 420 0.7117670855789375 0
157 449 1.1290098598838318 0
207 452 0.5890486225480862 1
192 462 0.7853981633974483 0
