296
560
500
37
79 16 1.8653206380689396 1
169 16 6.111379458936394 1
266 50 1.4971652489763858 1
194 53 1.4971652489763858 1
56 66 5.006913291658733 1
226 68 1.5462526341887264 1
73 71 4.9823695990525625 0
62 72 1.8407769454627694 0
141 87 1.5462526341887264 1
107 102 1.6689710972195777 1
254 125 1.5462526341887264 0
179 126 5.006913291658733 0
192 134 2.1353012567368124 0
175 138 4.81056375080937 1
131 139 1.3499030933393643 1
222 146 1.7671458676442586 0
287 146 4.6878452877785195 0
172 154 4.123340357836604 0
112 163 1.423534171157875 0
64 168 1.8162332528565992 0
198 171 2.2334760271614935 1
258 190 1.718058482431918 0
98 195 1.3008157081270237 1
83 197 1.521708941582556 0
227 209 2.061670178918302 1
56 221 1.9144080232812801 0
169 240 3.3379421944391554 0
56 243 1.5707963267948966 0
144 267 0.1718058482431918 0
133 271 3.9515345095934116 1
87 282 3.877903431774901 0
114 283 3.9269908169872414 0
62 285 3.730641276137879 0
179 286 5.841398840268521 1
240 291 5.350524988145116 0
232 315 5.792311455056181 0
82 322 3.5588354278946874 1
