296
560
500
39
115 100 2.9943304979527716 0
99 114 6.258641614573416 1
205 133 0.7363107781851077 1
120 139 3.067961575771282 0
266 190 4.172427743048944 1
217 222 4.172427743048944 1
208 228 0.9326603190344698 0
230 228 0.9326603190344698 0
148 248 1.0799224746714913 0
260 284 4.246058820867455 1
26 287 1.9389517158874505 0
73 294 6.111379458936394 1
104 301 3.215223731408304 1
187 303 1.3008157081270237 0
64 306 5.6941366846315 1
85 326 2.061670178918302 0
162 329 1.521708941582556 0
92 336 1.5462526341887264 0
128 337 1.5953400194010667 1
80 342 1.7671458676442586 0
230 356 1.2762720155208536 1
42 364 1.6198837120072371 1
79 379 4.957825906446392 0
71 383 4.76147636559703 1
150 395 1.6444274046134073 0
90 413 2.405281875404685 0
28 414 1.3989904785517047 1
119 419 1.88986433067511 0
73 420 3.6570101983193686 0
206 425 1.3499030933393643 1
89 451 2.429825568010856 1
170 459 1.3989904785517047 0
150 464 1.7426021750380885 0
114 479 2.110757564130642 0
165 499 1.6198837120072371 1
55 518 3.4606606574700063 1
22 534 3.77972866135022 0
189 536 1.4971652489763858 0
34 538 0.14726215563702155 0
