296
560
500
41
163 123 2.945243112740431 0
193 236 0.9817477042468103 1
83 274 1.9634954084936207 0
39 283 1.9144080232812801 1
239 283 1.227184630308513 0
126 286 6.013204688511713 1
87 287 2.086213871524472 0
12 290 2.1598449493429825 0
76 299 5.203262832508095 0
140 304 2.184388641949153 0
216 310 1.423534171157875 0
154 323 1.5462526341887264 1
185 329 1.5707963267948966 1
22 335 1.88986433067511 0
30 342 5.006913291658733 0
100 355 1.5462526341887264 1
65 369 1.6935147898257479 1
206 381 1.5462526341887264 1
135 386 4.81056375080937 1
153 396 2.110757564130642 0
17 399 1.9144080232812801 0
132 400 4.614214209960009 1
90 404 1.3499030933393643 1
181 407 1.7916895602504288 0
142 413 5.154175447295755 1
132 419 4.638757902566179 0
69 424 1.3989904785517047 0
158 430 2.1598449493429825 1
127 446 4.295146206079795 1
40 456 1.5462526341887264 0
51 456 1.2762720155208536 0
186 465 2.012582793705961 1
117 498 0.6135923151542565 0
104 528 3.9269908169872414 0
126 528 4.319689898685965 1
89 530 0.5399612373357456 1
76 532 4.049709280018092 1
132 538 5.424156065963627 0
118 541 3.902447124381071 1
73 544 1.0062913968529805 0
134 550 5.890486225480862 0
