296
560
500
36
185 104 0.7853981633974483 1
104 109 3.117048960983623 0
243 163 4.246058820867455 1
206 195 0.9572040116406401 0
117 222 1.0062913968529805 1
244 251 4.147884050442774 0
164 269 1.1535535524900022 0
9 271 1.9880391010997909 0
44 274 5.988660995905543 1
141 294 1.3008157081270237 0
59 297 1.9634954084936207 1
72 308 1.2517283229146832 1
110 314 1.3744467859455345 1
218 314 1.1780972450961724 0
30 346 1.325359400733194 1
143 363 1.3744467859455345 0
75 374 4.7860200582032 0
89 381 2.110757564130642 0
70 384 4.295146206079795 1
118 389 1.6198837120072371 0
28 391 1.2026409377023426 1
202 392 1.227184630308513 1
76 393 5.105088062083414 0
72 403 4.638757902566179 0
10 411 1.3008157081270237 0
99 413 2.086213871524472 1
173 421 1.3008157081270237 0
164 434 1.6198837120072371 0
130 446 1.9389517158874505 1
178 461 1.5462526341887264 0
78 485 2.5280003384355365 0
202 501 1.718058482431918 1
86 507 5.424156065963627 0
146 526 5.301437602932776 0
84 532 5.8659425328746915 0
179 541 5.595961914206819 1
