296
560
500
59
242 85 3.877903431774901 0
64 93 5.620505606812989 0
238 112 3.9269908169872414 0
168 122 3.2888548092268146 1
69 124 2.1598449493429825 0
97 125 5.743224069843841 1
161 139 2.9943304979527716 1
30 142 5.325981295538946 0
110 145 2.2089323345553233 1
52 157 5.301437602932776 0
268 160 1.1780972450961724 1
251 183 4.221515128261284 1
162 187 2.9943304979527716 1
271 193 4.344233591292136 0
162 204 2.748893571891069 1
35 212 2.012582793705961 0
160 217 2.2334760271614935 1
115 237 1.7671458676442586 0
85 247 1.8407769454627694 1
112 253 4.933282213840222 1
160 253 1.3499030933393643 1
211 260 1.1780972450961724 0
111 265 1.6444274046134073 1
101 268 1.7426021750380885 1
244 285 4.319689898685965 1
227 299 4.344233591292136 0
112 304 1.2517283229146832 1
60 308 5.105088062083414 0
90 316 1.9634954084936207 1
97 328 1.6198837120072371 1
84 344 5.154175447295755 1
128 349 4.221515128261284 0
116 355 4.0987966652304335 0
106 357 3.411573272257666 1
87 364 6.086835766330224 0
226 365 4.0987966652304335 0
207 367 4.025165587411922 1
19 372 5.399612373357457 0
68 373 5.595961914206819 0
253 375 4.000621894805752 0
144 378 3.80427235395639 1
177 389 3.902447124381071 1
126 396 3.3870295796514958 1
62 404 5.964117303299373 0
33 410 5.546874528994478 0
212 411 3.6815538909255388 0
251 411 3.8288160465625602 1
240 414 3.7551849687440497 0
196 427 3.5588354278946874 0
228 429 3.5833791205008576 1
137 433 3.215223731408304 0
172 440 3.3624858870453256 1
97 465 2.8716120349219203 0
216 483 0.2699806186678728 0
179 488 0.4172427743048944 0
201 503 3.485204350076177 0
107 512 2.945243112740431 1
178 519 0.04908738521234052 1
144 522 2.6998061866787286 1
