296
560
500
54
69 105 5.424156065963627 0
259 114 3.77972866135022 1
93 119 5.5714182216006485 0
198 144 3.2643111166206444 1
96 148 2.110757564130642 1
126 151 5.64504929941916 1
190 161 2.945243112740431 1
141 168 2.1598449493429825 1
63 170 5.227806525114265 0
84 184 5.252350217720435 0
282 196 4.172427743048944 1
194 209 2.9206994201342606 1
195 226 2.748893571891069 1
193 239 2.2089323345553233 1
70 240 1.9389517158874505 0
149 261 1.718058482431918 0
124 275 1.8407769454627694 0
194 276 1.2762720155208536 1
245 279 1.1535535524900022 0
137 293 1.6935147898257479 1
281 304 4.270602513473625 1
40 310 5.178719139901925 0
264 319 4.246058820867455 0
149 326 1.227184630308513 1
99 333 5.056000676871073 0
128 342 1.88986433067511 1
136 352 1.5953400194010667 1
124 368 5.105088062083414 1
167 374 4.196971435655114 0
156 379 4.049709280018092 0
145 382 3.4606606574700063 1
263 383 4.074252972624263 0
125 384 5.816855147662351 1
242 392 4.025165587411922 0
108 398 5.64504929941916 0
61 399 5.350524988145116 0
184 401 3.77972866135022 1
217 411 3.8533597391687304 1
167 419 3.3379421944391554 1
252 431 3.6570101983193686 0
106 435 5.964117303299373 1
75 437 5.497787143782138 0
238 448 3.509748042682347 0
271 448 3.485204350076177 1
180 456 3.141592653589793 0
215 470 3.3379421944391554 0
76 477 5.841398840268521 0
142 489 2.82252464970958 0
105 522 2.552544031041707 0
185 526 0.02454369260617026 1
174 528 2.5034566458293663 1
202 528 3.018874190558942 0
178 538 2.1353012567368124 0
204 544 2.1598449493429825 1
