296
560
500
54
189 96 3.0925052683774528 0
111 124 5.964117303299373 1
240 125 0.6381360077604268 1
276 145 3.77972866135022 1
126 156 6.037748381117884 1
77 176 5.743224069843841 1
115 178 2.6016314162540475 1
143 194 6.111379458936394 1
90 204 5.71868037723767 0
147 216 2.650718801466388 1
209 219 3.6324665057131984 1
277 232 4.319689898685965 1
196 233 3.4606606574700063 1
47 246 2.454369260617026 0
175 274 3.313398501832985 1
169 289 3.117048960983623 1
281 294 1.6198837120072371 1
81 297 2.3316507975861747 1
161 301 2.675262494072558 1
255 306 4.71238898038469 1
144 319 2.086213871524472 0
269 323 4.81056375080937 0
84 325 2.184388641949153 1
94 327 2.061670178918302 1
156 329 1.6198837120072371 1
144 334 1.7671458676442586 1
31 342 5.546874528994478 0
80 361 1.7671458676442586 1
52 363 2.429825568010856 1
190 368 1.6689710972195777 1
52 376 1.8407769454627694 0
43 387 2.1353012567368124 0
204 393 4.81056375080937 1
43 398 1.9144080232812801 0
184 399 4.7860200582032 0
31 405 6.160466844148735 0
47 410 3.902447124381071 0
74 410 4.589670517353839 0
58 412 4.491495746929157 1
76 441 4.270602513473625 1
49 454 3.7551849687440497 0
133 458 4.442408361716817 0
156 462 4.466952054322987 0
101 464 4.295146206079795 1
172 484 4.3933209765044765 1
46 488 3.6079228131070282 0
122 496 4.0987966652304335 0
101 505 3.9760782021995817 0
147 512 4.172427743048944 0
159 514 4.270602513473625 1
72 516 3.77972866135022 0
127 525 3.9515345095934116 0
60 534 3.509748042682347 1
46 540 0.5154175447295755 0
