296
560
500
36
186 36 2.84706834231575 1
188 54 2.773437264497239 1
186 66 2.2089323345553233 1
61 69 1.9880391010997909 0
139 88 1.6689710972195777 1
180 89 1.6444274046134073 0
193 93 1.1290098598838318 1
140 101 4.81056375080937 1
113 102 1.8162332528565992 1
189 103 1.2762720155208536 0
237 109 1.1290098598838318 0
139 121 1.6198837120072371 1
129 123 1.6689710972195777 1
270 128 4.295146206079795 1
253 144 4.270602513473625 0
141 157 1.227184630308513 1
91 162 5.080544369477243 0
120 171 1.88986433067511 1
159 204 4.196971435655114 0
253 210 4.074252972624263 0
119 218 5.890486225480862 0
232 219 4.000621894805752 0
101 227 5.595961914206819 0
50 228 5.399612373357457 0
175 231 3.8533597391687304 1
208 240 3.8533597391687304 1
158 249 3.3379421944391554 1
96 260 5.939573610693203 0
243 260 3.6570101983193686 0
271 261 3.6815538909255388 0
66 267 5.497787143782138 0
262 276 3.436116964863836 1
228 277 3.509748042682347 0
171 286 3.141592653589793 0
206 299 3.3379421944391554 0
134 319 2.84706834231575 0
