296
560
500
47
89 131 3.3379421944391554 1
71 176 2.5034566458293663 0
168 176 3.313398501832985 1
127 178 0.02454369260617026 1
238 187 0.662679700366597 0
217 233 3.80427235395639 0
17 243 5.424156065963627 1
218 262 3.8533597391687304 0
42 270 5.473243451175968 1
149 281 3.1661363461959633 1
48 293 2.012582793705961 1
78 295 5.546874528994478 1
249 298 1.055378782065321 1
143 300 2.84706834231575 1
14 306 5.252350217720435 1
95 312 2.086213871524472 1
37 325 5.154175447295755 1
235 325 4.0987966652304335 1
255 328 4.172427743048944 0
152 349 2.8716120349219203 1
133 357 1.9389517158874505 1
15 359 1.88986433067511 0
151 374 2.1598449493429825 0
12 375 4.9823695990525625 1
27 385 1.9389517158874505 0
150 402 1.5707963267948966 0
163 404 1.055378782065321 1
108 408 1.5953400194010667 1
211 415 1.055378782065321 1
156 417 1.1780972450961724 1
241 429 4.196971435655114 1
86 440 1.7916895602504288 1
102 440 1.6198837120072371 1
227 449 4.221515128261284 0
116 473 1.1780972450961724 1
65 479 5.031456984264903 0
96 489 1.8653206380689396 1
104 501 1.5462526341887264 1
233 514 3.9515345095934116 0
93 515 5.105088062083414 1
136 518 4.172427743048944 0
125 525 3.902447124381071 0
212 527 3.9269908169872414 0
114 528 3.4606606574700063 1
154 544 3.730641276137879 1
80 545 5.620505606812989 0
188 549 3.7551849687440497 1
