296
560
500
49
210 123 3.313398501832985 1
171 125 0.09817477042468103 1
259 184 3.8533597391687304 0
57 189 5.448699758569798 1
257 210 3.877903431774901 0
83 214 5.473243451175968 1
187 226 3.1661363461959633 1
88 238 2.061670178918302 1
116 240 5.5714182216006485 1
184 245 2.8961557275280905 1
53 254 5.227806525114265 1
134 255 2.110757564130642 1
76 269 5.203262832508095 1
273 274 4.147884050442774 1
189 293 2.7979809571034093 1
191 310 2.945243112740431 1
188 317 2.086213871524472 0
68 331 1.9389517158874505 0
192 347 1.5953400194010667 1
200 349 1.055378782065321 1
146 353 1.6444274046134073 1
194 362 1.227184630308513 1
249 363 1.055378782065321 1
280 380 4.196971435655114 1
139 382 1.6198837120072371 1
123 386 1.7916895602504288 1
264 397 4.246058820867455 0
43 403 5.129631754689584 1
153 416 1.1780972450961724 1
104 421 5.031456984264903 0
133 433 1.8653206380689396 1
141 444 1.5462526341887264 1
130 459 5.080544369477243 1
173 461 4.147884050442774 0
268 462 4.000621894805752 0
163 469 4.025165587411922 0
247 472 3.9515345095934116 0
135 479 5.8659425328746915 0
190 488 3.7551849687440497 1
66 489 5.375068680751287 0
116 489 5.546874528994478 0
223 495 3.8288160465625602 1
176 508 3.2643111166206444 1
261 513 3.5833791205008576 0
115 527 5.915029918087033 1
83 528 5.497787143782138 0
247 530 3.3870295796514958 0
280 533 3.411573272257666 0
189 543 3.067961575771282 0
