296
560
500
53
150 135 0.09817477042468103 0
189 135 3.3379421944391554 0
91 141 2.478912953223196 1
232 192 3.7551849687440497 0
33 209 5.375068680751287 1
229 212 3.77972866135022 1
62 229 5.473243451175968 1
166 239 3.117048960983623 1
96 253 5.5714182216006485 1
67 254 2.061670178918302 1
163 257 2.8716120349219203 1
269 262 1.0062913968529805 1
110 268 2.086213871524472 0
35 275 5.203262832508095 0
257 283 4.0987966652304335 0
59 288 5.154175447295755 0
275 290 4.172427743048944 0
169 305 2.82252464970958 1
173 321 2.650718801466388 1
170 327 2.110757564130642 0
177 339 2.012582793705961 1
50 345 1.88986433067511 0
173 357 1.4971652489763858 1
128 359 1.6198837120072371 1
227 369 1.030835089459151 0
176 371 1.1780972450961724 1
135 373 4.73693267299086 0
264 389 4.172427743048944 1
121 392 1.5953400194010667 1
131 394 1.4726215563702154 1
247 403 4.172427743048944 0
137 427 1.1290098598838318 1
88 432 4.9823695990525625 0
120 444 1.8653206380689396 0
125 452 1.5462526341887264 1
114 468 5.105088062083414 1
156 469 4.147884050442774 0
254 470 3.9760782021995817 0
145 476 4.000621894805752 0
136 481 3.3870295796514958 1
234 481 3.9269908169872414 0
120 488 5.939573610693203 0
176 496 3.706097583531709 1
211 498 3.77972866135022 0
102 499 5.497787143782138 0
278 514 3.5833791205008576 1
163 516 3.2643111166206444 1
251 516 3.5342917352885173 1
268 534 3.3870295796514958 1
102 536 5.890486225480862 1
237 543 3.411573272257666 1
265 547 3.0925052683774528 1
180 550 3.043417883165112 0
