296
560
500
47
154 172 0.1227184630308513 0
193 176 3.3379421944391554 1
96 179 2.5280003384355365 1
237 231 3.77972866135022 0
43 244 5.399612373357457 0
233 251 3.80427235395639 1
67 264 5.497787143782138 1
169 278 3.117048960983623 1
71 289 2.086213871524472 1
99 290 5.595961914206819 1
270 297 1.055378782065321 1
166 298 2.8961557275280905 1
115 304 2.1353012567368124 0
38 310 5.227806525114265 0
259 322 4.123340357836604 0
61 323 5.227806525114265 0
276 327 4.172427743048944 0
172 345 2.82252464970958 1
38 357 2.086213871524472 0
173 361 2.6016314162540475 1
31 368 5.227806525114265 0
50 379 1.9389517158874505 0
183 397 1.055378782065321 1
129 398 1.6444274046134073 1
174 398 1.5462526341887264 1
135 403 4.884194828627882 0
227 408 1.030835089459151 0
180 410 1.1535535524900022 0
103 415 1.7671458676442586 1
263 427 4.196971435655114 1
131 428 1.521708941582556 1
121 432 1.5953400194010667 1
247 442 4.196971435655114 0
137 466 1.1535535524900022 1
85 471 5.031456984264903 0
119 480 1.8653206380689396 0
124 489 1.5462526341887264 1
112 507 5.129631754689584 1
156 508 4.123340357836604 0
253 508 3.9760782021995817 0
144 515 4.025165587411922 0
230 517 3.9515345095934116 0
136 520 3.3379421944391554 1
117 527 5.988660995905543 0
176 535 3.706097583531709 1
100 536 5.546874528994478 0
209 536 3.77972866135022 0
