296
560
500
68
154 20 3.117048960983623 0
128 58 0.07363107781851078 1
188 62 0.760854470791278 1
129 68 2.748893571891069 1
129 87 0.14726215563702155 1
32 98 5.350524988145116 1
92 124 5.6941366846315 0
177 142 1.1535535524900022 0
84 162 5.350524988145116 1
45 164 5.080544369477243 0
129 174 1.055378782065321 1
164 178 1.3499030933393643 1
240 190 1.2517283229146832 0
142 203 4.147884050442774 0
87 210 5.154175447295755 0
182 210 1.325359400733194 1
246 223 4.3933209765044765 0
174 238 1.4726215563702154 0
87 241 1.9144080232812801 0
149 243 1.88986433067511 1
117 248 1.9144080232812801 1
69 250 2.012582793705961 1
226 259 4.3933209765044765 0
20 264 5.129631754689584 0
174 274 1.8407769454627694 0
199 275 1.2026409377023426 1
53 289 5.154175447295755 0
180 290 1.5953400194010667 1
204 292 4.417864669110647 0
97 311 5.178719139901925 1
166 315 5.325981295538946 0
190 315 3.5342917352885173 1
237 322 4.123340357836604 0
129 328 5.301437602932776 0
153 336 5.841398840268521 1
35 337 5.350524988145116 0
213 341 3.5588354278946874 0
131 343 5.497787143782138 0
80 353 5.448699758569798 0
62 355 5.424156065963627 0
33 367 5.5714182216006485 1
138 367 5.890486225480862 0
169 369 6.258641614573416 1
211 372 3.2643111166206444 1
120 382 5.841398840268521 0
96 383 5.620505606812989 1
236 387 3.2888548092268146 0
53 391 5.743224069843841 1
180 425 0.02454369260617026 0
159 426 2.8716120349219203 0
65 436 2.2580197197676637 1
101 440 2.380738182798515 0
72 444 2.012582793705961 0
100 453 2.5280003384355365 1
88 457 5.5714182216006485 1
69 460 5.2768939103266055 0
178 461 2.945243112740431 1
81 477 5.203262832508095 1
99 485 5.154175447295755 0
112 486 5.399612373357457 1
130 487 5.71868037723767 0
47 489 5.375068680751287 1
82 496 5.6941366846315 1
135 497 5.915029918087033 1
122 499 2.7979809571034093 1
50 517 5.8659425328746915 1
99 519 6.013204688511713 0
219 524 5.2768939103266055 0
