296
560
500
71
154 55 3.117048960983623 0
224 89 3.77972866135022 1
190 95 0.7363107781851077 1
132 98 0.02454369260617026 0
134 106 2.724349879284899 0
132 122 0.1227184630308513 1
34 138 5.301437602932776 1
264 147 4.0987966652304335 1
96 158 5.620505606812989 1
183 178 1.1290098598838318 0
90 199 5.350524988145116 1
51 200 5.080544369477243 0
139 211 1.1290098598838318 1
171 214 1.3499030933393643 1
243 224 1.2517283229146832 0
135 225 2.2334760271614935 1
151 239 4.147884050442774 0
95 245 5.178719139901925 0
188 248 1.325359400733194 1
248 255 4.417864669110647 0
272 261 4.344233591292136 0
181 276 1.4726215563702154 0
96 277 1.9389517158874505 0
157 280 1.88986433067511 1
126 283 1.9144080232812801 1
77 284 1.9634954084936207 1
230 294 4.417864669110647 0
26 301 5.154175447295755 0
180 311 1.8162332528565992 0
205 311 1.2026409377023426 1
61 325 5.154175447295755 0
187 328 1.5953400194010667 1
210 328 4.417864669110647 0
105 348 5.178719139901925 1
173 352 5.350524988145116 0
197 352 3.509748042682347 1
242 358 4.123340357836604 0
137 364 5.325981295538946 0
161 373 5.816855147662351 1
43 374 5.325981295538946 0
247 378 3.9269908169872414 0
138 379 5.522330836388308 0
219 382 3.485204350076177 1
88 390 5.448699758569798 0
70 391 5.424156065963627 0
249 396 3.730641276137879 1
42 403 5.522330836388308 1
145 404 5.890486225480862 0
176 406 6.258641614573416 1
216 408 3.2397674240144743 1
128 419 5.841398840268521 0
103 421 5.620505606812989 1
243 424 3.2888548092268146 0
62 427 5.71868037723767 1
218 454 0.04908738521234052 1
165 465 2.8961557275280905 0
71 474 2.380738182798515 1
111 476 2.552544031041707 0
79 481 2.3316507975861747 0
95 485 5.792311455056181 0
107 491 2.2580197197676637 1
80 492 2.1598449493429825 1
209 492 2.724349879284899 0
183 493 2.9206994201342606 0
88 515 5.350524988145116 1
120 523 5.424156065963627 1
189 523 5.915029918087033 1
90 534 5.6941366846315 1
128 538 2.7979809571034093 1
188 541 6.209554229361076 1
211 549 2.9943304979527716 0
