296
560
500
47
246 98 3.117048960983623 0
170 105 5.939573610693203 0
157 157 5.792311455056181 1
260 169 0.7363107781851077 1
255 179 3.3624858870453256 1
89 192 2.6261751088602177 0
244 192 0.8099418560036186 1
196 203 6.1850105367549055 1
137 217 5.595961914206819 0
170 235 5.8659425328746915 1
250 270 1.7916895602504288 1
197 271 1.6935147898257479 1
146 279 5.6941366846315 0
62 289 5.66959299202533 0
222 296 1.9634954084936207 1
108 302 2.552544031041707 1
185 305 4.859651136021712 1
126 306 2.478912953223196 0
76 327 5.6941366846315 0
147 328 2.478912953223196 1
218 333 1.9389517158874505 1
170 340 2.429825568010856 0
281 342 1.8653206380689396 0
196 353 2.086213871524472 0
29 359 5.915029918087033 0
96 372 5.6941366846315 1
174 383 2.282563412373834 0
43 389 6.013204688511713 0
225 397 5.031456984264903 0
57 398 6.037748381117884 0
167 398 2.1598449493429825 0
195 398 1.8407769454627694 1
110 400 5.890486225480862 1
188 412 5.056000676871073 0
146 414 5.939573610693203 0
101 418 6.111379458936394 0
124 425 0.07363107781851078 1
166 425 4.0987966652304335 1
50 432 6.209554229361076 1
94 441 0.2454369260617026 0
70 443 0.19634954084936207 0
116 460 0.5645049299419159 1
165 470 4.049709280018092 0
149 484 3.77972866135022 1
40 487 3.2643111166206444 0
19 512 0.4663301595172349 1
85 524 1.0799224746714913 1
