296
560
500
43
103 20 5.64504929941916 1
187 44 1.1535535524900022 0
61 62 5.031456984264903 0
96 63 5.325981295538946 1
142 78 1.1535535524900022 1
175 84 1.325359400733194 1
249 84 1.1780972450961724 0
279 93 1.055378782065321 1
139 94 2.2089323345553233 1
102 112 5.105088062083414 0
140 115 1.6198837120072371 1
193 115 1.2517283229146832 1
134 118 1.9144080232812801 0
257 118 4.344233591292136 0
191 142 1.3744467859455345 1
104 146 1.8653206380689396 0
163 148 1.7916895602504288 1
133 154 1.8653206380689396 1
87 156 1.9389517158874505 1
240 160 4.344233591292136 0
39 166 5.105088062083414 0
188 177 1.6935147898257479 0
215 180 1.1535535524900022 1
75 193 5.080544369477243 0
196 196 1.521708941582556 1
220 196 4.368777283898306 0
117 218 5.105088062083414 1
184 221 5.129631754689584 0
257 221 4.000621894805752 0
150 234 5.227806525114265 0
264 239 3.7551849687440497 0
176 242 5.743224069843841 1
59 246 5.350524988145116 1
235 248 3.4606606574700063 1
152 250 5.448699758569798 0
104 260 5.399612373357457 0
86 262 5.375068680751287 0
232 272 3.117048960983623 1
160 274 5.8659425328746915 0
193 274 6.1850105367549055 1
60 277 5.595961914206819 0
146 288 5.792311455056181 0
121 290 5.595961914206819 1
