296
560
500
61
92 103 6.062292073724054 1
75 114 2.5770877236478773 0
207 121 3.6079228131070282 1
150 134 3.1906800388021335 0
233 151 0.662679700366597 0
118 169 0.04908738521234052 0
213 171 3.8288160465625602 1
179 177 0.8344855486097889 1
125 186 2.82252464970958 0
117 202 0.1227184630308513 1
21 210 5.375068680751287 1
250 233 4.172427743048944 1
79 239 5.64504929941916 1
166 263 1.2026409377023426 0
34 275 5.129631754689584 0
73 278 5.399612373357457 1
115 294 1.0062913968529805 1
152 301 1.3744467859455345 1
224 308 1.2517283229146832 0
116 310 2.184388641949153 1
112 322 1.9389517158874505 1
75 328 5.203262832508095 0
168 333 1.3499030933393643 1
109 342 1.9144080232812801 1
229 342 4.442408361716817 0
128 345 4.565126824747668 1
255 347 4.319689898685965 0
76 358 1.9389517158874505 0
163 363 1.4480778637640452 1
58 364 2.0371264863121317 1
136 365 1.88986433067511 1
105 367 1.9389517158874505 1
10 377 5.178719139901925 1
210 383 4.417864669110647 0
159 398 1.8407769454627694 0
183 399 1.2517283229146832 1
41 404 5.178719139901925 0
165 417 1.6444274046134073 1
188 417 4.442408361716817 0
83 432 5.203262832508095 1
152 439 5.399612373357457 0
173 439 3.509748042682347 1
220 447 4.123340357836604 0
116 450 5.301437602932776 0
20 454 5.375068680751287 0
138 461 5.816855147662351 1
117 466 5.522330836388308 0
225 466 3.902447124381071 0
196 471 3.5342917352885173 1
49 472 5.448699758569798 0
67 472 5.497787143782138 0
22 488 5.595961914206819 0
224 490 3.730641276137879 0
124 491 5.915029918087033 0
193 491 3.215223731408304 0
152 495 6.258641614573416 1
105 505 5.915029918087033 0
80 506 5.64504929941916 1
218 514 3.2888548092268146 0
38 515 5.816855147662351 0
189 546 0.02454369260617026 1
