296
560
500
46
126 170 5.988660995905543 1
115 180 2.5034566458293663 0
244 183 3.6324665057131984 1
185 198 3.067961575771282 0
270 207 0.6135923151542565 0
53 224 5.473243451175968 0
251 229 3.730641276137879 1
156 239 6.209554229361076 0
216 239 0.7117670855789375 1
165 255 2.748893571891069 0
158 272 0.04908738521234052 1
65 284 5.301437602932776 1
124 311 5.5714182216006485 1
211 328 1.0799224746714913 0
83 349 5.056000676871073 0
121 352 5.2768939103266055 1
170 365 1.1780972450961724 1
275 365 1.1780972450961724 0
200 366 1.2762720155208536 1
219 396 1.3008157081270237 1
178 397 4.246058820867455 1
127 399 5.105088062083414 0
283 399 4.319689898685965 0
216 429 1.3744467859455345 1
128 432 1.88986433067511 0
188 433 1.7916895602504288 1
111 437 1.9144080232812801 1
158 439 1.8653206380689396 1
265 442 4.344233591292136 0
63 446 5.105088062083414 0
213 462 1.718058482431918 0
239 462 1.2026409377023426 1
97 478 5.105088062083414 0
244 478 4.3933209765044765 0
221 481 1.5462526341887264 1
141 503 5.105088062083414 1
231 503 3.436116964863836 1
209 504 5.325981295538946 0
280 505 4.025165587411922 0
174 518 5.252350217720435 0
79 526 5.350524988145116 0
198 527 5.767767762450011 1
256 532 3.436116964863836 1
176 534 5.448699758569798 0
110 544 5.399612373357457 0
127 544 5.424156065963627 0
