296
560
500
54
105 134 5.988660995905543 0
93 148 2.5280003384355365 0
165 166 3.141592653589793 0
29 192 5.473243451175968 0
233 195 3.7551849687440497 0
136 205 0.02454369260617026 1
197 207 0.760854470791278 1
142 218 2.773437264497239 0
136 234 0.04908738521234052 1
41 248 5.325981295538946 1
270 255 4.074252972624263 1
102 269 5.64504929941916 1
187 289 1.1044661672776617 0
58 311 5.056000676871073 0
96 311 5.325981295538946 1
142 324 1.030835089459151 1
175 327 1.3008157081270237 1
250 335 1.227184630308513 0
139 339 2.184388641949153 1
153 348 4.000621894805752 0
193 356 1.2762720155208536 1
101 359 5.129631754689584 0
256 367 4.3933209765044765 0
192 389 1.4480778637640452 1
103 390 1.9144080232812801 0
163 393 1.8162332528565992 1
132 398 1.88986433067511 1
84 399 1.9389517158874505 1
238 404 4.3933209765044765 0
36 409 5.129631754689584 0
188 423 1.7671458676442586 0
214 423 1.2026409377023426 1
70 439 5.105088062083414 0
195 440 1.521708941582556 1
219 441 4.3933209765044765 0
115 462 5.105088062083414 1
183 464 5.375068680751287 0
208 464 3.4606606574700063 1
253 468 4.074252972624263 0
147 478 5.2768939103266055 0
171 487 5.767767762450011 1
52 488 5.350524988145116 0
260 488 3.8288160465625602 0
148 494 5.497787143782138 0
230 494 3.4606606574700063 1
99 504 5.424156065963627 0
82 505 5.399612373357457 0
54 516 5.522330836388308 1
157 518 5.8659425328746915 0
187 520 6.209554229361076 1
227 520 3.215223731408304 1
115 529 5.5714182216006485 0
140 533 5.816855147662351 0
73 542 5.743224069843841 1
