296
560
500
49
87 160 5.939573610693203 0
204 170 3.5588354278946874 1
77 174 2.454369260617026 0
148 188 3.043417883165112 0
218 213 3.6815538909255388 0
18 219 5.448699758569798 0
184 227 0.6872233929727672 1
121 230 6.1850105367549055 1
131 241 2.6998061866787286 0
125 258 0.02454369260617026 1
259 269 4.000621894805752 1
32 279 5.252350217720435 1
94 294 5.620505606812989 1
180 310 1.0799224746714913 0
89 337 5.2768939103266055 1
52 339 5.031456984264903 0
137 347 1.055378782065321 1
169 348 1.2762720155208536 1
245 351 1.1780972450961724 0
149 372 4.000621894805752 0
188 378 1.2517283229146832 1
96 383 5.129631754689584 0
253 384 4.344233591292136 0
183 410 1.423534171157875 0
98 415 1.9144080232812801 0
158 416 1.8162332528565992 1
128 421 1.8653206380689396 1
236 424 4.344233591292136 0
80 425 1.9880391010997909 1
32 435 5.129631754689584 0
184 443 1.7671458676442586 0
210 443 1.2026409377023426 1
214 458 4.3933209765044765 0
191 461 1.521708941582556 1
66 462 5.105088062083414 0
110 485 5.129631754689584 1
180 485 5.2768939103266055 0
203 485 3.4606606574700063 1
250 486 4.049709280018092 0
144 499 5.252350217720435 0
168 508 5.767767762450011 1
48 511 5.350524988145116 0
228 513 3.436116964863836 1
144 516 5.473243451175968 0
95 527 5.424156065963627 0
78 528 5.399612373357457 0
154 539 5.841398840268521 0
224 539 3.1661363461959633 1
184 540 6.209554229361076 1
