296
560
500
65
228 38 3.902447124381071 0
118 67 0.4172427743048944 0
246 106 1.1780972450961724 0
202 108 3.9760782021995817 1
77 116 6.037748381117884 1
287 142 4.319689898685965 0
166 146 3.9269908169872414 0
234 162 1.227184630308513 1
137 164 3.6815538909255388 1
197 180 1.2026409377023426 1
241 180 4.344233591292136 1
211 190 4.246058820867455 0
66 195 5.522330836388308 1
266 195 1.1535535524900022 0
284 199 4.270602513473625 0
165 204 1.2026409377023426 0
105 215 0.9572040116406401 1
94 232 1.8653206380689396 1
284 232 4.295146206079795 0
189 252 4.368777283898306 0
118 255 1.1535535524900022 0
101 265 1.5953400194010667 0
115 267 1.2517283229146832 1
53 269 1.8162332528565992 1
244 272 4.3933209765044765 0
184 279 4.295146206079795 1
93 284 1.88986433067511 1
30 289 4.908738521234052 0
113 290 1.3008157081270237 0
104 296 1.7671458676442586 0
47 322 5.031456984264903 0
229 322 4.246058820867455 0
9 324 1.8653206380689396 1
117 336 0.859029241215959 1
205 336 4.147884050442774 0
25 337 5.031456984264903 1
269 340 3.9760782021995817 1
80 348 5.105088062083414 0
143 349 4.049709280018092 0
180 352 4.074252972624263 0
85 360 5.252350217720435 0
253 364 3.8533597391687304 0
37 370 5.203262832508095 0
67 370 2.1598449493429825 0
96 371 5.890486225480862 1
160 372 3.730641276137879 1
186 373 3.877903431774901 0
232 378 3.80427235395639 0
149 379 3.436116964863836 1
217 386 3.706097583531709 0
38 389 5.350524988145116 0
54 394 5.2768939103266055 1
265 398 3.5342917352885173 0
172 404 3.485204350076177 1
83 406 5.595961914206819 1
141 411 2.9697868053466014 1
201 411 3.5588354278946874 1
60 421 5.497787143782138 1
98 424 5.8659425328746915 1
194 428 3.2643111166206444 0
245 429 3.2888548092268146 0
26 440 5.448699758569798 0
71 460 5.841398840268521 0
231 480 3.067961575771282 1
141 518 2.84706834231575 0
