296
560
500
48
132 46 2.9697868053466014 0
109 56 6.111379458936394 0
195 65 0.4908738521234052 1
217 80 3.6324665057131984 0
217 87 0.5890486225480862 1
70 96 2.5770877236478773 1
149 96 3.117048960983623 1
253 109 3.77972866135022 0
150 142 0.3436116964863836 0
43 161 5.5714182216006485 0
277 172 1.0062913968529805 0
237 180 3.9515345095934116 1
111 190 6.037748381117884 1
16 218 2.086213871524472 0
200 222 3.9269908169872414 1
268 228 1.1535535524900022 1
172 237 3.6815538909255388 1
25 248 5.203262832508095 0
232 250 1.2026409377023426 1
278 250 4.295146206079795 1
246 261 4.246058820867455 0
98 266 5.595961914206819 1
198 275 1.2026409377023426 0
134 292 0.9817477042468103 0
125 301 1.9389517158874505 1
223 322 4.344233591292136 0
148 325 1.1535535524900022 0
130 333 1.6444274046134073 0
144 335 1.2517283229146832 1
78 338 1.9880391010997909 1
218 348 4.270602513473625 1
121 352 2.012582793705961 1
51 355 5.031456984264903 0
141 356 1.325359400733194 0
132 362 1.8653206380689396 0
267 379 4.074252972624263 0
66 388 5.178719139901925 0
44 396 5.129631754689584 1
240 397 4.025165587411922 0
102 411 5.252350217720435 0
151 413 3.5342917352885173 0
172 414 4.000621894805752 0
213 415 3.9760782021995817 0
113 421 5.350524988145116 1
173 433 3.3624858870453256 0
216 434 3.706097583531709 1
121 436 5.964117303299373 0
187 436 3.5588354278946874 0
