296
560
500
48
198 120 0.9817477042468103 0
138 131 3.5833791205008576 1
119 175 0.8344855486097889 0
223 189 4.221515128261284 1
273 197 1.3744467859455345 0
59 204 0.07363107781851078 1
181 245 4.368777283898306 1
284 251 4.6878452877785195 1
221 256 1.521708941582556 0
133 265 4.344233591292136 0
21 271 5.915029918087033 1
279 271 1.4971652489763858 0
101 272 4.074252972624263 1
245 298 4.71238898038469 0
190 304 1.6198837120072371 1
47 307 1.325359400733194 0
150 307 1.5953400194010667 1
111 320 1.5953400194010667 0
157 324 4.663301595172349 0
189 324 4.76147636559703 1
36 325 1.9389517158874505 1
237 339 1.3989904785517047 0
214 343 1.4726215563702154 1
30 345 2.0371264863121317 0
50 346 1.5707963267948966 0
224 349 4.638757902566179 0
43 350 1.6689710972195777 1
15 356 2.2334760271614935 1
32 370 1.6689710972195777 0
22 371 2.012582793705961 0
115 372 4.7860200582032 0
215 378 4.589670517353839 0
255 385 4.491495746929157 0
102 392 4.663301595172349 1
16 394 1.4480778637640452 0
163 404 4.6878452877785195 0
22 424 4.417864669110647 0
40 435 4.368777283898306 0
133 443 4.491495746929157 0
106 451 4.3933209765044765 0
76 452 4.319689898685965 0
37 458 3.77972866135022 0
51 470 4.000621894805752 0
74 470 4.147884050442774 0
165 477 4.221515128261284 0
144 489 4.123340357836604 0
119 494 4.074252972624263 0
91 501 4.074252972624263 0
