296
560
500
87
167 33 4.025165587411922 0
238 49 1.227184630308513 1
139 51 3.7551849687440497 1
244 65 4.344233591292136 1
200 70 1.2026409377023426 1
68 71 5.71868037723767 1
275 78 1.1535535524900022 1
213 79 4.270602513473625 0
167 94 1.1780972450961724 0
104 102 0.9572040116406401 0
100 107 1.3008157081270237 1
288 114 4.270602513473625 0
101 121 1.4971652489763858 1
190 138 4.368777283898306 0
54 140 1.8653206380689396 1
122 140 1.1780972450961724 0
103 142 1.6198837120072371 0
117 147 1.325359400733194 1
247 156 4.368777283898306 0
30 159 4.933282213840222 0
95 159 1.9144080232812801 1
186 163 4.270602513473625 1
121 165 1.2517283229146832 0
106 172 1.718058482431918 0
14 188 1.8162332528565992 0
47 193 5.056000676871073 0
108 197 2.086213871524472 0
113 198 1.6198837120072371 1
25 205 5.056000676871073 1
232 205 4.196971435655114 0
119 212 0.8835729338221293 1
208 219 4.123340357836604 0
83 223 5.203262832508095 1
271 226 3.9269908169872414 0
142 228 3.9515345095934116 1
19 229 5.006913291658733 0
182 232 4.074252972624263 0
89 234 5.301437602932776 1
37 238 5.227806525114265 0
69 238 2.2089323345553233 0
96 244 5.988660995905543 1
257 245 3.8288160465625602 0
160 247 3.77972866135022 1
190 253 3.8533597391687304 0
44 255 5.375068680751287 1
151 255 3.509748042682347 1
234 257 3.77972866135022 0
54 262 5.350524988145116 1
215 269 3.730641276137879 1
18 271 4.76147636559703 1
83 276 5.66959299202533 1
267 278 3.5588354278946874 0
25 280 5.031456984264903 0
175 281 3.509748042682347 1
37 286 5.350524988145116 0
143 286 3.0925052683774528 1
199 287 3.5833791205008576 1
64 291 5.595961914206819 0
96 300 5.915029918087033 0
24 302 4.7860200582032 1
196 305 3.3379421944391554 0
245 307 3.313398501832985 0
28 320 4.8351074434155406 1
97 342 2.2580197197676637 0
48 345 5.227806525114265 1
229 359 3.1906800388021335 1
242 373 1.423534171157875 1
254 373 1.2026409377023426 0
37 379 4.908738521234052 1
261 387 4.466952054322987 1
263 409 4.859651136021712 1
46 412 5.031456984264903 0
232 415 4.73693267299086 0
204 418 1.4480778637640452 0
245 423 4.884194828627882 1
33 433 4.8351074434155406 1
241 442 4.957825906446392 0
27 445 4.859651136021712 1
76 448 1.521708941582556 1
60 473 1.6935147898257479 0
230 473 4.908738521234052 0
176 481 4.368777283898306 0
72 486 1.718058482431918 1
123 493 4.221515128261284 0
62 495 4.7860200582032 0
36 497 5.031456984264903 0
139 508 3.2888548092268146 1
