296
560
500
51
155 77 3.141592653589793 1
137 80 0.0 0
180 98 4.000621894805752 0
194 104 3.9760782021995817 0
252 114 4.6878452877785195 0
249 142 4.589670517353839 0
183 152 1.9880391010997909 1
225 158 4.319689898685965 1
202 160 1.4480778637640452 0
171 161 2.0371264863121317 1
242 177 1.3008157081270237 1
67 179 1.4971652489763858 1
54 198 1.6689710972195777 1
65 217 4.884194828627882 1
218 219 0.6381360077604268 0
247 219 4.417864669110647 1
50 221 4.76147636559703 0
92 226 5.890486225480862 0
73 230 5.2768939103266055 1
76 237 5.915029918087033 0
184 246 0.5645049299419159 1
265 256 4.0987966652304335 0
205 262 3.6815538909255388 0
203 274 0.6381360077604268 0
134 275 3.141592653589793 1
240 294 3.8288160465625602 0
135 322 0.4172427743048944 0
28 339 5.5714182216006485 0
9 355 2.0371264863121317 1
262 355 1.1535535524900022 1
218 362 3.9760782021995817 1
90 371 5.988660995905543 1
181 399 3.9269908169872414 0
249 415 1.227184630308513 1
153 416 3.6324665057131984 1
256 433 4.344233591292136 1
213 434 1.2026409377023426 1
226 441 4.221515128261284 0
284 442 1.1290098598838318 1
83 446 5.5714182216006485 1
181 457 1.1780972450961724 0
205 501 4.344233591292136 0
136 509 1.1290098598838318 0
118 514 1.6198837120072371 0
132 517 1.2517283229146832 1
68 518 1.88986433067511 1
261 521 4.344233591292136 0
200 528 4.295146206079795 1
108 535 1.88986433067511 1
129 538 1.3744467859455345 0
121 545 1.6689710972195777 0
