296
560
500
59
197 160 0.6872233929727672 0
130 162 3.1661363461959633 1
237 184 3.877903431774901 0
133 209 0.4908738521234052 0
26 225 5.5714182216006485 0
254 246 1.1780972450961724 0
214 252 4.000621894805752 1
93 255 6.111379458936394 1
175 291 3.9760782021995817 1
150 300 3.730641276137879 0
240 305 1.227184630308513 0
12 311 5.105088062083414 0
249 324 4.344233591292136 1
206 326 1.2517283229146832 1
79 331 5.620505606812989 1
277 335 1.1780972450961724 1
219 338 4.344233591292136 0
173 348 1.2517283229146832 0
114 353 1.0062913968529805 1
110 361 1.227184630308513 0
109 380 1.5953400194010667 1
194 397 4.417864669110647 0
127 398 1.2517283229146832 0
61 405 1.9144080232812801 1
109 405 1.6689710972195777 0
118 409 1.3744467859455345 0
248 418 4.3933209765044765 0
38 419 4.957825906446392 0
99 421 1.9389517158874505 1
187 422 4.3933209765044765 1
118 429 1.3989904785517047 0
110 434 1.8653206380689396 0
49 449 5.129631754689584 1
14 454 1.9634954084936207 1
113 458 2.061670178918302 1
118 458 1.4480778637640452 0
230 465 4.246058820867455 0
29 466 5.105088062083414 1
120 476 1.3744467859455345 1
83 481 5.203262832508095 0
208 482 4.172427743048944 0
144 488 4.123340357836604 0
269 489 3.9760782021995817 0
112 490 5.939573610693203 1
88 492 5.325981295538946 0
181 494 4.123340357836604 0
39 498 5.2768939103266055 0
98 505 5.841398840268521 1
252 507 3.877903431774901 0
156 508 3.7551849687440497 1
147 512 3.4606606574700063 0
185 514 3.9269908169872414 0
44 516 5.399612373357457 1
229 521 3.8533597391687304 0
211 533 3.77972866135022 1
81 538 5.6941366846315 1
169 544 3.5342917352885173 1
136 548 3.018874190558942 1
195 551 3.6079228131070282 1
