296
560
500
53
172 139 0.4663301595172349 1
194 151 3.6079228131070282 1
44 167 2.552544031041707 1
192 169 0.6872233929727672 0
126 170 3.1906800388021335 1
274 178 0.9081166264282996 0
226 194 3.877903431774901 1
125 218 0.4663301595172349 0
24 232 5.595961914206819 1
247 252 1.1535535524900022 0
207 258 3.9515345095934116 1
87 266 6.062292073724054 1
169 298 3.9269908169872414 1
148 304 3.6570101983193686 1
239 311 1.2026409377023426 1
246 329 4.344233591292136 1
204 332 1.2026409377023426 1
274 339 1.055378782065321 1
216 340 4.246058820867455 0
76 343 5.595961914206819 1
172 355 1.1780972450961724 0
113 365 0.9326603190344698 1
99 389 1.8407769454627694 1
197 402 4.344233591292136 0
128 407 1.1290098598838318 0
110 414 1.5707963267948966 0
124 416 1.2026409377023426 1
60 417 1.8407769454627694 1
253 418 4.344233591292136 0
193 427 4.270602513473625 1
102 431 1.88986433067511 1
37 434 4.908738521234052 0
123 438 1.3008157081270237 0
114 443 1.7671458676442586 0
241 466 4.147884050442774 0
120 467 1.9880391010997909 1
126 467 1.3499030933393643 0
54 468 5.056000676871073 0
33 477 5.056000676871073 1
217 482 4.0987966652304335 0
130 486 1.3008157081270237 1
89 494 5.154175447295755 0
156 496 4.000621894805752 0
193 498 4.025165587411922 0
122 501 5.8659425328746915 1
96 505 5.2768939103266055 0
266 512 3.902447124381071 0
107 517 5.792311455056181 1
172 517 3.6815538909255388 1
199 520 3.877903431774901 0
162 521 3.436116964863836 0
242 524 3.877903431774901 0
223 537 3.77972866135022 1
