296
560
500
55
160 97 0.5645049299419159 1
181 113 3.6815538909255388 0
34 119 2.5280003384355365 0
180 126 0.6381360077604268 0
110 127 3.117048960983623 1
263 133 0.9817477042468103 0
217 146 3.8288160465625602 0
113 174 0.39269908169872414 0
237 207 1.1290098598838318 0
197 212 3.9269908169872414 1
69 223 6.013204688511713 1
279 241 4.221515128261284 0
159 253 3.9515345095934116 1
135 263 3.6570101983193686 0
229 266 1.227184630308513 1
283 278 0.9572040116406401 0
235 282 4.344233591292136 1
264 294 1.055378782065321 1
63 299 5.546874528994478 1
279 300 4.221515128261284 0
160 308 1.2026409377023426 0
94 345 1.6444274046134073 0
184 356 4.368777283898306 0
114 358 1.2026409377023426 0
97 367 1.6444274046134073 0
110 370 1.2517283229146832 1
48 374 1.88986433067511 1
240 375 4.368777283898306 0
179 381 4.295146206079795 1
26 388 4.933282213840222 0
87 388 1.9144080232812801 1
108 393 1.325359400733194 0
99 397 1.718058482431918 0
224 422 4.221515128261284 0
41 423 5.056000676871073 0
110 423 1.5707963267948966 0
100 424 2.061670178918302 0
18 433 5.105088062083414 1
117 438 0.662679700366597 0
202 439 4.0987966652304335 0
74 448 5.129631754689584 0
137 450 3.9269908169872414 0
176 454 4.049709280018092 0
79 460 5.2768939103266055 0
253 460 3.6815538909255388 0
179 472 3.8533597391687304 0
157 474 3.730641276137879 1
228 475 3.706097583531709 0
92 476 5.915029918087033 0
148 476 3.485204350076177 0
212 484 3.6570101983193686 0
167 503 3.436116964863836 1
192 506 3.4606606574700063 1
135 510 2.9943304979527716 1
190 522 3.1906800388021335 0
