296
560
500
55
60 131 2.429825568010856 1
61 150 6.037748381117884 1
196 166 1.0062913968529805 0
85 176 2.552544031041707 1
119 217 3.3379421944391554 0
93 238 1.7916895602504288 1
118 238 2.748893571891069 1
111 244 1.7671458676442586 0
37 248 1.718058482431918 0
205 252 1.055378782065321 1
122 255 0.8344855486097889 1
157 266 1.325359400733194 1
140 269 3.9760782021995817 1
90 275 1.4726215563702154 1
10 277 4.884194828627882 0
160 292 4.442408361716817 1
155 298 4.221515128261284 0
53 303 1.521708941582556 0
227 311 1.1535535524900022 0
135 314 0.859029241215959 1
157 320 4.147884050442774 1
25 321 1.6198837120072371 0
131 332 0.8344855486097889 1
195 332 1.3989904785517047 0
66 333 1.3744467859455345 0
157 339 4.000621894805752 1
166 341 4.246058820867455 0
110 356 1.1290098598838318 1
126 356 0.9081166264282996 0
168 358 4.442408361716817 1
243 365 4.3933209765044765 1
168 376 5.080544369477243 0
105 386 1.055378782065321 0
19 389 4.6878452877785195 1
176 392 5.2768939103266055 0
71 395 1.227184630308513 1
196 399 2.9206994201342606 0
164 411 6.209554229361076 0
40 412 1.1290098598838318 0
218 423 5.448699758569798 0
130 430 4.0987966652304335 1
66 431 4.319689898685965 0
85 432 4.344233591292136 1
49 437 4.295146206079795 1
217 447 5.988660995905543 1
68 450 3.9515345095934116 1
54 453 3.902447124381071 0
94 453 4.147884050442774 1
197 457 3.067961575771282 0
148 463 3.6324665057131984 0
119 470 3.77972866135022 0
79 485 3.5833791205008576 0
54 496 3.8533597391687304 0
103 496 3.3379421944391554 0
149 536 3.117048960983623 1
