296
560
500
54
103 99 2.454369260617026 1
103 112 6.013204688511713 0
129 142 2.650718801466388 1
160 187 3.4606606574700063 0
132 204 1.8653206380689396 1
157 207 2.82252464970958 1
149 213 1.8162332528565992 0
75 214 1.8162332528565992 0
159 224 0.9081166264282996 1
243 227 1.1535535524900022 1
194 239 1.423534171157875 1
177 240 4.049709280018092 1
45 243 4.957825906446392 0
126 243 1.5462526341887264 1
32 263 1.8407769454627694 0
194 265 4.540583132141498 1
88 268 1.6198837120072371 0
189 270 4.295146206079795 0
166 281 0.9572040116406401 1
58 286 1.6935147898257479 0
259 289 1.2762720155208536 0
189 292 4.221515128261284 1
98 299 1.4726215563702154 0
162 301 0.9326603190344698 1
226 309 1.521708941582556 0
196 314 4.344233591292136 0
185 315 4.123340357836604 0
140 325 1.227184630308513 1
156 326 1.030835089459151 0
202 333 4.589670517353839 0
192 336 4.172427743048944 0
23 342 1.6198837120072371 1
47 355 4.76147636559703 1
98 362 1.325359400733194 1
140 373 1.055378782065321 0
66 379 1.1780972450961724 0
187 385 6.258641614573416 0
255 385 2.429825568010856 0
91 399 4.417864669110647 0
109 402 4.417864669110647 1
153 402 4.196971435655114 1
238 402 5.473243451175968 0
74 404 4.344233591292136 1
259 405 2.282563412373834 1
116 423 4.221515128261284 1
236 426 6.111379458936394 1
52 428 3.6079228131070282 1
217 435 3.141592653589793 0
167 437 3.7551849687440497 0
139 442 3.8533597391687304 0
100 454 3.6324665057131984 0
75 465 3.4606606574700063 0
123 468 3.436116964863836 0
155 510 3.141592653589793 1
