296
560
500
66
155 142 5.325981295538946 1
149 144 4.6878452877785195 0
122 146 3.9760782021995817 0
178 158 4.319689898685965 0
199 169 4.466952054322987 1
16 184 2.1353012567368124 1
227 184 1.227184630308513 1
185 186 4.172427743048944 0
18 196 5.743224069843841 0
237 211 4.344233591292136 1
268 212 4.417864669110647 1
53 217 2.2580197197676637 1
246 219 1.1780972450961724 0
254 243 4.319689898685965 1
95 246 3.018874190558942 0
196 246 0.6872233929727672 1
237 254 4.049709280018092 1
100 265 2.454369260617026 1
263 270 4.368777283898306 0
78 272 1.4971652489763858 1
97 273 1.8162332528565992 0
247 274 1.2026409377023426 1
147 275 0.9572040116406401 1
133 287 3.6570101983193686 1
87 291 5.080544369477243 0
97 291 1.1535535524900022 0
260 297 4.368777283898306 1
162 298 4.049709280018092 0
29 304 1.3499030933393643 0
156 307 3.8533597391687304 0
86 310 1.0799224746714913 1
207 324 1.1044661672776617 0
164 326 3.77972866135022 1
141 328 0.5154175447295755 1
268 330 4.8351074434155406 0
15 335 4.491495746929157 0
171 346 3.6815538909255388 1
145 347 0.4663301595172349 1
61 349 1.1290098598838318 0
8 358 1.4971652489763858 0
147 370 0.5890486225480862 0
40 371 1.2517283229146832 0
84 371 1.030835089459151 0
132 375 0.7853981633974483 1
210 391 5.031456984264903 1
232 392 2.6261751088602177 1
138 406 0.7363107781851077 0
257 407 5.105088062083414 0
201 410 5.915029918087033 0
109 427 0.8835729338221293 1
60 439 4.319689898685965 1
176 440 3.80427235395639 1
252 444 2.724349879284899 0
87 454 0.8099418560036186 0
134 457 4.000621894805752 1
117 464 4.025165587411922 0
206 466 3.2397674240144743 0
103 474 4.000621894805752 1
150 476 3.8288160465625602 1
125 481 3.6815538909255388 1
180 482 3.3870295796514958 0
115 494 3.509748042682347 1
91 503 3.6079228131070282 1
147 509 3.2397674240144743 0
175 512 2.9943304979527716 0
127 527 3.141592653589793 0
