296
560
500
44
240 97 1.3008157081270237 1
154 141 1.6935147898257479 0
247 149 4.319689898685965 1
122 166 2.1353012567368124 0
133 179 2.356194490192345 0
96 185 2.0371264863121317 1
261 212 4.417864669110647 0
238 213 4.246058820867455 1
247 219 1.3008157081270237 0
176 229 3.6079228131070282 0
95 231 5.743224069843841 0
158 232 3.1906800388021335 1
208 233 3.9515345095934116 0
222 238 3.77972866135022 0
253 274 3.9760782021995817 0
264 278 3.9515345095934116 0
142 305 2.356194490192345 1
142 318 5.915029918087033 0
172 344 2.5280003384355365 1
207 385 3.3624858870453256 0
182 404 1.8407769454627694 1
206 406 2.773437264497239 1
200 411 1.7916895602504288 0
125 420 1.7426021750380885 0
245 431 1.2517283229146832 1
229 436 3.9515345095934116 1
178 441 1.4971652489763858 1
98 447 4.884194828627882 0
252 456 4.417864669110647 0
244 464 4.221515128261284 0
85 474 1.7916895602504288 0
140 475 1.4971652489763858 0
224 481 0.859029241215959 1
245 484 4.0987966652304335 1
112 492 1.6198837120072371 0
220 499 0.8344855486097889 1
153 502 1.3744467859455345 0
244 504 4.000621894805752 1
253 504 4.246058820867455 0
256 519 4.368777283898306 1
198 524 1.1290098598838318 1
215 525 0.8835729338221293 0
251 529 3.9760782021995817 0
86 546 1.6689710972195777 0
