296
560
500
45
50 149 2.454369260617026 1
47 164 6.013204688511713 0
188 185 0.9081166264282996 0
75 195 2.552544031041707 1
108 236 3.313398501832985 0
109 257 2.675262494072558 1
83 259 1.7916895602504288 1
101 264 1.6935147898257479 0
26 269 1.6689710972195777 0
202 270 1.030835089459151 1
148 279 1.227184630308513 1
133 286 3.8533597391687304 1
81 293 1.423534171157875 1
154 308 4.368777283898306 1
147 317 4.147884050442774 1
44 326 1.4726215563702154 0
128 328 0.8099418560036186 1
225 331 1.1535535524900022 0
153 335 4.172427743048944 1
15 341 1.6198837120072371 0
126 347 0.8099418560036186 1
62 351 1.3744467859455345 1
193 351 1.423534171157875 0
153 354 3.9515345095934116 1
161 354 4.221515128261284 0
170 371 4.417864669110647 0
105 374 1.1290098598838318 1
124 376 0.8835729338221293 0
241 380 4.344233591292136 1
160 398 5.399612373357457 1
99 404 1.055378782065321 0
174 414 5.350524988145116 1
64 417 1.227184630308513 1
195 421 2.84706834231575 1
161 431 6.209554229361076 0
215 445 5.448699758569798 0
126 453 4.0987966652304335 1
64 454 4.319689898685965 1
80 457 4.319689898685965 1
215 469 5.964117303299373 1
89 479 4.123340357836604 1
66 480 4.025165587411922 1
194 480 3.018874190558942 0
145 489 3.6324665057131984 0
115 497 3.77972866135022 0
