296
560
500
38
102 203 2.356194490192345 1
246 215 0.7853981633974483 0
101 220 5.890486225480862 0
135 249 2.478912953223196 1
177 285 3.2397674240144743 0
272 301 1.030835089459151 1
180 306 2.675262494072558 1
151 310 1.7426021750380885 1
218 315 1.227184630308513 1
175 316 1.6935147898257479 1
84 318 1.7916895602504288 1
203 326 3.6570101983193686 1
179 328 0.5154175447295755 0
59 338 4.933282213840222 0
224 343 4.344233591292136 1
150 344 1.4480778637640452 1
220 349 4.000621894805752 0
106 366 1.521708941582556 0
200 369 0.760854470791278 1
222 369 3.9760782021995817 1
262 382 1.423534171157875 0
75 384 1.5953400194010667 0
196 386 0.7363107781851077 1
230 388 4.196971435655114 0
221 389 3.902447124381071 1
123 390 1.3744467859455345 1
239 407 4.466952054322987 0
171 413 1.1044661672776617 1
187 415 0.8835729338221293 1
228 433 5.375068680751287 1
241 449 5.375068680751287 1
263 455 2.82252464970958 1
126 459 1.2517283229146832 1
174 463 0.9572040116406401 0
226 466 6.258641614573416 0
189 489 4.147884050442774 1
140 497 4.344233591292136 1
120 498 4.319689898685965 0
