296
560
500
50
148 187 2.380738182798515 1
147 201 5.988660995905543 0
175 230 2.5280003384355365 1
280 269 4.147884050442774 0
209 270 3.2888548092268146 0
185 288 1.8407769454627694 1
199 294 1.8162332528565992 1
128 304 1.718058482431918 0
211 306 0.8344855486097889 1
207 314 1.1780972450961724 0
247 316 1.3008157081270237 1
230 321 3.9515345095934116 1
103 329 4.8351074434155406 0
180 329 1.4726215563702154 1
253 340 4.3933209765044765 0
245 349 4.221515128261284 0
90 354 1.7671458676442586 0
144 356 1.521708941582556 0
224 365 0.8344855486097889 1
243 371 4.123340357836604 0
116 373 1.5953400194010667 0
221 383 0.859029241215959 1
157 386 1.423534171157875 0
247 390 3.9760782021995817 1
255 391 4.344233591292136 0
199 405 1.1780972450961724 1
216 408 0.9326603190344698 0
258 408 4.417864669110647 1
252 415 4.025165587411922 0
90 427 1.6444274046134073 0
265 429 4.76147636559703 0
253 437 4.000621894805752 1
115 440 4.71238898038469 0
160 449 1.2517283229146832 1
265 450 3.877903431774901 0
203 456 0.9572040116406401 0
278 457 5.203262832508095 1
250 462 0.1227184630308513 0
129 465 1.2026409377023426 0
218 483 4.147884050442774 1
155 487 4.3933209765044765 0
174 487 4.368777283898306 1
138 493 4.344233591292136 1
156 508 4.049709280018092 1
117 510 3.6815538909255388 0
136 512 3.9515345095934116 1
173 520 4.049709280018092 1
235 521 3.6815538909255388 0
207 529 3.8533597391687304 0
162 541 3.6324665057131984 0
