296
560
500
43
71 162 2.429825568010856 1
69 177 5.964117303299373 0
97 202 2.5770877236478773 1
128 241 3.3624858870453256 0
103 258 1.8653206380689396 1
117 264 1.8162332528565992 1
48 283 1.718058482431918 0
148 293 4.000621894805752 1
169 293 1.3008157081270237 0
128 296 1.1290098598838318 1
97 301 1.4480778637640452 1
22 308 4.859651136021712 0
172 318 4.442408361716817 0
162 322 4.246058820867455 0
63 334 1.5462526341887264 0
140 334 0.9326603190344698 1
160 346 4.172427743048944 0
35 352 1.5953400194010667 0
137 354 0.8835729338221293 1
204 363 1.4480778637640452 0
75 365 1.4480778637640452 0
160 365 4.049709280018092 0
172 365 4.319689898685965 0
119 377 1.1535535524900022 0
132 379 0.9572040116406401 0
179 381 4.491495746929157 0
169 389 4.147884050442774 0
183 404 4.6878452877785195 0
112 413 1.055378782065321 0
214 423 2.2580197197676637 1
78 428 1.2517283229146832 1
168 439 0.09817477042468103 0
49 446 1.1535535524900022 0
135 459 4.172427743048944 1
73 464 4.368777283898306 0
89 468 4.368777283898306 0
108 489 0.6872233929727672 0
156 497 3.6324665057131984 0
83 503 4.172427743048944 1
126 506 3.9269908169872414 0
94 513 4.172427743048944 1
87 519 3.7551849687440497 0
113 539 3.411573272257666 1
