296
560
500
42
126 92 0.19634954084936207 1
158 97 3.4606606574700063 0
124 138 0.1227184630308513 0
197 143 3.730641276137879 0
117 152 2.9697868053466014 0
242 154 0.9081166264282996 0
163 197 3.485204350076177 1
125 202 2.724349879284899 1
68 211 2.3071071049800045 0
206 234 1.030835089459151 0
147 253 2.8716120349219203 1
221 255 4.172427743048944 1
228 256 1.1780972450961724 0
183 262 4.025165587411922 0
88 267 1.9389517158874505 0
39 276 1.88986433067511 0
150 279 1.4480778637640452 0
146 292 1.521708941582556 0
222 309 1.423534171157875 0
248 323 1.325359400733194 0
97 327 1.521708941582556 0
152 355 0.5154175447295755 0
205 362 1.9880391010997909 1
135 367 0.9572040116406401 1
36 368 1.5953400194010667 1
186 371 4.957825906446392 1
127 381 0.8344855486097889 1
174 382 5.227806525114265 1
72 384 1.3008157081270237 0
246 385 1.4971652489763858 1
146 388 4.147884050442774 0
209 402 2.454369260617026 1
116 405 0.8344855486097889 0
237 411 1.8407769454627694 0
219 447 2.650718801466388 0
232 454 5.080544369477243 0
86 464 4.123340357836604 0
139 470 3.80427235395639 0
186 483 6.086835766330224 0
95 492 3.730641276137879 0
186 494 3.141592653589793 1
120 516 3.2643111166206444 0
