296
560
500
27
168 190 3.2888548092268146 0
187 193 0.5154175447295755 0
255 201 3.902447124381071 0
145 217 0.07363107781851078 0
256 217 4.196971435655114 0
216 219 3.6815538909255388 0
135 231 2.945243112740431 0
265 235 4.196971435655114 1
185 272 3.411573272257666 1
147 279 2.724349879284899 1
33 288 5.522330836388308 0
91 288 2.356194490192345 0
49 293 2.2089323345553233 0
232 304 0.9572040116406401 0
249 323 4.025165587411922 1
171 326 2.748893571891069 1
210 333 3.902447124381071 0
112 342 1.9389517158874505 0
64 346 1.88986433067511 0
174 366 1.4480778637640452 0
125 396 1.521708941582556 0
180 417 0.9081166264282996 0
212 417 4.344233591292136 1
198 420 4.196971435655114 1
165 431 1.055378782065321 1
204 439 4.221515128261284 0
157 449 1.0799224746714913 1
