296
560
500
43
134 138 0.2699806186678728 0
80 141 2.773437264497239 0
166 147 3.411573272257666 0
201 188 3.6570101983193686 0
129 190 0.0 0
122 204 2.82252464970958 0
172 242 3.3624858870453256 1
135 252 2.5770877236478773 1
79 266 2.2089323345553233 1
27 273 5.375068680751287 0
219 275 0.9326603190344698 0
44 278 2.1598449493429825 0
238 295 4.049709280018092 1
244 295 1.0062913968529805 0
163 299 2.748893571891069 1
199 304 3.902447124381071 0
165 313 2.2334760271614935 1
168 321 1.8653206380689396 0
106 322 1.7916895602504288 0
63 332 1.7916895602504288 0
167 341 1.3744467859455345 0
244 348 1.2762720155208536 0
123 380 1.3499030933393643 0
203 393 4.295146206079795 0
197 400 4.147884050442774 1
177 401 0.3190680038802134 1
234 401 1.8407769454627694 1
165 411 0.859029241215959 1
217 412 4.8351074434155406 1
69 416 1.521708941582556 1
206 424 5.105088062083414 1
160 428 0.662679700366597 1
107 433 1.2026409377023426 0
179 433 4.0987966652304335 0
244 440 2.356194490192345 1
153 452 0.6872233929727672 0
86 505 4.221515128261284 0
124 505 4.074252972624263 0
177 510 3.7551849687440497 0
222 521 6.013204688511713 0
83 522 3.902447124381071 0
129 531 3.7551849687440497 0
222 532 3.141592653589793 1
