296
560
500
52
38 134 5.375068680751287 1
265 144 4.049709280018092 1
187 149 3.4606606574700063 1
74 152 5.792311455056181 0
26 155 5.2768939103266055 0
210 163 4.049709280018092 1
74 168 2.3316507975861747 0
15 176 5.203262832508095 1
220 178 4.147884050442774 0
135 179 2.84706834231575 1
254 204 4.147884050442774 0
262 204 4.344233591292136 1
106 206 2.110757564130642 1
246 218 1.2026409377023426 0
191 226 3.5342917352885173 0
152 235 2.2580197197676637 1
253 239 4.270602513473625 1
66 243 1.8162332528565992 0
163 255 1.6935147898257479 0
260 263 4.368777283898306 0
36 271 1.7671458676442586 0
17 277 4.933282213840222 0
108 281 1.3989904785517047 0
270 289 4.516039439535327 0
222 303 3.77972866135022 1
72 315 1.3008157081270237 0
250 317 4.417864669110647 1
205 323 0.22089323345553233 1
145 326 0.9817477042468103 0
197 336 0.5154175447295755 1
35 341 1.4971652489763858 0
221 354 3.6570101983193686 0
199 355 0.3436116964863836 1
65 377 1.3008157081270237 1
204 381 0.3436116964863836 0
153 385 0.7853981633974483 0
112 387 1.055378782065321 1
67 412 2.012582793705961 1
73 414 1.4726215563702154 0
251 422 3.141592653589793 0
71 431 2.0371264863121317 0
82 441 1.9389517158874505 0
199 446 3.6570101983193686 0
162 459 3.8533597391687304 0
269 466 2.429825568010856 0
111 470 1.055378782065321 0
217 470 3.2397674240144743 1
166 477 3.485204350076177 0
107 478 1.9144080232812801 1
127 481 0.8344855486097889 0
122 489 1.5953400194010667 1
78 492 4.81056375080937 1
