296
560
500
27
75 189 5.64504929941916 0
255 199 3.509748042682347 0
183 209 6.234097921967246 0
177 223 2.8716120349219203 0
229 261 3.3379421944391554 1
191 272 2.6998061866787286 1
72 277 5.522330836388308 1
129 278 2.356194490192345 1
89 289 2.2089323345553233 0
278 289 0.9326603190344698 0
217 316 2.748893571891069 1
258 321 3.902447124381071 0
154 334 1.9389517158874505 0
220 338 2.2580197197676637 0
105 343 1.88986433067511 0
216 356 1.6198837120072371 1
167 393 1.5953400194010667 0
242 410 4.442408361716817 1
222 418 0.9817477042468103 0
241 423 4.442408361716817 1
203 429 1.055378782065321 1
98 431 1.6444274046134073 1
259 439 4.9823695990525625 1
137 449 1.3989904785517047 0
195 450 0.8099418560036186 1
215 458 4.221515128261284 0
182 475 0.760854470791278 0
