296
560
500
38
196 185 3.5342917352885173 0
246 190 0.7363107781851077 0
124 195 6.1850105367549055 0
121 210 2.82252464970958 0
175 244 3.215223731408304 1
138 260 2.454369260617026 1
229 270 0.9081166264282996 0
84 278 2.1598449493429825 0
247 289 4.000621894805752 1
255 292 1.055378782065321 0
211 302 3.7551849687440497 0
173 303 2.5280003384355365 1
178 326 2.086213871524472 0
116 332 1.8162332528565992 0
67 341 1.7916895602504288 0
177 342 1.4726215563702154 1
257 348 1.3008157081270237 0
284 357 1.0062913968529805 0
134 386 1.3989904785517047 0
211 388 4.221515128261284 1
192 398 0.5399612373357456 0
211 399 4.319689898685965 1
247 402 1.8653206380689396 1
231 410 4.7860200582032 1
177 414 0.859029241215959 1
215 417 4.957825906446392 0
74 430 1.4480778637640452 1
172 433 0.662679700366597 1
191 437 4.074252972624263 0
116 444 1.2026409377023426 0
261 444 2.282563412373834 0
165 460 0.6381360077604268 0
268 488 2.5770877236478773 0
191 517 3.6570101983193686 0
134 518 4.074252972624263 0
239 527 6.135923151542564 0
239 537 3.018874190558942 1
142 549 3.5588354278946874 1
