296
560
500
58
76 216 5.2768939103266055 0
224 216 3.5342917352885173 0
151 227 6.160466844148735 0
149 241 2.7979809571034093 0
258 275 3.8533597391687304 0
31 280 4.933282213840222 0
39 281 5.129631754689584 1
199 283 3.313398501832985 0
164 290 2.552544031041707 1
19 300 5.031456984264903 0
106 303 2.2334760271614935 1
253 303 1.1535535524900022 0
68 313 2.110757564130642 1
18 314 5.105088062083414 0
259 318 4.147884050442774 1
196 336 2.6998061866787286 1
261 338 1.227184630308513 0
21 340 5.154175447295755 1
237 340 3.8533597391687304 0
57 349 1.7916895602504288 0
137 357 1.8653206380689396 0
22 363 1.9144080232812801 0
89 367 1.7671458676442586 0
26 375 5.105088062083414 1
14 376 5.129631754689584 1
52 394 2.0371264863121317 0
55 407 1.8653206380689396 1
152 412 1.3989904785517047 0
17 422 5.080544369477243 1
74 425 4.565126824747668 0
7 431 5.227806525114265 1
196 434 0.9817477042468103 0
47 438 2.086213871524472 0
91 451 1.4480778637640452 0
214 452 4.319689898685965 0
194 461 1.1780972450961724 0
259 461 4.859651136021712 0
133 465 1.2026409377023426 0
226 467 4.7860200582032 0
199 470 4.221515128261284 0
246 470 1.7426021750380885 0
35 473 5.522330836388308 1
191 476 2.0371264863121317 1
220 482 4.81056375080937 0
201 488 4.73693267299086 0
179 490 4.9823695990525625 1
166 499 4.172427743048944 1
115 501 4.540583132141498 0
52 502 5.816855147662351 0
184 504 5.301437602932776 1
142 505 4.270602513473625 0
211 511 5.522330836388308 0
134 527 0.0 1
66 530 6.160466844148735 1
103 533 0.02454369260617026 1
46 534 0.04908738521234052 1
27 535 0.19634954084936207 1
206 540 5.964117303299373 0
