296
560
500
43
165 146 6.135923151542564 0
270 157 3.9760782021995817 1
161 160 2.724349879284899 0
279 174 4.123340357836604 0
278 191 3.902447124381071 1
215 193 3.2397674240144743 1
179 207 2.478912953223196 1
265 217 0.8835729338221293 0
122 227 2.110757564130642 1
89 244 2.012582793705961 0
212 251 2.6261751088602177 1
251 254 3.8288160465625602 0
224 270 1.0062913968529805 1
210 272 1.8407769454627694 0
156 279 1.718058482431918 0
221 289 1.0799224746714913 0
215 291 1.3744467859455345 1
112 294 1.6689710972195777 0
176 333 1.3008157081270237 0
258 338 4.221515128261284 0
234 345 0.8099418560036186 0
92 352 1.6935147898257479 0
250 356 3.902447124381071 1
274 359 4.76147636559703 1
221 362 0.9572040116406401 1
258 366 4.491495746929157 0
263 373 1.423534171157875 1
125 381 1.3989904785517047 1
163 386 1.1780972450961724 0
256 387 4.540583132141498 0
245 390 4.123340357836604 0
277 394 4.614214209960009 0
215 401 0.6872233929727672 1
257 420 4.196971435655114 0
269 439 4.663301595172349 1
239 451 3.902447124381071 1
208 453 0.859029241215959 0
179 463 1.5462526341887264 1
143 466 1.2026409377023426 1
162 480 4.295146206079795 0
54 484 5.080544369477243 0
60 515 0.07363107781851078 1
85 517 6.234097921967246 0
