296
560
500
72
195 13 0.07363107781851078 0
141 15 2.650718801466388 1
86 49 5.66959299202533 1
148 77 2.724349879284899 0
150 105 6.160466844148735 0
202 121 0.5890486225480862 1
31 122 5.301437602932776 1
69 128 5.375068680751287 1
175 157 0.5645049299419159 1
252 159 3.9269908169872414 0
75 160 5.2768939103266055 0
126 180 5.66959299202533 0
265 181 1.1535535524900022 0
221 191 1.055378782065321 1
158 192 0.4663301595172349 1
173 209 3.2643111166206444 0
150 211 0.07363107781851078 1
263 214 4.246058820867455 1
243 227 1.325359400733194 1
150 241 1.7916895602504288 1
213 246 1.4971652489763858 1
33 264 1.9634954084936207 0
234 274 1.4726215563702154 1
21 292 5.105088062083414 0
206 295 1.6444274046134073 0
190 306 1.7671458676442586 1
244 309 1.3744467859455345 0
101 316 4.9823695990525625 0
174 326 1.8407769454627694 1
248 327 4.540583132141498 0
253 336 1.423534171157875 1
227 337 1.6444274046134073 1
52 342 5.105088062083414 1
270 342 1.325359400733194 0
284 346 1.1044661672776617 0
133 355 2.061670178918302 1
208 355 1.718058482431918 1
23 367 5.301437602932776 0
50 376 5.350524988145116 0
175 376 1.9144080232812801 0
245 378 1.4971652489763858 1
69 383 5.448699758569798 1
179 392 4.908738521234052 1
163 396 5.080544369477243 0
99 398 5.375068680751287 0
53 403 5.816855147662351 0
222 404 4.7860200582032 1
274 419 1.521708941582556 1
81 442 5.8659425328746915 1
148 443 5.399612373357457 0
172 446 5.2768939103266055 0
234 453 5.203262832508095 0
255 454 5.227806525114265 0
157 455 2.6016314162540475 0
99 461 5.890486225480862 0
140 466 5.71868037723767 0
210 469 5.473243451175968 0
196 474 5.595961914206819 0
135 485 6.013204688511713 0
164 485 5.743224069843841 0
219 497 5.841398840268521 0
116 506 0.02454369260617026 1
177 506 6.062292073724054 1
133 507 3.1906800388021335 1
142 516 0.07363107781851078 0
200 516 6.258641614573416 0
46 523 6.1850105367549055 0
179 525 3.1906800388021335 1
159 529 3.117048960983623 1
124 539 0.04908738521234052 1
54 542 3.067961575771282 0
156 547 6.258641614573416 1
