296
560
500
74
126 31 2.6998061866787286 1
178 32 0.22089323345553233 0
67 65 5.66959299202533 1
131 88 2.724349879284899 1
217 88 0.4908738521234052 0
127 123 6.160466844148735 0
278 132 0.859029241215959 0
10 134 5.350524988145116 1
179 140 0.6381360077604268 1
46 144 5.399612373357457 1
55 176 5.301437602932776 1
152 177 0.6135923151542565 1
227 178 3.9515345095934116 0
102 198 5.66959299202533 0
240 201 1.1535535524900022 0
132 211 0.4908738521234052 1
196 211 1.0799224746714913 1
34 216 2.0371264863121317 0
148 228 3.141592653589793 0
27 229 5.154175447295755 0
238 234 4.270602513473625 1
111 242 5.792311455056181 1
218 249 1.3499030933393643 1
126 260 1.7426021750380885 0
182 265 1.4726215563702154 0
208 294 1.521708941582556 1
157 299 1.8162332528565992 1
267 312 1.1290098598838318 0
175 315 1.6689710972195777 1
152 317 4.933282213840222 1
160 319 1.7671458676442586 0
285 323 4.270602513473625 1
217 330 1.423534171157875 0
68 333 5.031456984264903 1
147 343 1.88986433067511 1
220 346 4.540583132141498 0
24 356 5.105088062083414 1
229 356 1.4480778637640452 0
199 357 1.6689710972195777 1
241 363 1.325359400733194 0
255 366 1.2026409377023426 0
104 374 2.110757564130642 1
179 375 1.7426021750380885 1
21 390 5.375068680751287 0
146 394 1.9634954084936207 0
216 397 1.521708941582556 1
39 398 5.473243451175968 1
149 412 4.933282213840222 1
133 415 5.105088062083414 0
68 416 5.399612373357457 0
21 418 5.890486225480862 0
192 425 4.81056375080937 1
238 441 1.4480778637640452 0
50 458 5.890486225480862 1
117 462 5.399612373357457 0
247 464 2.1353012567368124 1
141 465 5.2768939103266055 0
125 474 2.650718801466388 0
204 474 5.178719139901925 0
224 476 5.2768939103266055 0
67 478 5.915029918087033 0
107 484 5.767767762450011 0
161 489 5.424156065963627 1
179 489 5.497787143782138 0
103 503 6.062292073724054 0
132 505 5.767767762450011 0
188 518 5.841398840268521 0
81 523 0.09817477042468103 1
99 525 3.2397674240144743 1
144 525 6.135923151542564 1
108 534 0.1227184630308513 0
148 545 3.2397674240144743 1
166 545 6.234097921967246 1
125 548 3.141592653589793 1
