296
560
500
63
199 62 0.09817477042468103 0
150 64 2.6998061866787286 1
89 95 5.6941366846315 0
239 115 0.39269908169872414 0
156 120 2.6998061866787286 1
254 120 3.5342917352885173 1
153 156 6.135923151542564 0
37 168 5.350524988145116 1
205 170 0.5890486225480862 1
73 179 5.375068680751287 1
255 207 3.9269908169872414 0
180 208 0.5890486225480862 1
80 209 5.2768939103266055 0
269 227 1.0799224746714913 0
130 231 5.66959299202533 0
222 237 1.0062913968529805 1
162 243 0.4663301595172349 1
62 250 1.9634954084936207 0
178 261 3.3379421944391554 0
153 262 0.07363107781851078 1
265 262 4.196971435655114 0
55 266 5.129631754689584 0
248 277 1.2517283229146832 1
213 294 1.4726215563702154 0
39 308 1.9389517158874505 0
240 323 1.4480778637640452 1
29 340 5.080544369477243 1
207 346 1.6198837120072371 1
192 351 1.7426021750380885 0
251 354 1.3499030933393643 0
100 368 4.9823695990525625 1
180 374 1.8653206380689396 1
256 375 4.491495746929157 0
266 379 1.423534171157875 0
234 382 1.5953400194010667 1
278 384 1.2517283229146832 0
55 392 5.105088062083414 1
11 402 5.252350217720435 0
214 402 1.6935147898257479 1
142 408 2.110757564130642 0
24 412 5.399612373357457 0
259 420 1.4726215563702154 0
181 423 1.9144080232812801 0
53 424 5.399612373357457 0
72 432 5.473243451175968 1
186 441 4.884194828627882 1
168 445 5.080544369477243 0
102 449 5.399612373357457 0
231 450 4.76147636559703 1
54 451 5.890486225480862 0
86 490 5.890486225480862 1
154 491 5.399612373357457 0
179 493 5.301437602932776 0
245 497 5.178719139901925 0
164 502 2.6261751088602177 0
105 509 5.8659425328746915 0
148 512 5.743224069843841 0
222 513 5.448699758569798 0
206 518 5.64504929941916 0
144 530 6.013204688511713 0
174 530 5.71868037723767 0
231 541 5.71868037723767 0
191 548 6.062292073724054 1
