296
560
500
61
82 75 5.66959299202533 0
143 87 2.724349879284899 1
194 89 0.22089323345553233 0
82 115 5.71868037723767 0
274 121 3.7551849687440497 1
230 143 0.4663301595172349 0
146 145 2.724349879284899 1
248 147 3.5342917352885173 0
140 184 6.086835766330224 0
26 185 5.375068680751287 1
191 198 0.5890486225480862 1
61 199 5.448699758569798 1
65 233 5.350524988145116 0
242 235 3.9269908169872414 0
166 239 0.5890486225480862 1
256 257 1.1535535524900022 0
116 259 5.71868037723767 0
207 266 1.0062913968529805 1
47 268 2.012582793705961 0
145 275 0.4172427743048944 1
38 287 5.154175447295755 0
162 292 3.313398501832985 0
250 292 4.270602513473625 0
135 293 0.07363107781851078 1
232 304 1.3008157081270237 1
196 324 1.4971652489763858 0
20 326 1.9389517158874505 0
222 349 1.5462526341887264 1
9 359 5.080544369477243 1
279 365 1.1535535524900022 0
188 373 1.7426021750380885 1
172 376 1.7916895602504288 0
230 382 1.4726215563702154 0
79 391 5.056000676871073 1
158 402 1.9144080232812801 1
232 402 4.614214209960009 0
241 409 1.521708941582556 0
33 411 5.154175447295755 1
210 411 1.6935147898257479 1
254 418 1.3744467859455345 0
265 418 1.227184630308513 0
119 431 2.110757564130642 0
189 431 1.7916895602504288 1
30 444 5.448699758569798 0
226 449 1.521708941582556 1
156 451 1.9880391010997909 0
48 454 5.522330836388308 1
159 467 4.957825906446392 1
142 471 5.154175447295755 0
29 472 5.964117303299373 0
77 472 5.424156065963627 0
201 478 4.8351074434155406 1
59 513 5.915029918087033 1
124 517 5.448699758569798 0
149 519 5.301437602932776 0
211 528 5.227806525114265 0
133 529 2.650718801466388 0
75 533 5.915029918087033 0
116 539 5.743224069843841 0
187 542 5.497787143782138 0
171 547 5.64504929941916 0
