296
560
500
39
204 43 3.215223731408304 0
190 66 0.07363107781851078 0
139 72 2.5770877236478773 1
268 84 3.5833791205008576 1
236 112 0.3436116964863836 0
253 114 3.411573272257666 0
154 128 2.552544031041707 1
154 166 5.939573610693203 0
208 172 0.3436116964863836 1
264 197 3.730641276137879 0
71 202 5.301437602932776 1
192 215 0.2699806186678728 1
283 216 0.859029241215959 0
86 229 5.203262832508095 0
239 231 0.8099418560036186 1
147 244 5.522330836388308 0
284 248 4.025165587411922 0
181 253 0.14726215563702155 1
199 265 2.9697868053466014 0
274 267 1.030835089459151 1
176 273 6.062292073724054 1
244 288 1.1780972450961724 0
193 304 1.423534171157875 1
278 313 1.2026409377023426 1
253 339 1.325359400733194 1
240 348 1.423534171157875 0
235 375 1.5707963267948966 1
152 379 4.7860200582032 0
276 396 1.3744467859455345 1
205 412 1.88986433067511 0
255 420 1.4971652489763858 1
260 435 4.565126824747668 1
244 443 4.76147636559703 0
169 463 5.301437602932776 0
266 490 5.080544369477243 0
239 492 5.252350217720435 0
256 499 2.552544031041707 0
230 511 5.743224069843841 1
268 528 5.5714182216006485 0
