296
560
500
47
53 16 5.252350217720435 0
230 25 3.902447124381071 1
158 26 0.662679700366597 1
108 45 5.816855147662351 1
249 48 1.1535535524900022 0
199 56 1.0062913968529805 1
136 59 0.5399612373357456 1
150 77 3.2888548092268146 0
125 79 0.07363107781851078 1
243 82 4.221515128261284 0
134 92 1.0799224746714913 1
227 99 1.3008157081270237 1
189 116 1.423534171157875 0
217 145 1.4726215563702154 1
278 162 1.0799224746714913 0
183 166 1.6689710972195777 1
166 169 1.7671458676442586 0
74 178 5.056000676871073 0
227 179 1.3744467859455345 0
153 193 1.9144080232812801 1
231 197 4.540583132141498 0
19 198 5.203262832508095 1
242 208 1.4726215563702154 0
209 211 1.6444274046134073 1
254 214 1.325359400733194 0
267 217 1.2026409377023426 0
107 219 2.184388641949153 1
188 225 1.718058482431918 1
17 232 5.399612373357457 0
33 236 5.522330836388308 0
153 241 1.88986433067511 0
232 253 1.4971652489763858 0
65 260 5.497787143782138 0
156 261 4.933282213840222 1
18 263 5.841398840268521 0
144 264 5.006913291658733 1
202 278 4.8351074434155406 1
53 311 5.841398840268521 0
120 311 5.473243451175968 0
147 316 5.325981295538946 0
134 321 2.7979809571034093 0
67 326 5.939573610693203 0
106 328 5.988660995905543 1
188 343 5.473243451175968 0
170 348 5.66959299202533 0
105 353 6.111379458936394 0
136 356 5.841398840268521 0
