296
560
500
70
134 21 5.841398840268521 0
198 63 2.9206994201342606 0
65 85 5.546874528994478 1
191 93 0.07363107781851078 0
100 99 5.5714182216006485 0
237 121 0.859029241215959 1
104 131 5.522330836388308 0
203 151 0.8344855486097889 1
151 162 5.8659425328746915 0
76 165 2.282563412373834 0
275 170 4.221515128261284 0
63 180 5.399612373357457 0
181 181 0.859029241215959 1
237 193 1.3008157081270237 1
164 200 0.2454369260617026 1
284 200 1.4480778637640452 0
188 201 3.3870295796514958 0
167 213 1.3008157081270237 1
32 219 2.184388641949153 0
162 224 2.3071071049800045 0
272 226 4.491495746929157 1
249 241 1.5953400194010667 1
209 246 1.7916895602504288 1
11 247 5.350524988145116 0
228 286 1.7916895602504288 1
258 288 1.7671458676442586 1
81 289 5.2768939103266055 1
195 298 1.9634954084936207 0
175 299 2.0371264863121317 0
251 302 4.957825906446392 1
30 303 5.301437602932776 1
284 314 1.2762720155208536 0
156 319 2.1353012567368124 1
229 320 1.6935147898257479 0
21 338 5.522330836388308 0
103 339 2.3316507975861747 1
226 343 4.8351074434155406 0
203 346 1.8653206380689396 1
36 350 5.64504929941916 1
236 352 1.6935147898257479 0
179 358 1.9634954084936207 1
247 360 1.521708941582556 0
255 366 1.325359400733194 1
142 368 2.184388641949153 0
15 369 5.964117303299373 0
59 372 5.620505606812989 0
124 386 5.350524988145116 0
141 387 5.178719139901925 1
214 390 1.718058482431918 1
35 413 6.062292073724054 1
183 414 4.9823695990525625 1
98 431 5.620505606812989 0
230 433 1.7426021750380885 0
49 437 6.062292073724054 0
123 440 5.473243451175968 0
111 444 2.84706834231575 0
87 452 5.964117303299373 0
189 462 5.375068680751287 0
79 468 0.0 0
161 472 5.6941366846315 0
143 474 5.841398840268521 0
110 477 5.964117303299373 0
122 498 0.07363107781851078 1
79 500 0.3190680038802134 0
169 500 6.013204688511713 0
67 516 0.2945243112740431 0
147 516 0.09817477042468103 0
119 520 3.3870295796514958 1
99 521 3.3379421944391554 1
96 538 0.14726215563702155 1
