296
560
500
41
113 79 2.3316507975861747 1
123 85 5.71868037723767 1
116 99 5.473243451175968 1
112 116 2.356194490192345 1
169 122 2.748893571891069 1
130 129 5.841398840268521 0
15 155 5.154175447295755 0
165 159 6.209554229361076 0
49 169 5.350524988145116 0
83 175 5.448699758569798 1
221 175 0.7117670855789375 0
15 198 4.933282213840222 0
271 204 4.246058820867455 0
87 206 5.375068680751287 0
187 214 0.6381360077604268 1
263 215 3.9515345095934116 0
137 232 5.743224069843841 0
228 246 1.0799224746714913 1
64 248 2.110757564130642 0
167 254 0.5154175447295755 0
54 264 5.252350217720435 0
182 267 3.4606606574700063 0
148 272 6.135923151542564 1
250 285 1.325359400733194 1
213 304 1.5707963267948966 0
238 332 1.6444274046134073 1
202 352 1.8407769454627694 1
185 356 1.88986433067511 0
96 365 5.080544369477243 0
167 384 2.012582793705961 1
44 386 5.2768939103266055 0
118 407 2.3316507975861747 0
38 422 5.448699758569798 1
164 426 1.9880391010997909 0
52 427 5.595961914206819 1
80 443 5.5714182216006485 0
152 446 5.178719139901925 1
165 446 5.031456984264903 1
112 469 2.061670178918302 1
142 479 2.1353012567368124 1
115 485 5.301437602932776 0
