296
560
500
64
134 30 0.1718058482431918 0
86 32 2.454369260617026 1
163 75 3.215223731408304 0
253 84 3.9269908169872414 1
19 95 5.203262832508095 0
262 115 1.030835089459151 1
117 122 2.380738182798515 1
211 135 3.902447124381071 1
130 141 6.062292073724054 0
11 161 1.9634954084936207 1
216 185 1.3008157081270237 1
128 191 5.939573610693203 0
147 193 2.3071071049800045 1
248 204 4.3933209765044765 1
154 207 1.2762720155208536 1
40 213 5.006913291658733 1
256 223 1.227184630308513 0
72 224 1.7426021750380885 1
18 228 1.9634954084936207 1
150 240 1.5462526341887264 0
249 269 1.3008157081270237 0
23 270 1.9144080232812801 0
131 272 1.325359400733194 1
175 273 1.6689710972195777 1
213 292 1.521708941582556 0
112 304 1.2762720155208536 1
83 310 1.5707963267948966 0
145 316 4.466952054322987 0
108 324 1.325359400733194 0
187 324 1.6689710972195777 1
29 327 1.7916895602504288 0
169 337 1.88986433067511 1
151 341 4.957825906446392 0
254 342 1.3008157081270237 0
136 343 4.442408361716817 0
139 356 4.6878452877785195 0
117 362 0.9572040116406401 1
180 362 1.8407769454627694 1
98 363 1.3008157081270237 1
219 363 1.5953400194010667 0
130 368 4.344233591292136 0
148 370 4.9823695990525625 0
135 379 4.074252972624263 0
143 391 5.105088062083414 0
80 395 1.1535535524900022 0
124 405 6.160466844148735 0
118 410 4.196971435655114 1
178 411 2.086213871524472 1
61 412 1.227184630308513 1
149 425 3.141592653589793 0
123 432 6.258641614573416 0
71 441 4.368777283898306 1
116 454 3.902447124381071 1
194 454 5.105088062083414 0
160 463 5.350524988145116 1
106 465 3.80427235395639 1
67 468 4.000621894805752 1
85 468 3.9515345095934116 0
234 473 5.252350217720435 0
198 493 5.620505606812989 0
160 495 2.8716120349219203 1
206 519 5.8659425328746915 0
260 523 2.675262494072558 1
161 529 5.8659425328746915 0
