296
560
500
71
83 54 0.2454369260617026 0
153 54 0.7117670855789375 1
143 57 3.6324665057131984 0
187 80 3.8533597391687304 0
110 101 3.1906800388021335 0
196 105 3.902447124381071 1
234 105 0.9081166264282996 1
90 140 0.19634954084936207 1
206 141 0.9817477042468103 0
64 151 2.380738182798515 1
98 153 2.748893571891069 1
159 160 3.8533597391687304 1
76 171 6.037748381117884 0
253 182 4.074252972624263 0
165 208 1.227184630308513 1
198 219 4.246058820867455 1
81 223 6.062292073724054 1
95 223 2.6016314162540475 1
208 241 1.1290098598838318 0
21 249 1.6689710972195777 1
274 257 0.9081166264282996 0
100 269 1.4480778637640452 0
246 271 0.9817477042468103 0
205 285 1.2026409377023426 0
129 296 1.5707963267948966 1
267 303 4.123340357836604 0
86 309 1.1780972450961724 1
171 310 1.4480778637640452 0
100 320 4.491495746929157 0
108 329 4.71238898038469 1
67 330 1.1535535524900022 1
42 336 1.4726215563702154 1
274 339 0.9572040116406401 0
102 341 4.442408361716817 0
146 345 1.5707963267948966 1
65 349 1.2517283229146832 0
216 356 1.227184630308513 0
129 357 1.8162332528565992 1
254 358 1.1780972450961724 1
111 364 4.884194828627882 0
96 367 4.319689898685965 0
104 379 4.663301595172349 1
184 379 1.5462526341887264 0
138 381 1.7426021750380885 0
58 385 1.227184630308513 1
78 387 0.7363107781851077 1
110 392 4.908738521234052 0
106 412 5.056000676871073 0
41 418 1.055378782065321 0
92 422 5.939573610693203 1
143 429 2.012582793705961 1
79 435 4.0987966652304335 0
23 437 1.0799224746714913 1
115 445 3.067961575771282 0
267 448 1.7671458676442586 1
89 454 6.1850105367549055 0
38 460 4.221515128261284 0
162 470 5.105088062083414 0
94 478 3.6324665057131984 1
128 481 5.350524988145116 1
240 481 5.154175447295755 0
72 487 3.730641276137879 1
205 487 5.178719139901925 0
225 488 5.473243451175968 0
50 489 3.8533597391687304 0
30 490 3.9515345095934116 1
170 508 5.5714182216006485 0
128 509 2.84706834231575 0
178 535 5.816855147662351 0
16 537 0.2699806186678728 1
248 539 2.675262494072558 0
