296
560
500
66
144 77 0.662679700366597 1
77 79 0.22089323345553233 0
139 82 3.6079228131070282 0
182 103 3.8533597391687304 0
105 124 3.141592653589793 0
227 125 0.8835729338221293 1
191 126 3.8533597391687304 1
202 162 0.9817477042468103 0
87 164 0.14726215563702155 1
62 176 2.356194490192345 1
96 176 2.6998061866787286 1
156 182 3.8533597391687304 1
74 195 6.013204688511713 0
249 204 4.074252972624263 0
163 229 1.2026409377023426 1
197 241 4.221515128261284 1
95 245 2.5034566458293663 1
81 247 5.939573610693203 1
104 260 1.8653206380689396 1
207 263 1.1290098598838318 0
21 276 1.6935147898257479 1
271 276 0.8099418560036186 0
101 293 1.4480778637640452 0
245 293 0.9817477042468103 0
205 308 1.1780972450961724 0
130 319 1.5707963267948966 1
266 324 4.0987966652304335 0
86 329 1.2026409377023426 1
171 334 1.3989904785517047 0
68 355 1.1780972450961724 1
43 361 1.4971652489763858 1
274 361 0.9081166264282996 0
104 366 4.516039439535327 0
148 370 1.5707963267948966 1
66 374 1.227184630308513 0
217 378 1.2026409377023426 0
255 380 1.1290098598838318 1
130 384 1.8162332528565992 1
96 389 4.319689898685965 0
112 390 4.884194828627882 0
105 400 4.663301595172349 1
185 402 1.4971652489763858 0
139 407 1.718058482431918 0
59 412 1.2026409377023426 1
80 413 0.760854470791278 1
111 419 4.908738521234052 0
104 431 3.6570101983193686 1
108 437 5.056000676871073 0
43 444 1.055378782065321 0
93 448 5.915029918087033 1
146 453 1.9880391010997909 1
81 461 4.0987966652304335 0
25 466 1.1290098598838318 1
117 470 3.043417883165112 0
92 480 6.135923151542564 0
36 489 4.270602513473625 1
166 495 5.080544369477243 0
99 505 3.5833791205008576 1
132 507 5.325981295538946 1
208 512 5.178719139901925 0
229 512 5.227806525114265 0
77 514 3.706097583531709 1
33 518 3.9269908169872414 1
55 518 3.8288160465625602 0
135 534 2.773437264497239 0
175 534 5.522330836388308 0
