296
560
500
51
102 100 3.1661363461959633 1
120 111 3.117048960983623 0
162 139 0.19634954084936207 0
52 172 2.478912953223196 0
123 195 3.2888548092268146 0
60 215 5.841398840268521 1
201 218 3.6570101983193686 1
71 220 2.061670178918302 1
217 225 0.4172427743048944 1
163 227 0.6381360077604268 1
44 242 1.7426021750380885 1
65 245 5.497787143782138 0
246 261 0.5399612373357456 0
122 276 1.5462526341887264 0
133 301 0.9572040116406401 1
225 313 0.859029241215959 1
179 325 1.0062913968529805 0
70 348 1.030835089459151 1
169 352 3.9760782021995817 1
227 358 0.9572040116406401 1
182 360 3.9269908169872414 1
160 361 0.7117670855789375 1
43 362 4.319689898685965 1
279 367 1.0062913968529805 1
217 375 1.1780972450961724 1
179 377 3.8288160465625602 1
33 379 1.2762720155208536 0
152 387 0.6872233929727672 1
240 391 1.1290098598838318 0
208 392 4.221515128261284 0
191 400 3.7551849687440497 0
204 401 4.049709280018092 1
165 403 0.6135923151542565 1
137 410 0.8835729338221293 1
63 412 1.2026409377023426 1
209 418 3.730641276137879 0
220 419 4.221515128261284 1
197 430 0.02454369260617026 1
273 430 1.325359400733194 1
180 442 0.6135923151542565 1
100 457 1.1290098598838318 0
256 457 2.6016314162540475 1
56 461 1.227184630308513 0
181 479 0.5399612373357456 1
245 483 5.473243451175968 0
263 497 2.945243112740431 1
182 504 0.5154175447295755 1
210 517 3.6324665057131984 0
251 517 3.067961575771282 1
234 531 3.1906800388021335 0
222 542 3.1906800388021335 1
