296
560
500
63
148 91 3.5833791205008576 1
162 101 0.7117670855789375 1
119 113 3.3379421944391554 0
201 115 0.859029241215959 1
69 123 6.234097921967246 1
194 131 3.902447124381071 1
89 138 0.2945243112740431 1
48 140 2.6016314162540475 1
161 147 0.6872233929727672 1
153 150 3.6324665057131984 0
199 169 3.8288160465625602 1
114 189 3.1906800388021335 1
205 195 3.8533597391687304 1
267 198 4.025165587411922 1
241 199 0.8835729338221293 0
221 243 0.9572040116406401 1
66 248 2.380738182798515 1
162 249 3.77972866135022 1
83 265 6.086835766330224 0
266 273 4.025165587411922 0
174 301 1.1780972450961724 1
235 313 0.8835729338221293 0
78 316 5.767767762450011 1
102 317 2.2089323345553233 1
212 318 4.246058820867455 1
115 320 1.0799224746714913 1
110 329 1.5462526341887264 0
221 330 1.0799224746714913 0
119 335 1.2026409377023426 1
106 343 1.6444274046134073 0
22 344 1.7671458676442586 1
109 364 1.4480778637640452 0
267 368 0.8835729338221293 0
220 377 1.1780972450961724 0
139 390 1.5707963267948966 1
109 413 4.491495746929157 0
180 413 1.4480778637640452 1
113 424 4.589670517353839 0
76 427 1.2026409377023426 1
45 436 1.4726215563702154 1
157 441 1.5707963267948966 1
79 450 1.1535535524900022 1
273 452 1.1290098598838318 1
232 453 1.227184630308513 0
139 456 1.8162332528565992 1
105 459 4.295146206079795 0
122 460 4.8351074434155406 0
115 476 4.638757902566179 1
148 480 1.7426021750380885 0
192 480 1.521708941582556 1
65 484 1.227184630308513 1
89 486 0.7853981633974483 1
120 491 4.908738521234052 0
109 495 3.730641276137879 0
113 509 5.006913291658733 1
39 513 1.0799224746714913 1
134 514 2.184388641949153 1
100 528 6.013204688511713 0
22 529 1.0799224746714913 1
88 529 4.123340357836604 1
129 529 5.056000676871073 0
154 529 1.9880391010997909 1
124 546 3.067961575771282 0
