296
560
500
70
199 45 0.5399612373357456 1
102 55 6.013204688511713 1
155 63 3.1661363461959633 0
234 69 3.730641276137879 1
111 80 6.086835766330224 1
140 98 0.14726215563702155 0
93 100 2.454369260617026 1
55 109 5.5714182216006485 1
246 109 3.7551849687440497 1
255 135 3.7551849687440497 1
175 146 3.215223731408304 0
273 183 0.8835729338221293 1
152 187 0.14726215563702155 1
159 195 2.724349879284899 0
121 201 2.3316507975861747 1
220 202 3.77972866135022 1
138 220 5.988660995905543 0
18 228 2.0371264863121317 1
228 250 1.1535535524900022 1
269 267 4.196971435655114 1
138 271 5.890486225480862 0
156 272 2.2089323345553233 1
278 275 1.0062913968529805 0
49 286 4.957825906446392 1
33 290 1.9389517158874505 0
84 293 1.6935147898257479 1
171 296 1.1780972450961724 0
165 300 1.5707963267948966 1
163 317 1.423534171157875 0
277 323 1.1044661672776617 0
39 335 1.8653206380689396 1
193 343 1.5707963267948966 1
232 354 1.3989904785517047 1
168 377 4.663301595172349 0
132 381 1.2517283229146832 1
106 385 1.4971652489763858 1
167 388 4.589670517353839 0
211 391 1.5707963267948966 1
40 392 1.7426021750380885 1
133 397 1.1780972450961724 1
193 406 1.7916895602504288 1
160 412 4.295146206079795 0
176 412 4.8351074434155406 0
203 428 1.7426021750380885 0
246 428 1.5707963267948966 1
123 434 1.227184630308513 1
144 437 0.760854470791278 1
174 442 4.933282213840222 0
167 454 3.6570101983193686 1
173 461 4.957825906446392 0
97 464 1.1044661672776617 0
189 464 2.405281875404685 1
159 472 5.890486225480862 1
209 477 1.9880391010997909 1
145 479 4.147884050442774 1
87 482 1.0062913968529805 1
190 483 5.006913291658733 0
178 496 3.117048960983623 0
155 503 6.209554229361076 0
109 507 4.147884050442774 1
229 518 5.080544369477243 0
64 526 4.147884050442774 0
159 527 3.6570101983193686 1
199 533 5.325981295538946 0
271 533 5.620505606812989 0
137 534 3.7551849687440497 1
116 536 3.877903431774901 0
257 537 5.5714182216006485 0
92 539 3.8288160465625602 0
258 546 2.6016314162540475 1
