296
560
500
55
129 128 3.2643111166206444 0
81 141 6.1850105367549055 1
208 147 3.877903431774901 1
60 159 2.552544031041707 1
109 159 0.2945243112740431 0
242 162 4.0987966652304335 0
176 163 0.6872233929727672 1
169 166 3.6570101983193686 0
211 189 3.8533597391687304 0
12 192 5.399612373357457 0
262 199 4.196971435655114 1
136 207 3.2643111166206444 0
219 212 3.902447124381071 1
110 245 0.19634954084936207 1
228 250 1.030835089459151 0
86 253 2.5034566458293663 1
120 258 2.8961557275280905 1
176 268 3.8533597391687304 0
97 273 6.086835766330224 0
270 288 4.123340357836604 0
182 316 1.3008157081270237 1
91 323 5.964117303299373 0
112 325 2.380738182798515 1
216 333 4.344233591292136 1
33 347 1.7916895602504288 1
223 350 1.227184630308513 0
111 371 1.5707963267948966 0
259 382 1.030835089459151 0
215 393 1.2517283229146832 0
137 401 1.718058482431918 1
252 403 1.030835089459151 1
262 420 4.196971435655114 1
178 421 1.521708941582556 0
72 431 1.3499030933393643 1
107 431 4.81056375080937 0
42 433 1.5953400194010667 0
101 443 4.614214209960009 1
72 450 1.3008157081270237 1
149 453 1.6689710972195777 1
96 464 4.417864669110647 0
130 464 1.9144080232812801 1
221 467 1.325359400733194 0
112 468 4.957825906446392 0
104 475 4.76147636559703 1
180 485 1.6198837120072371 1
57 487 1.3008157081270237 1
137 489 1.8407769454627694 0
79 491 1.1535535524900022 1
92 491 4.368777283898306 1
108 496 5.006913291658733 0
77 517 4.417864669110647 0
38 518 1.1535535524900022 0
117 525 1.9880391010997909 1
75 538 4.172427743048944 0
137 538 2.0371264863121317 1
