296
560
500
55
178 113 0.7117670855789375 1
132 124 3.2888548092268146 0
211 128 0.8835729338221293 0
87 135 6.234097921967246 1
211 144 3.877903431774901 1
63 152 2.5770877236478773 1
112 154 0.3190680038802134 0
33 158 5.71868037723767 0
271 178 4.147884050442774 0
214 186 3.877903431774901 0
138 202 3.2643111166206444 0
221 208 3.902447124381071 1
253 209 0.9081166264282996 0
112 239 0.2454369260617026 1
230 246 1.0062913968529805 0
87 247 2.5034566458293663 1
118 248 2.84706834231575 0
180 262 3.877903431774901 1
97 268 6.135923151542564 0
272 282 4.074252972624263 0
183 310 1.2762720155208536 1
105 317 2.6016314162540475 0
92 318 5.988660995905543 0
218 327 4.319689898685965 1
32 337 1.8407769454627694 1
225 343 1.1780972450961724 0
263 376 1.030835089459151 0
219 387 1.2517283229146832 0
139 394 1.718058482431918 1
255 395 1.055378782065321 1
92 402 1.2517283229146832 1
177 412 1.4726215563702154 1
106 414 4.565126824747668 0
266 414 4.221515128261284 1
71 422 1.3008157081270237 1
40 426 1.5707963267948966 0
108 427 4.7860200582032 0
102 436 4.466952054322987 1
72 443 1.2762720155208536 1
153 444 1.718058482431918 1
97 457 4.3933209765044765 0
132 457 1.9389517158874505 1
114 460 4.957825906446392 0
225 460 1.325359400733194 0
105 469 4.76147636559703 1
58 479 1.3008157081270237 1
140 480 1.8653206380689396 0
184 480 1.6444274046134073 1
79 481 1.055378782065321 1
99 481 4.417864669110647 0
110 488 5.006913291658733 0
37 509 1.1535535524900022 0
121 513 2.3071071049800045 1
140 528 2.1353012567368124 1
75 529 4.172427743048944 0
