296
560
500
53
111 109 2.6261751088602177 0
196 122 0.5154175447295755 0
75 125 5.743224069843841 1
189 138 3.2397674240144743 0
135 150 6.062292073724054 0
213 154 3.509748042682347 0
104 158 5.841398840268521 0
158 162 0.19634954084936207 0
145 187 2.945243112740431 0
204 202 0.760854470791278 1
93 216 5.767767762450011 0
196 231 3.6324665057131984 0
67 257 2.405281875404685 0
123 257 2.6016314162540475 0
258 267 4.000621894805752 0
112 277 6.037748381117884 0
56 286 5.473243451175968 0
115 296 2.478912953223196 0
195 296 1.0062913968529805 0
31 299 2.3071071049800045 0
164 302 0.9817477042468103 0
76 303 5.620505606812989 1
76 304 5.595961914206819 1
129 310 0.4663301595172349 1
183 337 4.147884050442774 1
145 345 1.227184630308513 1
131 346 1.423534171157875 1
61 349 1.9144080232812801 1
230 352 4.147884050442774 0
214 356 1.0799224746714913 0
248 360 1.030835089459151 0
186 377 1.325359400733194 1
274 383 1.0062913968529805 1
61 391 1.7426021750380885 0
92 400 1.7426021750380885 1
64 410 4.933282213840222 1
40 432 1.7671458676442586 1
207 437 1.3499030933393643 1
162 448 1.5462526341887264 1
237 453 1.2026409377023426 1
130 458 4.663301595172349 1
16 465 1.5953400194010667 0
135 477 4.6878452877785195 1
77 482 1.3499030933393643 0
199 484 1.5462526341887264 1
91 487 1.1044661672776617 1
105 491 0.7853981633974483 1
231 513 1.5707963267948966 0
138 515 4.123340357836604 1
146 521 4.663301595172349 0
140 527 3.509748042682347 1
98 539 0.6135923151542565 0
174 544 1.7426021750380885 0
