296
560
500
76
152 53 2.773437264497239 1
214 65 0.5890486225480862 1
108 96 5.743224069843841 1
172 97 0.2454369260617026 1
214 99 3.5342917352885173 0
171 110 2.9943304979527716 1
149 129 2.650718801466388 0
83 134 2.3071071049800045 0
268 138 4.221515128261284 0
17 147 5.105088062083414 1
139 147 6.062292073724054 0
17 158 5.080544369477243 1
274 158 4.172427743048944 0
78 161 5.497787143782138 1
229 169 1.055378782065321 1
143 170 2.5770877236478773 1
192 173 1.030835089459151 0
157 178 0.5890486225480862 1
278 179 4.246058820867455 0
49 180 2.2089323345553233 0
12 198 5.252350217720435 1
210 210 4.172427743048944 1
174 215 1.2517283229146832 0
83 216 1.9389517158874505 1
156 216 1.4480778637640452 1
148 224 2.012582793705961 0
254 228 4.295146206079795 0
239 232 1.2517283229146832 0
269 240 1.227184630308513 0
211 249 1.4480778637640452 1
87 258 1.718058482431918 1
115 264 1.7671458676442586 1
87 273 4.884194828627882 1
8 282 1.9389517158874505 1
60 301 1.7671458676442586 1
216 315 1.6198837120072371 0
183 318 1.7916895602504288 1
151 326 4.73693267299086 1
242 342 1.4480778637640452 1
36 344 1.718058482431918 0
93 344 1.5462526341887264 1
157 346 4.859651136021712 0
164 348 1.7426021750380885 1
111 350 1.3989904785517047 1
123 354 1.1780972450961724 1
144 364 4.466952054322987 1
203 368 1.8162332528565992 1
151 369 4.7860200582032 0
163 371 4.908738521234052 1
247 384 1.5707963267948966 0
144 391 4.491495746929157 1
77 392 1.2517283229146832 1
149 394 4.908738521234052 0
220 412 1.8162332528565992 1
14 413 4.614214209960009 1
139 414 5.178719139901925 1
240 417 4.73693267299086 0
80 429 1.1044661672776617 0
165 429 2.1353012567368124 0
16 437 1.3744467859455345 1
166 444 4.908738521234052 0
158 446 3.0925052683774528 1
120 448 4.0987966652304335 1
175 458 5.227806525114265 0
42 469 4.270602513473625 0
166 473 5.448699758569798 0
69 476 4.196971435655114 1
93 480 4.147884050442774 0
209 485 5.350524988145116 1
46 494 3.9760782021995817 0
182 495 5.841398840268521 0
150 496 6.234097921967246 1
103 517 3.706097583531709 0
74 521 3.730641276137879 0
219 531 2.8961557275280905 1
116 537 3.3870295796514958 0
