296
560
500
59
65 145 2.945243112740431 0
14 178 5.915029918087033 1
76 193 0.1227184630308513 1
20 211 2.405281875404685 0
89 218 3.043417883165112 1
160 222 3.509748042682347 0
222 249 0.3190680038802134 1
46 251 5.915029918087033 0
51 257 2.3316507975861747 1
56 271 6.086835766330224 1
76 271 2.773437264497239 1
124 277 0.3190680038802134 0
45 291 2.0371264863121317 0
182 303 3.6324665057131984 0
201 308 0.6381360077604268 1
103 310 0.14726215563702155 1
177 314 0.662679700366597 0
46 315 5.424156065963627 0
238 316 0.2945243112740431 1
256 317 3.436116964863836 1
140 319 3.4606606574700063 1
63 332 1.9389517158874505 0
84 333 6.037748381117884 1
268 334 0.5154175447295755 1
166 346 0.8099418560036186 1
118 351 0.5890486225480862 1
109 360 0.9081166264282996 1
108 374 1.3989904785517047 0
122 375 0.9326603190344698 0
118 383 1.1535535524900022 1
209 396 0.9817477042468103 0
242 397 0.8099418560036186 1
44 400 1.3744467859455345 1
183 414 1.1044661672776617 1
99 420 1.1290098598838318 1
176 423 1.1290098598838318 1
273 430 0.9326603190344698 0
68 435 1.0799224746714913 0
183 438 4.270602513473625 1
228 443 1.1044661672776617 1
167 448 4.0987966652304335 1
85 450 4.295146206079795 1
180 458 4.049709280018092 1
190 458 1.0062913968529805 1
267 467 1.1290098598838318 1
204 473 4.172427743048944 1
70 480 1.1290098598838318 1
162 487 0.5154175447295755 1
151 494 0.6872233929727672 1
134 497 0.859029241215959 0
204 503 4.246058820867455 1
196 504 3.6815538909255388 0
211 529 4.76147636559703 0
267 533 4.589670517353839 1
243 538 2.5034566458293663 1
146 542 0.7853981633974483 0
165 547 0.6381360077604268 0
201 547 3.509748042682347 0
161 553 3.877903431774901 1
