296
560
500
57
59 15 1.9144080232812801 1
122 18 1.9144080232812801 1
248 22 1.2026409377023426 0
132 29 1.4971652489763858 1
124 36 1.6444274046134073 0
191 38 1.3744467859455345 1
270 52 1.0799224746714913 1
61 58 1.6689710972195777 0
96 61 1.718058482431918 1
66 76 4.884194828627882 1
42 101 1.718058482431918 1
201 101 1.5707963267948966 0
158 110 1.7671458676442586 1
169 110 1.7426021750380885 1
138 123 4.638757902566179 1
155 124 4.908738521234052 1
227 125 1.4971652489763858 1
145 143 4.81056375080937 0
152 144 1.6689710972195777 1
16 146 1.6689710972195777 1
83 146 1.4480778637640452 0
104 146 1.1535535524900022 0
98 151 1.325359400733194 1
191 156 1.7426021750380885 1
153 164 4.8351074434155406 1
137 172 4.663301595172349 1
231 174 1.5707963267948966 0
257 178 1.2762720155208536 0
131 188 4.417864669110647 0
68 190 1.3744467859455345 0
136 194 4.884194828627882 1
243 201 1.6198837120072371 1
206 203 1.7916895602504288 1
80 205 1.1044661672776617 0
224 207 4.73693267299086 0
263 221 1.521708941582556 0
141 227 5.080544369477243 0
149 245 3.0925052683774528 1
115 251 4.025165587411922 1
166 259 5.203262832508095 1
150 266 5.546874528994478 1
23 269 4.270602513473625 1
61 276 4.172427743048944 0
85 279 4.0987966652304335 1
192 282 5.350524988145116 1
223 283 5.301437602932776 0
30 292 3.902447124381071 0
168 294 5.743224069843841 0
135 295 6.234097921967246 1
83 315 3.77972866135022 0
57 319 3.730641276137879 0
204 326 5.964117303299373 0
67 335 0.19634954084936207 0
95 335 3.3379421944391554 0
160 358 3.141592653589793 1
137 364 0.0 1
115 380 3.2397674240144743 0
