296
560
500
59
153 131 3.1906800388021335 0
100 145 5.988660995905543 0
175 153 3.4606606574700063 1
64 155 5.816855147662351 0
119 157 0.09817477042468103 0
102 184 2.7979809571034093 0
167 192 0.662679700366597 1
161 219 3.5342917352885173 1
53 221 5.66959299202533 0
109 223 0.14726215563702155 1
113 238 2.8716120349219203 1
225 253 3.9515345095934116 0
89 265 2.478912953223196 0
32 266 2.3071071049800045 0
169 289 0.7853981633974483 0
78 290 5.8659425328746915 0
26 300 5.424156065963627 1
136 306 0.7117670855789375 0
88 310 2.429825568010856 0
274 312 0.7853981633974483 1
103 324 0.1718058482431918 1
164 334 3.80427235395639 1
211 336 4.000621894805752 0
203 339 1.030835089459151 1
231 350 1.030835089459151 0
129 355 0.9572040116406401 1
114 359 1.227184630308513 1
39 362 1.8162332528565992 1
109 367 1.8162332528565992 0
178 372 1.1535535524900022 1
115 376 1.3989904785517047 1
259 376 0.6872233929727672 1
277 384 3.77972866135022 1
48 403 1.5462526341887264 0
84 412 1.4726215563702154 1
57 426 4.71238898038469 1
199 428 1.3499030933393643 0
157 441 1.5707963267948966 1
168 441 1.521708941582556 1
30 447 1.5953400194010667 1
230 449 1.1780972450961724 1
138 459 4.466952054322987 1
157 460 4.6878452877785195 1
157 474 1.521708941582556 1
145 476 4.540583132141498 1
199 484 1.4726215563702154 1
86 488 1.2517283229146832 0
247 493 1.3499030933393643 0
104 494 1.1290098598838318 1
119 498 0.8835729338221293 1
162 499 4.663301595172349 1
137 501 4.172427743048944 0
145 503 4.516039439535327 1
143 523 4.196971435655114 0
227 525 1.5953400194010667 1
150 526 4.638757902566179 1
248 527 4.491495746929157 0
77 533 1.1535535524900022 0
141 539 4.442408361716817 0
