296
560
500
79
106 28 2.8961557275280905 0
178 44 0.7853981633974483 1
51 60 5.767767762450011 0
166 67 3.5833791205008576 1
115 68 0.2454369260617026 1
109 83 2.9697868053466014 1
14 109 2.478912953223196 0
228 112 4.0987966652304335 0
82 113 2.724349879284899 1
67 131 5.939573610693203 0
165 137 0.9326603190344698 1
125 154 0.859029241215959 0
71 157 2.6016314162540475 1
22 160 2.1598449493429825 1
31 160 5.64504929941916 0
88 166 0.36815538909255385 1
264 183 1.0062913968529805 1
148 185 3.9760782021995817 1
198 194 4.172427743048944 0
184 200 1.1780972450961724 0
105 202 1.055378782065321 1
9 203 1.88986433067511 1
89 205 1.2762720155208536 1
215 210 1.1780972450961724 0
83 214 1.9880391010997909 0
156 229 1.2517283229146832 1
238 242 0.9817477042468103 1
13 247 1.6198837120072371 0
254 256 4.049709280018092 1
49 262 1.5462526341887264 1
20 274 4.73693267299086 1
253 283 1.1290098598838318 1
172 288 1.4726215563702154 0
136 297 1.5953400194010667 1
125 299 1.6935147898257479 1
123 311 4.8351074434155406 1
104 313 4.516039439535327 1
200 313 1.3989904785517047 1
122 330 1.5953400194010667 1
114 331 4.71238898038469 0
47 339 1.3008157081270237 0
166 342 1.6444274046134073 1
65 345 1.1535535524900022 1
81 349 0.8835729338221293 1
125 354 4.73693267299086 1
208 362 1.4726215563702154 0
233 367 1.1535535524900022 0
108 373 4.295146206079795 1
116 381 4.73693267299086 0
39 384 1.227184630308513 0
186 390 1.6935147898257479 1
103 391 4.147884050442774 0
200 392 4.638757902566179 1
222 394 1.4726215563702154 1
54 400 0.8835729338221293 0
101 403 5.129631754689584 0
114 410 5.080544369477243 1
240 416 1.2517283229146832 1
88 417 4.000621894805752 0
247 433 1.4726215563702154 0
136 436 2.8716120349219203 0
149 440 5.105088062083414 0
256 449 1.2026409377023426 0
141 459 5.325981295538946 0
177 466 5.252350217720435 0
75 469 3.9515345095934116 0
212 471 5.203262832508095 0
242 471 5.424156065963627 1
44 475 4.000621894805752 1
158 482 5.792311455056181 0
125 485 6.160466844148735 1
232 492 5.816855147662351 0
19 493 3.730641276137879 0
81 511 3.6324665057131984 0
229 513 6.037748381117884 0
200 514 5.964117303299373 0
53 522 3.5588354278946874 1
93 528 3.215223731408304 0
68 532 0.07363107781851078 0
