296
560
500
66
145 107 5.988660995905543 1
173 120 0.02454369260617026 0
119 123 5.6941366846315 0
163 147 2.773437264497239 0
222 152 0.5890486225480862 1
115 184 5.66959299202533 0
218 186 3.4606606574700063 0
170 188 0.1227184630308513 1
172 202 2.8716120349219203 1
170 216 0.2945243112740431 1
188 226 3.313398501832985 1
148 227 2.454369260617026 0
94 229 2.184388641949153 0
18 237 5.154175447295755 0
141 249 5.890486225480862 0
228 251 0.859029241215959 0
16 252 5.105088062083414 0
90 262 5.375068680751287 1
195 264 0.7363107781851077 0
145 270 2.3071071049800045 0
67 278 2.086213871524472 0
164 281 0.22089323345553233 1
222 295 3.877903431774901 1
269 300 4.049709280018092 0
42 304 2.1353012567368124 1
258 307 1.0799224746714913 0
187 312 1.0062913968529805 1
174 317 1.2762720155208536 1
169 323 1.7671458676442586 0
102 326 1.7916895602504288 1
174 331 1.325359400733194 1
234 333 1.1780972450961724 1
169 337 1.5707963267948966 0
38 356 2.012582793705961 1
16 362 5.227806525114265 1
110 365 1.5707963267948966 0
143 369 1.5462526341887264 1
117 385 4.71238898038469 1
47 386 1.8162332528565992 0
258 393 1.423534171157875 1
223 407 1.5707963267948966 1
96 410 1.5462526341887264 1
283 413 1.325359400733194 1
193 420 4.516039439535327 1
211 438 1.521708941582556 1
204 439 4.663301595172349 0
251 445 1.521708941582556 1
38 450 1.6935147898257479 0
143 452 1.3008157081270237 0
80 453 1.5462526341887264 0
159 455 1.1535535524900022 1
173 457 0.9081166264282996 1
195 458 4.196971435655114 1
215 459 4.663301595172349 1
203 465 4.565126824747668 0
197 484 4.074252972624263 0
274 488 1.6444274046134073 1
202 490 4.6878452877785195 1
135 497 1.227184630308513 0
198 505 4.565126824747668 1
152 506 0.859029241215959 1
187 516 4.147884050442774 0
204 519 4.957825906446392 0
198 523 4.466952054322987 1
179 529 3.9760782021995817 1
206 534 4.859651136021712 0
