296
560
500
68
109 122 5.8659425328746915 0
254 140 4.000621894805752 0
152 146 2.773437264497239 0
37 149 5.325981295538946 1
213 152 0.6381360077604268 1
36 166 5.325981295538946 0
272 166 4.0987966652304335 1
276 183 4.172427743048944 1
102 184 5.66959299202533 0
30 188 5.203262832508095 0
212 188 3.5342917352885173 0
28 203 5.154175447295755 0
157 216 0.1227184630308513 1
175 219 3.1906800388021335 0
272 220 3.9760782021995817 1
83 224 2.2334760271614935 1
17 226 5.154175447295755 1
135 228 2.429825568010856 0
12 250 5.154175447295755 1
129 250 5.8659425328746915 0
216 255 0.8344855486097889 1
78 261 5.375068680751287 1
181 269 0.6381360077604268 1
133 271 2.282563412373834 0
55 279 2.0371264863121317 0
152 281 0.19634954084936207 1
9 283 5.056000676871073 1
211 294 3.877903431774901 1
258 298 4.025165587411922 0
32 305 2.086213871524472 1
247 305 1.055378782065321 0
275 309 0.9817477042468103 0
176 312 0.9817477042468103 1
91 328 1.7671458676442586 1
224 331 1.1780972450961724 1
164 332 1.3008157081270237 1
159 335 1.5462526341887264 0
28 361 1.9880391010997909 1
100 367 1.5462526341887264 0
134 370 1.4971652489763858 1
108 387 4.71238898038469 1
37 391 1.7426021750380885 0
249 392 1.3989904785517047 1
214 405 1.521708941582556 1
87 413 1.4971652489763858 1
274 413 1.2517283229146832 1
186 421 4.442408361716817 1
193 436 4.491495746929157 1
203 440 1.4971652489763858 1
243 443 1.4971652489763858 1
17 452 1.6935147898257479 1
136 453 1.2517283229146832 0
164 454 0.9326603190344698 1
153 458 1.1290098598838318 1
73 459 1.4726215563702154 0
208 459 4.638757902566179 1
188 460 4.196971435655114 1
196 463 4.589670517353839 0
191 486 4.0987966652304335 0
197 488 4.589670517353839 1
267 490 1.6198837120072371 1
129 498 1.1290098598838318 0
188 504 4.491495746929157 0
199 520 4.908738521234052 0
192 522 4.516039439535327 1
141 525 0.859029241215959 1
174 529 3.9760782021995817 1
202 534 4.7860200582032 0
