296
560
500
61
246 131 0.2699806186678728 1
172 140 2.9697868053466014 1
107 153 5.915029918087033 0
218 156 3.2643111166206444 0
123 180 2.675262494072558 0
35 196 2.380738182798515 0
256 205 0.5399612373357456 0
84 207 5.71868037723767 1
124 210 2.552544031041707 0
184 210 0.1718058482431918 0
99 226 5.71868037723767 0
191 241 0.2699806186678728 1
17 246 2.356194490192345 0
193 249 0.44178646691106466 0
98 256 5.64504929941916 0
148 268 0.09817477042468103 0
212 270 0.662679700366597 0
194 271 0.7853981633974483 0
168 278 3.067961575771282 1
158 283 2.6016314162540475 0
239 286 3.77972866135022 0
11 290 5.350524988145116 1
155 292 2.454369260617026 1
173 295 2.1598449493429825 0
165 298 2.454369260617026 1
277 298 0.662679700366597 0
17 312 2.2334760271614935 0
191 313 1.521708941582556 1
131 314 5.5714182216006485 0
182 317 2.110757564130642 0
212 328 0.9572040116406401 1
180 330 1.7916895602504288 0
209 342 1.030835089459151 0
42 343 5.375068680751287 1
147 343 5.5714182216006485 1
90 345 5.497787143782138 1
147 373 2.3316507975861747 0
102 374 5.5714182216006485 1
113 374 2.282563412373834 0
169 384 1.3989904785517047 0
237 388 1.1044661672776617 1
147 389 2.061670178918302 1
137 400 2.2089323345553233 1
186 402 1.2026409377023426 0
169 404 1.5707963267948966 0
215 406 1.055378782065321 1
230 406 4.196971435655114 1
152 422 2.110757564130642 1
173 422 1.3008157081270237 0
22 431 5.227806525114265 1
166 438 1.5953400194010667 1
87 452 2.184388641949153 0
166 453 1.6689710972195777 0
92 456 5.129631754689584 1
97 460 5.350524988145116 0
208 477 4.0987966652304335 0
148 478 5.64504929941916 0
94 481 5.448699758569798 1
116 485 5.595961914206819 0
197 487 3.730641276137879 1
137 497 6.037748381117884 0
