296
560
500
80
120 35 2.7979809571034093 0
76 60 5.767767762450011 1
171 76 0.2454369260617026 0
250 83 0.8099418560036186 0
180 110 0.36815538909255385 1
82 118 5.6941366846315 0
177 122 0.4908738521234052 1
134 128 0.4663301595172349 1
195 140 0.760854470791278 0
178 141 0.859029241215959 0
161 145 1.423534171157875 0
221 158 3.8533597391687304 0
134 159 2.5034566458293663 1
146 165 2.552544031041707 1
178 177 1.4726215563702154 0
110 178 5.6941366846315 0
172 180 1.6935147898257479 1
188 182 1.2517283229146832 1
254 183 1.1535535524900022 0
153 186 2.454369260617026 1
158 195 1.8407769454627694 0
189 197 1.227184630308513 1
164 202 1.6198837120072371 1
268 209 4.295146206079795 1
72 214 5.325981295538946 1
125 214 5.6941366846315 0
181 216 1.325359400733194 1
128 220 2.380738182798515 1
140 223 1.5462526341887264 1
30 235 5.154175447295755 1
141 252 1.5462526341887264 0
272 256 1.3744467859455345 1
126 272 1.8407769454627694 1
198 278 1.3989904785517047 1
101 279 2.1598449493429825 0
150 286 1.4971652489763858 1
137 288 1.6689710972195777 0
88 295 5.252350217720435 1
171 295 1.3008157081270237 0
189 298 4.516039439535327 1
120 309 1.9880391010997909 1
138 312 1.4971652489763858 0
7 331 5.2768939103266055 1
130 334 1.6444274046134073 1
256 341 4.466952054322987 0
72 344 5.129631754689584 0
117 346 2.2089323345553233 1
129 351 1.6198837120072371 0
106 358 5.252350217720435 0
274 358 4.3933209765044765 0
137 369 4.368777283898306 1
241 382 4.319689898685965 0
16 383 5.473243451175968 0
111 383 5.66959299202533 0
64 386 5.325981295538946 1
168 386 4.295146206079795 1
121 387 0.14726215563702155 1
82 391 5.448699758569798 0
154 397 3.9515345095934116 1
214 397 4.221515128261284 1
100 410 6.1850105367549055 1
146 411 3.5342917352885173 0
60 412 5.66959299202533 0
202 419 4.049709280018092 0
251 421 4.074252972624263 0
230 425 4.049709280018092 1
172 426 3.80427235395639 0
189 428 3.9515345095934116 1
90 429 6.160466844148735 1
40 438 5.8659425328746915 0
81 449 0.02454369260617026 0
167 449 3.5833791205008576 0
222 454 3.80427235395639 0
34 461 5.988660995905543 1
122 465 3.2643111166206444 1
169 466 3.485204350076177 0
110 474 0.14726215563702155 0
216 506 3.6079228131070282 0
71 508 0.14726215563702155 1
103 529 3.313398501832985 0
