296
560
500
54
207 43 0.36815538909255385 1
134 51 2.9943304979527716 1
70 60 6.013204688511713 0
177 66 3.2397674240144743 0
83 90 2.6261751088602177 0
218 113 0.6381360077604268 0
46 117 5.6941366846315 1
145 118 0.14726215563702155 0
84 120 2.5280003384355365 0
61 136 5.6941366846315 0
153 149 0.19634954084936207 1
59 166 5.620505606812989 0
155 166 0.36815538909255385 0
135 168 3.117048960983623 1
110 177 0.07363107781851078 0
175 177 0.6381360077604268 0
151 183 0.6381360077604268 1
131 187 3.0925052683774528 1
203 192 3.730641276137879 0
120 193 2.6261751088602177 0
143 195 1.227184630308513 1
136 200 2.0371264863121317 0
115 202 2.429825568010856 1
128 206 2.454369260617026 1
239 210 0.9817477042468103 0
159 213 1.3989904785517047 0
174 221 1.1535535524900022 1
92 223 5.595961914206819 0
175 232 1.055378782065321 1
256 232 4.123340357836604 1
164 234 1.4480778637640452 1
110 250 6.209554229361076 1
174 250 1.1780972450961724 0
57 260 5.2768939103266055 1
267 276 1.1780972450961724 1
18 284 5.105088062083414 0
133 290 1.3744467859455345 0
113 296 1.88986433067511 1
197 308 1.1535535524900022 1
126 310 1.6935147898257479 0
96 320 1.9389517158874505 0
148 321 1.227184630308513 1
135 322 1.4480778637640452 0
172 325 1.055378782065321 0
191 327 4.344233591292136 1
87 340 5.129631754689584 0
122 345 1.7671458676442586 1
141 347 1.227184630308513 0
138 368 1.3989904785517047 1
142 387 1.3744467859455345 0
81 388 4.933282213840222 0
144 403 1.423534171157875 1
187 409 4.074252972624263 1
131 418 5.546874528994478 0
