296
560
500
48
209 87 0.36815538909255385 1
138 100 2.945243112740431 1
72 113 5.939573610693203 0
182 114 3.2397674240144743 0
90 139 2.6261751088602177 0
224 160 0.5890486225480862 0
152 166 0.1227184630308513 0
52 167 5.6941366846315 1
91 169 2.5034566458293663 0
68 185 5.6941366846315 0
161 197 0.3190680038802134 1
67 215 5.595961914206819 0
117 220 0.19634954084936207 1
181 223 0.5890486225480862 0
164 226 0.6872233929727672 0
143 228 3.2888548092268146 0
210 238 3.706097583531709 0
126 249 2.454369260617026 1
145 249 2.1353012567368124 0
137 252 2.429825568010856 1
248 256 0.9081166264282996 0
169 260 1.3499030933393643 0
181 265 1.0799224746714913 1
102 271 5.5714182216006485 0
266 276 4.025165587411922 1
169 278 1.423534171157875 0
185 280 1.055378782065321 1
153 283 1.88986433067511 0
120 298 5.546874528994478 1
179 298 1.1535535524900022 1
66 310 5.252350217720435 1
277 314 1.1535535524900022 1
24 330 5.105088062083414 1
90 339 1.9634954084936207 0
144 339 1.3989904785517047 0
79 342 5.2768939103266055 1
208 355 1.0799224746714913 1
132 359 1.718058482431918 1
145 369 1.4480778637640452 0
159 369 1.227184630308513 1
183 373 1.0062913968529805 0
202 373 4.319689898685965 1
132 393 1.7916895602504288 1
151 393 1.3008157081270237 0
152 414 1.325359400733194 0
151 430 1.3744467859455345 0
90 433 4.9823695990525625 0
141 460 5.546874528994478 0
