296
560
500
61
161 136 0.14726215563702155 0
100 173 5.939573610693203 0
32 178 2.1598449493429825 0
117 199 6.062292073724054 1
46 204 2.061670178918302 0
115 206 0.0 0
154 210 0.19634954084936207 0
181 212 3.313398501832985 0
224 217 0.4908738521234052 1
10 223 5.154175447295755 1
134 226 0.14726215563702155 1
249 226 3.6079228131070282 1
115 227 2.6998061866787286 0
32 229 5.227806525114265 0
143 242 0.07363107781851078 0
121 246 1.8407769454627694 1
44 259 5.080544369477243 0
106 260 1.8407769454627694 0
280 260 0.7117670855789375 1
175 262 0.7363107781851077 0
147 264 1.5462526341887264 0
168 266 0.9081166264282996 1
156 275 1.0799224746714913 1
185 276 0.6872233929727672 0
165 286 0.859029241215959 1
101 289 5.031456984264903 0
151 308 0.8099418560036186 1
233 318 0.7117670855789375 1
149 324 1.030835089459151 0
172 330 0.9081166264282996 0
236 338 3.902447124381071 1
93 340 4.614214209960009 1
224 342 0.6381360077604268 1
175 353 1.1535535524900022 0
126 356 1.3744467859455345 0
204 356 0.7363107781851077 1
15 357 4.589670517353839 0
120 359 4.663301595172349 1
189 359 0.9572040116406401 0
37 374 1.4726215563702154 0
71 380 4.466952054322987 1
208 380 0.7853981633974483 0
189 387 1.2517283229146832 1
214 400 0.9326603190344698 1
41 413 4.614214209960009 0
224 413 0.9817477042468103 0
270 414 3.6570101983193686 1
233 428 0.9817477042468103 1
266 431 3.411573272257666 1
174 443 4.466952054322987 0
274 446 2.8716120349219203 0
227 447 4.9823695990525625 0
109 470 4.663301595172349 1
234 471 5.66959299202533 1
208 473 4.884194828627882 0
191 479 4.76147636559703 1
236 493 5.595961914206819 1
203 498 5.080544369477243 0
148 504 4.957825906446392 0
242 514 5.66959299202533 0
199 532 5.2768939103266055 0
