296
560
500
82
246 16 4.172427743048944 1
137 20 1.5707963267948966 0
112 23 2.012582793705961 0
145 35 1.3008157081270237 1
168 36 1.1535535524900022 0
107 43 1.9880391010997909 0
125 47 1.2762720155208536 1
58 54 5.031456984264903 1
257 67 1.2026409377023426 1
135 82 1.325359400733194 0
23 84 4.859651136021712 1
84 86 1.7426021750380885 0
115 89 1.6935147898257479 1
193 99 1.1780972450961724 1
129 102 1.5707963267948966 0
100 115 1.6689710972195777 1
175 116 1.1044661672776617 1
188 117 4.344233591292136 1
139 120 1.3989904785517047 0
153 121 1.2026409377023426 1
99 135 4.859651136021712 0
129 143 1.6935147898257479 1
146 144 1.227184630308513 0
255 152 4.319689898685965 1
144 166 1.3744467859455345 1
281 169 4.246058820867455 0
135 183 1.8407769454627694 1
148 184 1.423534171157875 0
94 188 4.859651136021712 0
25 191 5.056000676871073 1
249 194 4.172427743048944 1
132 195 4.908738521234052 1
150 199 1.3989904785517047 1
189 209 4.147884050442774 1
235 210 4.074252972624263 0
138 218 5.350524988145116 0
183 221 3.9515345095934116 0
271 232 3.9760782021995817 0
96 235 5.056000676871073 1
114 235 5.154175447295755 0
230 239 3.902447124381071 0
255 240 3.877903431774901 1
178 241 3.3870295796514958 0
49 243 5.2768939103266055 0
219 245 3.8288160465625602 0
137 246 6.062292073724054 1
203 250 3.6570101983193686 0
100 260 5.350524988145116 0
35 264 5.448699758569798 0
131 269 5.964117303299373 1
254 270 3.6324665057131984 0
204 275 3.411573272257666 0
86 290 5.620505606812989 0
56 292 5.5714182216006485 0
210 292 3.2888548092268146 0
128 293 6.037748381117884 0
168 299 2.82252464970958 1
156 308 6.013204688511713 1
83 314 5.816855147662351 1
119 321 0.04908738521234052 0
259 324 3.4606606574700063 0
139 328 3.1906800388021335 0
85 349 6.037748381117884 0
22 352 2.282563412373834 0
126 355 6.234097921967246 1
45 364 2.282563412373834 0
258 366 3.2888548092268146 0
156 367 3.0925052683774528 0
210 372 0.04908738521234052 0
38 379 5.522330836388308 0
183 379 2.9697868053466014 1
161 389 6.111379458936394 1
257 389 0.9081166264282996 1
58 395 2.2580197197676637 0
79 400 2.282563412373834 1
171 411 3.018874190558942 0
137 415 6.160466844148735 0
146 424 0.662679700366597 1
162 424 2.405281875404685 1
182 425 1.9880391010997909 0
205 425 0.09817477042468103 0
97 431 1.88986433067511 0
