296
560
500
78
81 83 5.448699758569798 0
236 91 4.466952054322987 0
260 94 4.491495746929157 0
68 100 5.080544369477243 0
164 104 4.172427743048944 1
176 114 4.589670517353839 0
73 121 1.3499030933393643 1
177 126 4.957825906446392 0
65 129 1.8407769454627694 0
265 131 4.565126824747668 1
84 139 0.8099418560036186 1
188 140 1.6935147898257479 0
75 141 1.2762720155208536 0
48 143 1.9634954084936207 0
97 146 0.8099418560036186 1
161 149 2.086213871524472 0
240 157 1.4726215563702154 0
269 168 4.368777283898306 1
259 174 1.1780972450961724 0
274 200 4.3933209765044765 1
248 202 4.295146206079795 0
67 209 4.81056375080937 1
225 214 3.7551849687440497 1
274 214 1.227184630308513 0
239 216 3.80427235395639 1
257 217 4.246058820867455 1
63 229 5.105088062083414 1
253 229 3.5833791205008576 1
186 249 3.0925052683774528 0
118 253 5.939573610693203 0
228 260 3.313398501832985 0
136 276 2.6998061866787286 0
93 305 5.71868037723767 1
133 307 2.5770877236478773 0
193 309 0.22089323345553233 0
264 309 0.662679700366597 0
48 310 2.1598449493429825 0
110 321 5.767767762450011 0
104 352 5.6941366846315 0
190 352 0.5154175447295755 1
25 358 5.252350217720435 0
154 367 0.07363107781851078 0
34 368 2.061670178918302 0
199 369 0.760854470791278 0
215 371 0.7117670855789375 1
173 377 3.117048960983623 1
165 382 2.724349879284899 0
245 385 3.77972866135022 0
186 387 1.227184630308513 1
157 392 2.5034566458293663 1
281 408 1.030835089459151 0
135 410 5.66959299202533 0
210 412 1.1535535524900022 0
27 422 5.154175447295755 1
212 425 1.227184630308513 0
183 432 4.123340357836604 0
175 437 3.117048960983623 1
150 438 6.209554229361076 1
191 439 1.4726215563702154 1
214 443 1.227184630308513 0
34 444 2.061670178918302 0
98 445 5.301437602932776 1
157 448 2.356194490192345 1
167 451 1.3989904785517047 1
56 467 5.105088062083414 1
118 477 1.9880391010997909 0
108 479 5.325981295538946 1
172 481 1.4971652489763858 0
158 499 1.7916895602504288 1
233 503 1.227184630308513 1
134 504 1.9880391010997909 0
183 513 1.2762720155208536 1
170 514 1.521708941582556 0
211 519 1.1535535524900022 1
225 520 4.417864669110647 1
123 527 5.154175447295755 0
156 537 1.8162332528565992 1
174 538 1.3499030933393643 0
