296
560
500
70
207 127 3.2397674240144743 0
94 129 5.841398840268521 0
114 153 2.6016314162540475 0
269 164 3.6570101983193686 1
247 174 0.6381360077604268 0
177 179 0.1718058482431918 0
74 180 5.64504929941916 0
116 183 2.478912953223196 0
28 191 2.061670178918302 0
92 201 5.64504929941916 0
189 223 0.4908738521234052 0
93 231 5.546874528994478 0
168 235 3.1661363461959633 0
144 239 6.258641614573416 0
207 241 0.7117670855789375 1
10 243 5.154175447295755 0
187 243 0.6872233929727672 1
21 252 1.9634954084936207 0
155 252 2.5280003384355365 0
236 253 3.77972866135022 0
151 262 2.356194490192345 1
163 265 2.356194490192345 1
196 274 1.325359400733194 0
267 275 0.9817477042468103 1
130 284 5.522330836388308 0
286 295 4.074252972624263 1
22 305 5.056000676871073 1
208 312 1.2026409377023426 0
159 314 2.086213871524472 0
167 318 1.5953400194010667 1
157 326 2.184388641949153 0
98 327 5.129631754689584 1
31 329 1.9880391010997909 0
162 332 1.6689710972195777 1
157 343 1.7916895602504288 1
58 353 5.006913291658733 1
172 355 1.3989904785517047 0
121 356 1.88986433067511 0
112 357 5.227806525114265 1
13 365 5.178719139901925 0
230 373 1.227184630308513 1
161 376 1.718058482431918 1
137 388 1.9389517158874505 0
173 391 1.521708941582556 0
211 391 1.1535535524900022 1
224 391 4.3933209765044765 1
187 392 1.2762720155208536 1
129 408 5.080544369477243 0
160 415 1.8407769454627694 1
178 415 1.3008157081270237 0
174 436 1.423534171157875 1
45 448 5.227806525114265 1
172 453 1.8162332528565992 1
116 457 5.056000676871073 0
281 460 4.172427743048944 1
156 465 4.9823695990525625 1
216 476 4.172427743048944 1
263 479 4.049709280018092 1
161 485 5.5714182216006485 0
206 490 3.77972866135022 1
114 493 5.2768939103266055 1
172 493 0.07363107781851078 0
134 496 5.350524988145116 0
66 497 5.350524988145116 0
199 500 3.3379421944391554 1
152 507 5.915029918087033 0
247 511 3.80427235395639 0
116 519 5.522330836388308 0
231 520 3.5833791205008576 1
147 530 6.013204688511713 1
