296
560
500
50
178 18 2.724349879284899 0
36 21 5.473243451175968 1
64 34 2.282563412373834 1
70 41 5.546874528994478 0
136 44 5.767767762450011 1
225 44 3.018874190558942 0
161 55 5.890486225480862 1
241 59 0.3436116964863836 0
31 74 5.375068680751287 1
73 80 2.184388641949153 0
230 86 3.0925052683774528 0
194 94 6.111379458936394 1
246 95 0.5645049299419159 1
188 103 2.5034566458293663 0
164 120 5.66959299202533 0
190 128 6.062292073724054 1
115 140 5.350524988145116 1
226 142 3.0925052683774528 1
198 143 6.258641614573416 1
192 164 6.160466844148735 1
107 187 1.9634954084936207 1
31 190 5.105088062083414 1
183 206 5.8659425328746915 0
212 221 2.2334760271614935 1
219 234 1.6689710972195777 1
175 243 1.9144080232812801 1
170 256 5.056000676871073 1
272 266 1.7426021750380885 1
237 283 2.0371264863121317 1
51 290 4.9823695990525625 1
224 307 5.178719139901925 1
157 337 5.399612373357457 1
126 346 5.252350217720435 0
102 353 5.203262832508095 0
168 374 5.64504929941916 0
112 381 5.5714182216006485 0
75 382 5.325981295538946 0
111 403 5.743224069843841 0
153 403 5.841398840268521 0
52 415 5.473243451175968 0
265 424 5.66959299202533 0
76 426 5.66959299202533 1
157 426 6.062292073724054 1
238 427 5.841398840268521 0
99 429 5.890486225480862 0
237 464 6.135923151542564 0
47 468 5.939573610693203 0
115 471 0.1227184630308513 0
140 483 3.2643111166206444 0
149 503 0.04908738521234052 0
