296
560
500
52
92 14 2.8961557275280905 1
56 21 5.939573610693203 0
108 66 2.773437264497239 0
59 94 5.767767762450011 1
148 97 3.067961575771282 0
83 108 5.890486225480862 1
161 111 0.2945243112740431 0
153 139 3.0925052683774528 0
247 143 0.7853981633974483 0
116 147 6.111379458936394 1
166 147 0.4663301595172349 1
113 155 2.5280003384355365 0
87 173 5.6941366846315 0
113 182 6.037748381117884 1
36 194 5.375068680751287 1
150 196 3.1661363461959633 1
121 197 6.1850105367549055 1
115 217 6.160466844148735 1
233 217 1.1044661672776617 0
34 227 2.012582793705961 1
103 246 1.9880391010997909 1
236 251 4.270602513473625 1
253 262 1.1290098598838318 1
157 264 1.2026409377023426 1
135 273 1.5462526341887264 1
233 285 1.3008157081270237 1
196 302 1.6198837120072371 1
90 321 5.031456984264903 1
74 329 4.9823695990525625 1
249 330 1.325359400733194 1
224 332 1.6444274046134073 1
145 363 5.252350217720435 1
282 375 1.1780972450961724 0
275 379 1.521708941582556 1
85 385 5.375068680751287 1
58 392 5.178719139901925 0
36 399 5.105088062083414 0
102 419 5.5714182216006485 0
49 427 5.473243451175968 0
49 447 5.767767762450011 0
91 447 5.841398840268521 0
252 449 5.252350217720435 0
210 457 5.546874528994478 0
182 465 5.71868037723767 0
96 470 6.037748381117884 1
38 473 5.915029918087033 0
190 499 5.988660995905543 0
60 513 0.14726215563702155 0
218 516 5.988660995905543 0
83 525 3.313398501832985 0
95 534 0.04908738521234052 1
187 535 0.07363107781851078 0
