296
560
500
48
144 38 2.650718801466388 0
108 58 5.792311455056181 0
28 91 5.497787143782138 1
175 95 2.748893571891069 0
129 122 5.767767762450011 1
218 125 3.043417883165112 0
153 136 5.890486225480862 1
230 140 0.19634954084936207 0
20 143 5.497787143782138 1
67 151 2.3071071049800045 0
222 167 3.0925052683774528 0
185 175 6.111379458936394 1
236 176 0.4663301595172349 1
181 183 2.5280003384355365 0
157 200 5.6941366846315 0
182 209 6.062292073724054 1
103 221 5.375068680751287 1
218 223 3.141592653589793 1
189 224 6.209554229361076 1
183 243 6.234097921967246 1
15 251 5.203262832508095 1
94 260 2.061670178918302 1
172 286 5.841398840268521 0
202 300 1.6444274046134073 1
263 325 1.718058482431918 1
233 336 2.012582793705961 1
30 351 5.006913291658733 1
213 374 5.227806525114265 1
142 401 5.497787143782138 1
111 411 5.424156065963627 1
82 412 5.301437602932776 0
155 432 5.71868037723767 0
94 437 5.6941366846315 0
55 438 5.350524988145116 0
93 457 5.841398840268521 0
139 458 5.890486225480862 0
33 476 5.522330836388308 1
252 479 5.66959299202533 0
141 480 6.111379458936394 1
54 482 5.6941366846315 1
225 482 5.8659425328746915 0
81 483 5.915029918087033 0
226 518 6.086835766330224 0
27 522 5.939573610693203 0
92 533 6.234097921967246 1
257 536 5.8659425328746915 0
122 537 3.215223731408304 0
131 547 0.07363107781851078 1
