296
560
500
55
220 82 3.2397674240144743 0
154 86 4.466952054322987 0
28 94 4.957825906446392 1
98 99 1.6444274046134073 1
67 115 1.6935147898257479 0
29 118 2.0371264863121317 0
80 125 4.7860200582032 0
40 126 1.9144080232812801 0
96 127 4.7860200582032 1
150 133 0.7363107781851077 1
19 136 5.178719139901925 0
33 154 5.006913291658733 1
179 159 0.8099418560036186 0
65 161 5.006913291658733 0
197 170 1.2762720155208536 0
185 171 2.1353012567368124 0
48 172 5.375068680751287 0
77 172 5.325981295538946 0
228 184 1.0062913968529805 0
240 193 1.3499030933393643 0
253 194 1.1290098598838318 1
220 198 1.3989904785517047 0
164 206 5.939573610693203 0
268 213 1.2517283229146832 1
216 223 3.8288160465625602 0
251 249 0.14726215563702155 1
230 251 0.3190680038802134 0
248 259 3.313398501832985 1
257 267 0.4663301595172349 1
40 308 2.3316507975861747 0
188 314 0.1718058482431918 0
89 318 2.552544031041707 0
106 328 6.037748381117884 0
7 352 5.375068680751287 1
109 354 2.552544031041707 0
36 355 5.522330836388308 1
126 358 6.258641614573416 1
81 379 5.64504929941916 1
83 388 2.1598449493429825 0
211 392 0.6872233929727672 1
126 407 2.5280003384355365 1
92 412 5.595961914206819 1
227 412 3.8288160465625602 1
252 414 0.5890486225480862 1
65 415 5.2768939103266055 0
109 417 5.816855147662351 1
111 439 5.792311455056181 1
248 445 0.8344855486097889 1
20 450 5.006913291658733 0
280 471 0.8835729338221293 1
154 478 1.055378782065321 1
124 481 5.325981295538946 0
226 484 1.1535535524900022 1
39 489 1.4726215563702154 1
262 491 1.1290098598838318 1
