296
560
500
26
212 11 0.5154175447295755 1
160 12 6.086835766330224 1
156 21 2.6016314162540475 0
128 37 5.767767762450011 0
156 47 6.013204688511713 1
8 53 5.105088062083414 0
76 55 5.424156065963627 1
170 59 0.04908738521234052 1
188 59 3.067961575771282 1
157 81 6.1850105367549055 1
270 85 1.2026409377023426 0
65 101 1.8407769454627694 1
140 113 2.1353012567368124 1
276 118 4.344233591292136 0
143 124 5.816855147662351 0
128 130 5.325981295538946 1
171 138 1.6935147898257479 1
267 160 1.325359400733194 1
227 180 1.6689710972195777 1
257 207 1.5707963267948966 1
126 261 5.203262832508095 1
98 271 5.129631754689584 0
79 276 5.056000676871073 0
141 300 5.497787143782138 0
89 309 5.448699758569798 0
132 329 5.767767762450011 0
