296
560
500
49
124 23 2.8961557275280905 0
73 42 5.988660995905543 1
96 63 6.062292073724054 1
155 69 3.215223731408304 1
175 86 0.39269908169872414 1
156 105 3.1906800388021335 0
119 110 6.1850105367549055 1
249 114 0.8344855486097889 0
171 115 0.5890486225480862 1
114 118 2.82252464970958 0
27 127 5.6941366846315 0
87 127 5.964117303299373 0
115 141 6.234097921967246 1
122 156 0.14726215563702155 1
139 158 3.1906800388021335 1
16 169 2.0371264863121317 1
112 174 0.14726215563702155 1
222 194 1.2762720155208536 1
93 210 6.135923151542564 0
223 214 4.3933209765044765 1
120 230 1.6689710972195777 1
244 240 1.2762720155208536 1
219 258 1.4726215563702154 1
179 276 1.8653206380689396 1
77 277 2.1598449493429825 0
274 281 1.3008157081270237 1
86 289 5.105088062083414 1
229 300 1.5707963267948966 1
203 302 1.6935147898257479 1
200 321 4.859651136021712 1
29 325 5.375068680751287 0
58 325 5.5714182216006485 1
183 325 2.012582793705961 1
253 342 1.4480778637640452 0
244 353 1.7671458676442586 1
68 360 5.816855147662351 0
51 384 6.037748381117884 0
257 389 1.9634954084936207 1
52 406 6.209554229361076 1
211 409 5.399612373357457 0
167 414 5.6941366846315 0
139 416 5.915029918087033 0
240 428 5.424156065963627 0
138 448 6.1850105367549055 0
32 461 3.2643111166206444 0
166 468 6.160466844148735 0
41 480 0.09817477042468103 0
134 483 0.22089323345553233 0
138 522 3.2643111166206444 0
