296
560
500
31
211 103 2.9697868053466014 0
159 120 5.988660995905543 1
95 133 2.454369260617026 0
182 133 6.160466844148735 0
252 143 3.2888548092268146 0
255 157 0.4908738521234052 0
204 182 0.07363107781851078 1
243 183 3.313398501832985 0
200 191 2.9206994201342606 0
253 193 0.760854470791278 1
170 199 5.964117303299373 0
113 204 5.595961914206819 0
194 215 0.0 1
29 227 5.350524988145116 1
203 229 0.3436116964863836 1
224 236 3.3870295796514958 1
187 248 0.19634954084936207 1
98 251 2.184388641949153 1
167 288 6.013204688511713 0
190 299 2.429825568010856 0
24 334 5.252350217720435 0
233 357 2.061670178918302 1
107 403 5.66959299202533 1
50 404 5.497787143782138 0
75 404 5.522330836388308 0
16 420 5.66959299202533 0
58 429 5.8659425328746915 0
108 440 5.8659425328746915 0
45 450 6.062292073724054 0
89 461 6.111379458936394 0
85 481 0.07363107781851078 1
