296
560
500
25
114 68 5.988660995905543 0
172 121 2.9697868053466014 0
117 137 6.037748381117884 1
53 144 2.5770877236478773 0
138 152 6.209554229361076 0
211 163 3.2888548092268146 0
210 177 0.36815538909255385 0
158 202 0.09817477042468103 1
199 205 3.3624858870453256 0
155 212 2.9943304979527716 0
207 213 0.5890486225480862 1
66 217 5.6941366846315 0
122 219 6.013204688511713 0
146 236 0.0 1
154 250 0.2945243112740431 1
178 257 3.3870295796514958 1
46 259 2.356194490192345 1
138 268 0.1718058482431918 1
103 303 5.890486225480862 1
142 322 2.478912953223196 1
187 360 2.1598449493429825 0
23 396 5.5714182216006485 0
55 397 5.792311455056181 1
56 434 5.890486225480862 0
41 457 6.062292073724054 0
