296
560
500
68
178 146 3.3870295796514958 0
97 157 0.0 0
161 157 0.4172427743048944 0
211 162 0.760854470791278 0
95 194 2.748893571891069 0
52 195 2.5280003384355365 0
142 206 3.1906800388021335 1
219 213 3.8288160465625602 1
132 214 0.2699806186678728 0
45 231 5.6941366846315 0
124 263 2.8716120349219203 0
227 268 1.1290098598838318 0
44 288 2.061670178918302 0
119 312 2.086213871524472 1
31 317 5.203262832508095 1
127 320 1.1044661672776617 0
248 321 4.295146206079795 1
120 323 1.6689710972195777 0
93 342 1.9634954084936207 0
113 343 1.6689710972195777 0
155 346 1.1044661672776617 0
124 349 1.521708941582556 0
220 350 1.1780972450961724 1
132 354 1.3499030933393643 1
149 359 1.2026409377023426 0
49 363 1.9634954084936207 0
98 365 1.88986433067511 0
182 369 1.1780972450961724 1
201 389 4.319689898685965 0
139 392 1.3744467859455345 0
175 392 4.319689898685965 0
111 398 1.8653206380689396 0
126 399 1.6689710972195777 1
25 410 2.086213871524472 0
86 410 5.056000676871073 1
206 412 1.227184630308513 0
265 413 4.319689898685965 0
131 429 1.4971652489763858 0
203 431 4.466952054322987 1
224 434 4.368777283898306 1
25 439 5.154175447295755 0
121 445 1.9634954084936207 0
42 452 5.252350217720435 0
65 453 2.1598449493429825 1
138 461 1.227184630308513 0
128 464 2.282563412373834 0
55 477 5.252350217720435 1
112 478 5.2768939103266055 0
132 479 1.8162332528565992 1
203 481 1.0799224746714913 1
24 483 5.375068680751287 0
240 491 4.196971435655114 0
135 493 3.77972866135022 1
214 493 4.0987966652304335 0
119 494 5.816855147662351 1
207 497 4.295146206079795 1
267 498 4.074252972624263 0
156 503 3.902447124381071 1
187 504 4.0987966652304335 1
70 511 5.595961914206819 0
170 517 3.706097583531709 1
195 522 3.8288160465625602 0
230 522 3.8288160465625602 1
84 530 5.71868037723767 0
66 531 2.724349879284899 1
177 533 3.2888548092268146 1
207 538 3.485204350076177 1
255 542 3.436116964863836 0
