296
560
500
66
151 96 3.313398501832985 0
134 108 0.36815538909255385 0
72 110 0.0 0
184 110 0.6872233929727672 0
29 149 2.5280003384355365 0
73 153 2.724349879284899 1
197 162 3.8288160465625602 1
23 185 5.6941366846315 0
103 214 2.84706834231575 0
208 214 1.0799224746714913 0
24 242 2.0371264863121317 0
101 263 2.086213871524472 1
231 263 4.172427743048944 1
11 271 5.178719139901925 1
109 271 1.055378782065321 0
101 274 1.5707963267948966 0
80 293 1.9389517158874505 1
96 293 1.6198837120072371 0
139 295 1.0799224746714913 0
205 295 1.1535535524900022 1
107 297 1.4726215563702154 0
116 305 1.3008157081270237 1
133 307 1.1535535524900022 0
33 313 1.9634954084936207 0
81 316 1.8653206380689396 0
168 318 1.1290098598838318 1
187 335 4.270602513473625 0
162 339 4.246058820867455 0
124 340 1.3008157081270237 0
110 345 1.5953400194010667 1
96 347 1.8407769454627694 0
193 356 1.1780972450961724 0
255 357 4.270602513473625 0
70 360 5.056000676871073 1
192 376 4.368777283898306 1
123 378 1.4726215563702154 1
213 379 4.344233591292136 1
10 390 5.129631754689584 0
107 395 1.9880391010997909 0
27 400 5.252350217720435 0
50 402 2.1353012567368124 1
125 409 1.1535535524900022 0
115 411 2.282563412373834 0
41 425 5.252350217720435 1
99 425 5.2768939103266055 0
119 425 1.8407769454627694 1
12 431 5.301437602932776 0
230 435 4.196971435655114 0
123 439 3.706097583531709 1
258 441 4.074252972624263 0
197 442 4.270602513473625 1
15 445 2.478912953223196 0
144 448 3.877903431774901 1
177 450 4.049709280018092 1
160 457 3.730641276137879 0
60 462 5.5714182216006485 1
221 466 3.77972866135022 1
185 467 3.706097583531709 0
71 476 5.743224069843841 0
164 477 3.2643111166206444 1
52 479 2.6016314162540475 1
197 482 3.4606606574700063 1
244 485 3.436116964863836 0
37 488 5.743224069843841 1
180 492 3.117048960983623 1
166 520 2.9943304979527716 0
