296
560
500
60
155 79 0.4172427743048944 0
231 97 3.706097583531709 0
97 99 2.8716120349219203 0
212 103 0.7363107781851077 0
137 114 3.117048960983623 0
256 124 1.055378782065321 0
79 130 6.062292073724054 0
250 177 4.196971435655114 1
16 178 5.595961914206819 1
61 184 2.5770877236478773 1
142 186 3.2643111166206444 0
38 197 5.620505606812989 0
238 229 1.4726215563702154 0
84 247 2.3316507975861747 0
37 250 2.3316507975861747 0
103 259 2.086213871524472 0
113 268 1.9389517158874505 0
79 273 2.2580197197676637 0
119 276 1.7671458676442586 1
145 279 1.5462526341887264 0
240 280 4.589670517353839 1
134 283 1.5707963267948966 0
205 303 1.6198837120072371 1
162 305 1.5707963267948966 1
55 306 5.399612373357457 1
80 308 2.282563412373834 0
112 311 1.7916895602504288 0
95 313 2.086213871524472 1
145 324 4.71238898038469 0
170 330 4.73693267299086 0
14 340 2.454369260617026 1
95 343 1.9144080232812801 1
70 356 2.356194490192345 0
68 372 2.405281875404685 1
79 374 1.8162332528565992 1
174 378 4.8351074434155406 1
224 378 4.7860200582032 1
53 380 5.595961914206819 0
61 383 2.650718801466388 1
40 411 0.2699806186678728 1
68 421 3.5588354278946874 1
81 422 4.123340357836604 0
112 431 4.466952054322987 1
135 432 4.614214209960009 1
166 440 4.638757902566179 0
92 443 3.9515345095934116 0
109 453 4.172427743048944 1
91 460 3.6570101983193686 0
45 462 0.6135923151542565 1
25 464 1.718058482431918 1
116 469 4.025165587411922 1
142 469 4.172427743048944 0
59 470 0.44178646691106466 0
54 476 1.1290098598838318 1
100 476 3.5588354278946874 1
28 477 4.76147636559703 1
63 484 0.5890486225480862 1
130 490 1.423534171157875 0
55 494 1.030835089459151 1
88 509 1.055378782065321 1
