296
560
500
108
42 28 5.227806525114265 1
265 31 4.196971435655114 1
130 34 1.88986433067511 0
141 36 1.1290098598838318 0
105 56 1.9634954084936207 0
126 62 1.6935147898257479 0
170 64 1.1535535524900022 0
137 66 1.521708941582556 0
236 67 1.227184630308513 1
146 72 1.3989904785517047 1
61 75 1.9880391010997909 0
163 76 1.227184630308513 0
111 77 1.9144080232812801 0
196 86 1.2026409377023426 1
214 105 4.344233591292136 0
188 106 4.319689898685965 0
152 108 1.423534171157875 0
122 115 1.88986433067511 0
137 116 1.6935147898257479 1
31 119 2.061670178918302 1
97 124 5.080544369477243 1
219 128 1.423534171157875 0
280 129 4.368777283898306 0
217 140 4.614214209960009 0
147 144 1.5462526341887264 1
235 147 4.417864669110647 1
34 152 5.178719139901925 0
52 162 5.301437602932776 0
131 162 2.012582793705961 0
73 167 2.184388641949153 1
148 175 1.2762720155208536 0
65 187 5.2768939103266055 1
122 192 5.2768939103266055 0
34 194 5.375068680751287 0
212 196 1.055378782065321 1
140 204 3.8533597391687304 1
37 207 2.356194490192345 0
223 208 4.147884050442774 0
245 209 4.246058820867455 1
217 213 4.270602513473625 1
163 216 3.9515345095934116 1
272 217 4.123340357836604 1
196 219 4.0987966652304335 1
83 225 5.620505606812989 1
123 225 6.234097921967246 1
153 226 3.2397674240144743 1
12 227 5.546874528994478 1
178 231 3.6324665057131984 1
203 236 3.8288160465625602 0
92 241 5.767767762450011 0
72 242 2.675262494072558 1
237 242 3.80427235395639 0
30 245 5.620505606812989 1
184 247 3.313398501832985 1
57 250 5.816855147662351 1
213 252 3.509748042682347 1
262 257 3.509748042682347 0
197 262 3.1906800388021335 1
19 281 5.620505606812989 1
230 290 3.1906800388021335 1
19 292 5.203262832508095 1
44 295 5.841398840268521 0
182 295 3.0925052683774528 1
27 311 5.325981295538946 0
95 316 6.111379458936394 1
73 318 5.964117303299373 1
134 320 2.945243112740431 0
280 324 4.71238898038469 1
269 327 1.5953400194010667 1
253 331 2.5770877236478773 1
253 333 1.88986433067511 1
44 339 5.595961914206819 0
127 340 6.160466844148735 0
273 349 4.76147636559703 1
187 365 6.135923151542564 0
99 371 2.5280003384355365 0
218 375 2.3071071049800045 1
267 378 4.71238898038469 1
123 380 2.675262494072558 0
246 383 1.5462526341887264 0
161 386 0.1718058482431918 1
203 391 1.227184630308513 1
262 392 4.7860200582032 1
113 393 2.012582793705961 1
34 406 4.81056375080937 0
257 412 4.73693267299086 1
48 436 1.7671458676442586 1
118 437 4.884194828627882 0
245 442 4.933282213840222 1
28 443 4.859651136021712 1
170 445 4.246058820867455 0
77 446 1.5707963267948966 1
186 448 1.521708941582556 1
210 458 4.663301595172349 1
231 464 4.884194828627882 0
100 475 1.3008157081270237 1
43 478 4.933282213840222 0
176 484 4.417864669110647 0
192 492 5.031456984264903 0
122 493 4.246058820867455 0
215 494 5.227806525114265 1
36 496 4.8351074434155406 0
165 498 3.902447124381071 1
146 500 3.730641276137879 0
191 503 5.620505606812989 1
177 505 3.3624858870453256 1
136 508 3.3624858870453256 1
112 510 3.043417883165112 1
