296
560
500
54
153 76 3.2888548092268146 1
90 80 5.743224069843841 1
70 81 4.491495746929157 0
260 92 4.319689898685965 0
198 96 4.196971435655114 1
209 112 4.123340357836604 0
253 120 4.71238898038469 0
250 142 4.614214209960009 0
210 146 1.521708941582556 1
252 168 4.638757902566179 1
206 187 2.086213871524472 1
245 215 4.466952054322987 1
79 223 2.6261751088602177 1
89 232 2.3071071049800045 0
74 246 2.2089323345553233 1
153 255 4.7860200582032 0
208 267 4.270602513473625 0
206 277 3.706097583531709 1
226 280 4.074252972624263 0
265 283 4.172427743048944 1
169 287 3.3379421944391554 0
255 292 4.000621894805752 1
268 301 4.147884050442774 1
43 311 5.64504929941916 0
174 316 3.2643111166206444 0
281 316 4.221515128261284 1
161 329 0.2945243112740431 0
211 329 0.662679700366597 0
19 334 5.154175447295755 1
101 334 6.1850105367549055 0
34 336 5.66959299202533 1
101 369 2.724349879284899 0
57 372 2.478912953223196 0
225 380 3.77972866135022 1
52 407 5.66959299202533 0
235 431 1.030835089459151 0
133 438 2.84706834231575 1
57 463 2.086213871524472 1
259 479 4.172427743048944 1
25 480 2.1353012567368124 0
129 481 2.0371264863121317 1
138 489 1.055378782065321 0
130 492 1.5707963267948966 0
41 494 5.203262832508095 0
104 511 1.9880391010997909 0
233 513 1.1290098598838318 1
168 514 1.0799224746714913 0
124 517 1.6689710972195777 0
136 520 1.521708941582556 0
145 524 1.325359400733194 1
162 527 1.1535535524900022 0
61 531 2.012582793705961 0
109 534 1.8407769454627694 0
196 536 1.0799224746714913 1
