296
560
500
60
174 136 0.2945243112740431 0
226 137 0.662679700366597 0
112 141 6.1850105367549055 0
69 179 2.478912953223196 0
162 182 3.1661363461959633 0
114 183 2.724349879284899 1
237 188 3.77972866135022 1
152 196 0.22089323345553233 0
68 216 5.767767762450011 1
248 242 1.0799224746714913 0
146 245 2.8716120349219203 0
62 269 2.1353012567368124 0
270 290 4.196971435655114 1
140 294 2.1598449493429825 1
48 295 5.2768939103266055 1
149 301 1.1290098598838318 0
116 322 2.086213871524472 1
133 325 1.7671458676442586 0
177 326 1.1535535524900022 0
243 327 1.2026409377023426 1
144 329 1.6198837120072371 0
152 334 1.3989904785517047 1
66 338 2.012582793705961 0
165 338 1.227184630308513 1
115 342 1.9389517158874505 0
202 344 1.1780972450961724 1
222 365 4.295146206079795 0
157 368 1.423534171157875 0
191 370 4.368777283898306 1
123 372 1.9634954084936207 1
142 374 1.7426021750380885 1
102 381 5.129631754689584 1
35 382 2.086213871524472 1
151 404 1.5462526341887264 1
243 404 4.3933209765044765 1
38 412 5.178719139901925 0
134 419 1.9880391010997909 0
59 423 5.2768939103266055 1
77 423 2.1598449493429825 1
151 432 1.227184630308513 0
67 446 5.301437602932776 1
38 453 5.325981295538946 0
256 459 4.221515128261284 0
131 463 5.8659425328746915 1
221 465 4.319689898685965 1
40 468 2.405281875404685 0
168 472 3.8288160465625602 1
200 473 4.074252972624263 1
83 479 5.620505606812989 0
154 480 3.141592653589793 1
126 481 6.209554229361076 1
182 485 3.5833791205008576 1
208 490 3.77972866135022 0
244 490 3.80427235395639 1
96 496 5.792311455056181 0
188 500 3.2643111166206444 1
29 501 5.522330836388308 1
221 506 3.485204350076177 1
201 521 3.1906800388021335 0
189 543 3.018874190558942 0
