296
560
500
41
163 144 3.2643111166206444 0
198 155 0.6135923151542565 0
150 156 0.3190680038802134 0
88 163 6.160466844148735 0
261 170 4.0987966652304335 0
263 188 4.221515128261284 0
46 202 2.478912953223196 0
89 204 2.6998061866787286 1
218 205 3.77972866135022 0
43 240 5.6941366846315 1
226 259 1.030835089459151 0
123 264 2.8716120349219203 0
44 296 2.1353012567368124 1
251 305 4.147884050442774 1
119 312 2.0371264863121317 1
29 318 5.301437602932776 1
129 320 1.0062913968529805 0
121 322 1.5707963267948966 0
94 340 1.9389517158874505 0
227 342 1.1044661672776617 1
160 343 1.055378782065321 0
115 345 1.6198837120072371 0
127 347 1.4726215563702154 0
136 354 1.3008157081270237 1
154 355 1.1535535524900022 0
51 361 1.9634954084936207 0
100 362 1.8653206380689396 0
188 362 1.0799224746714913 1
209 380 4.221515128261284 0
183 385 4.221515128261284 0
161 395 1.325359400733194 1
114 396 1.8653206380689396 0
130 397 1.6444274046134073 1
90 405 5.031456984264903 1
235 419 4.270602513473625 1
59 420 5.056000676871073 1
138 425 1.521708941582556 0
125 441 1.9880391010997909 0
144 454 1.3008157081270237 0
129 459 1.7916895602504288 1
149 477 1.2762720155208536 1
