296
560
500
55
189 152 3.2397674240144743 0
257 153 4.000621894805752 0
175 165 0.3190680038802134 0
225 166 0.6135923151542565 0
114 171 6.1850105367549055 0
280 174 4.0987966652304335 0
71 210 2.454369260617026 0
115 212 2.724349879284899 1
243 215 3.8288160465625602 0
69 247 5.6941366846315 1
250 269 1.030835089459151 0
147 271 2.84706834231575 0
66 299 2.086213871524472 0
275 318 4.172427743048944 1
143 320 2.110757564130642 1
53 325 5.227806525114265 1
151 327 1.055378782065321 0
143 330 1.5953400194010667 0
117 347 1.9880391010997909 0
137 351 1.6935147898257479 0
180 351 1.0799224746714913 0
249 354 1.1780972450961724 1
148 355 1.521708941582556 0
156 360 1.325359400733194 1
174 364 1.1780972450961724 0
72 369 1.9880391010997909 0
121 370 1.88986433067511 0
208 372 1.1290098598838318 1
228 391 4.270602513473625 0
201 393 4.270602513473625 0
164 395 1.3989904785517047 0
134 402 1.8653206380689396 0
149 402 1.6689710972195777 1
233 411 1.3744467859455345 0
108 413 5.105088062083414 1
232 423 4.516039439535327 0
252 431 4.319689898685965 1
160 432 1.4971652489763858 1
144 450 2.061670178918302 0
64 454 5.2768939103266055 0
87 455 2.1353012567368124 1
147 466 2.0371264863121317 1
162 466 1.3008157081270237 0
79 477 5.252350217720435 1
161 488 0.7117670855789375 0
50 489 5.350524988145116 1
149 490 1.9144080232812801 0
243 490 4.172427743048944 1
180 504 4.000621894805752 1
213 504 4.025165587411922 1
140 511 5.71868037723767 1
168 512 3.730641276137879 1
97 515 5.5714182216006485 1
199 518 3.5588354278946874 1
108 534 5.792311455056181 1
