296
560
500
61
45 129 2.2334760271614935 0
59 131 5.620505606812989 0
207 150 1.1535535524900022 0
79 175 5.792311455056181 0
103 182 0.6381360077604268 1
228 191 1.325359400733194 0
92 195 0.2945243112740431 0
113 198 3.117048960983623 0
35 199 5.301437602932776 0
164 200 1.3499030933393643 0
108 211 1.1535535524900022 0
101 214 1.2762720155208536 1
233 214 4.466952054322987 1
47 224 1.9880391010997909 0
98 235 1.4971652489763858 0
87 239 2.012582793705961 0
225 248 1.3499030933393643 0
50 252 5.227806525114265 1
36 254 5.129631754689584 1
89 256 1.6444274046134073 1
81 262 1.8653206380689396 0
221 277 4.589670517353839 1
160 281 1.5462526341887264 0
189 311 1.3499030933393643 1
107 323 1.8653206380689396 1
132 323 1.6935147898257479 1
155 333 1.6689710972195777 1
231 336 1.1044661672776617 0
181 356 1.5707963267948966 0
153 372 4.81056375080937 0
161 372 1.8407769454627694 1
190 373 1.5462526341887264 1
156 397 4.957825906446392 0
201 398 1.5953400194010667 0
91 411 5.227806525114265 0
208 413 1.325359400733194 0
123 419 5.227806525114265 1
56 423 5.399612373357457 1
229 426 3.6815538909255388 1
197 427 5.497787143782138 1
75 432 5.497787143782138 0
161 437 5.350524988145116 0
135 443 5.448699758569798 0
101 454 5.620505606812989 1
52 457 5.964117303299373 0
123 460 5.792311455056181 1
167 461 5.6941366846315 0
227 461 3.018874190558942 0
204 463 6.1850105367549055 0
98 478 6.062292073724054 0
216 478 2.945243112740431 0
191 483 6.086835766330224 0
67 495 0.04908738521234052 0
217 495 6.160466844148735 0
118 498 6.160466844148735 1
125 510 3.1906800388021335 0
116 528 6.1850105367549055 0
111 537 0.1227184630308513 1
223 540 6.258641614573416 0
203 542 3.067961575771282 0
172 549 2.9697868053466014 0
