296
560
500
61
59 91 5.620505606812989 0
44 92 2.184388641949153 0
214 115 1.1780972450961724 1
80 128 5.8659425328746915 0
100 137 0.6381360077604268 1
91 148 0.3436116964863836 0
109 151 3.117048960983623 0
230 156 1.3008157081270237 0
161 157 1.3499030933393643 0
35 159 5.252350217720435 0
105 164 1.2026409377023426 0
88 173 2.061670178918302 0
235 181 4.466952054322987 1
93 188 1.521708941582556 0
83 191 1.9389517158874505 0
54 200 5.2768939103266055 0
232 215 1.3008157081270237 1
156 236 1.5462526341887264 0
218 244 4.589670517353839 0
97 254 1.718058482431918 0
96 262 4.81056375080937 0
187 271 1.325359400733194 1
126 274 1.6935147898257479 1
100 275 1.8407769454627694 1
149 288 1.6689710972195777 1
78 292 1.9389517158874505 0
234 305 1.1290098598838318 0
178 313 1.5707963267948966 0
188 331 1.6198837120072371 1
64 334 5.105088062083414 1
150 354 4.933282213840222 0
199 359 1.6689710972195777 0
85 366 5.178719139901925 0
117 373 5.227806525114265 1
58 378 5.301437602932776 0
206 380 1.3008157081270237 0
71 386 5.424156065963627 0
226 391 3.6570101983193686 1
154 395 5.448699758569798 0
194 395 5.8659425328746915 0
128 398 5.473243451175968 0
97 408 5.595961914206819 1
117 410 5.66959299202533 0
47 413 5.939573610693203 0
160 421 5.767767762450011 0
197 426 0.07363107781851078 0
224 428 3.1906800388021335 0
89 435 6.086835766330224 0
212 435 2.9206994201342606 1
183 445 6.086835766330224 0
70 453 0.09817477042468103 0
110 457 6.1850105367549055 1
207 460 6.258641614573416 0
117 470 3.2397674240144743 0
22 490 0.4908738521234052 0
192 500 3.067961575771282 1
34 505 0.2454369260617026 0
136 511 0.1718058482431918 0
169 519 3.043417883165112 1
196 531 6.1850105367549055 1
144 538 0.0 1
