296
560
500
57
186 67 2.8716120349219203 0
169 69 6.086835766330224 1
235 93 0.5399612373357456 1
141 139 2.5034566458293663 0
153 145 5.890486225480862 0
93 168 5.595961914206819 0
165 187 6.135923151542564 0
113 199 5.595961914206819 0
183 201 1.055378782065321 1
137 207 5.816855147662351 0
165 209 0.5399612373357456 0
161 215 2.675262494072558 1
185 218 3.4606606574700063 0
115 223 2.3071071049800045 0
177 232 1.5707963267948966 0
231 242 1.7426021750380885 0
94 249 5.448699758569798 1
109 249 5.595961914206819 1
58 262 2.405281875404685 1
145 267 2.086213871524472 0
131 268 2.2334760271614935 0
29 294 5.522330836388308 0
33 305 2.5770877236478773 0
282 308 1.718058482431918 1
197 313 1.9144080232812801 0
133 331 2.2580197197676637 1
260 334 4.933282213840222 1
106 338 2.356194490192345 0
155 342 2.1353012567368124 1
92 353 5.424156065963627 0
214 356 1.718058482431918 1
168 359 2.0371264863121317 0
185 392 2.012582793705961 1
252 396 1.4726215563702154 0
86 409 5.497787143782138 0
44 412 5.743224069843841 1
192 413 1.9634954084936207 1
17 416 6.062292073724054 0
65 419 5.743224069843841 1
148 422 5.252350217720435 0
92 424 5.595961914206819 1
108 430 5.5714182216006485 1
196 439 1.9144080232812801 0
29 442 0.0 0
77 455 5.988660995905543 1
199 459 1.4971652489763858 0
113 461 5.792311455056181 1
139 461 5.792311455056181 0
96 468 6.111379458936394 1
182 471 6.111379458936394 0
65 476 0.1718058482431918 0
139 486 6.062292073724054 0
43 488 0.4172427743048944 0
180 500 0.2945243112740431 0
160 513 0.22089323345553233 0
30 520 3.509748042682347 0
71 538 0.2454369260617026 1
