296
560
500
59
134 38 0.5154175447295755 0
38 75 6.037748381117884 0
160 134 0.7853981633974483 0
192 161 0.9326603190344698 0
14 174 5.203262832508095 0
206 184 4.123340357836604 1
138 195 1.0062913968529805 0
52 196 5.595961914206819 0
75 198 0.2945243112740431 1
86 204 3.1661363461959633 1
68 215 5.964117303299373 0
216 217 0.9572040116406401 1
59 224 2.061670178918302 1
93 225 0.8835729338221293 0
48 235 5.227806525114265 1
87 236 1.2517283229146832 0
20 244 4.884194828627882 0
218 246 4.196971435655114 1
93 252 1.1044661672776617 1
38 264 1.5707963267948966 0
162 273 1.1290098598838318 0
83 284 1.4971652489763858 0
52 286 4.81056375080937 1
201 291 1.0062913968529805 1
42 295 4.663301595172349 1
255 303 0.6872233929727672 0
150 320 1.325359400733194 1
175 323 1.2517283229146832 1
127 327 1.4726215563702154 1
20 328 1.718058482431918 1
206 337 1.227184630308513 1
223 347 1.2026409377023426 1
112 353 1.5707963267948966 0
243 368 1.227184630308513 0
27 371 1.7916895602504288 1
112 371 4.6878452877785195 0
200 379 4.466952054322987 0
255 380 0.8835729338221293 0
279 384 3.3379421944391554 1
253 400 5.399612373357457 0
144 416 4.884194828627882 0
218 418 5.056000676871073 0
174 419 4.957825906446392 1
160 422 4.908738521234052 1
270 428 5.792311455056181 0
199 434 5.105088062083414 1
141 438 5.006913291658733 0
116 444 5.056000676871073 1
236 446 5.350524988145116 1
265 452 5.915029918087033 0
192 453 5.301437602932776 1
170 454 5.252350217720435 1
103 470 5.350524988145116 1
73 473 5.301437602932776 0
128 477 5.522330836388308 0
175 482 5.66959299202533 0
161 501 5.939573610693203 1
173 537 2.84706834231575 0
216 545 5.792311455056181 1
