296
560
500
40
119 105 2.2089323345553233 0
132 108 5.522330836388308 0
83 140 5.325981295538946 0
159 152 5.841398840268521 0
179 164 0.6381360077604268 1
238 165 1.227184630308513 0
111 177 5.325981295538946 0
168 177 0.22089323345553233 0
186 178 2.9943304979527716 0
154 181 2.454369260617026 1
142 186 5.620505606812989 1
184 192 1.1290098598838318 0
123 203 2.0371264863121317 0
186 223 4.025165587411922 0
111 232 5.154175447295755 1
125 232 5.301437602932776 1
239 242 1.4726215563702154 0
81 243 2.184388641949153 1
156 245 1.9144080232812801 0
273 260 1.2026409377023426 1
62 275 5.325981295538946 0
74 284 2.3071071049800045 0
211 289 1.7426021750380885 1
185 292 1.9144080232812801 1
231 296 1.6444274046134073 0
265 301 1.6198837120072371 0
162 305 2.086213871524472 0
147 336 5.203262832508095 1
236 348 4.933282213840222 0
168 366 5.2768939103266055 0
200 373 5.301437602932776 1
180 374 5.375068680751287 1
131 377 5.473243451175968 1
154 381 5.5714182216006485 0
105 386 5.8659425328746915 0
214 387 5.546874528994478 0
179 397 5.767767762450011 1
129 402 6.013204688511713 0
204 404 5.841398840268521 0
181 409 6.013204688511713 1
