296
560
500
59
121 97 5.8659425328746915 0
130 104 2.6016314162540475 1
121 119 2.478912953223196 0
174 126 0.22089323345553233 0
106 130 5.64504929941916 0
100 204 2.2334760271614935 0
113 207 5.64504929941916 0
260 227 1.1044661672776617 0
60 243 5.375068680751287 0
129 248 5.816855147662351 1
154 260 0.760854470791278 1
283 266 1.227184630308513 0
88 273 5.325981295538946 0
213 277 1.2762720155208536 0
157 291 1.2026409377023426 0
98 297 1.9389517158874505 0
146 299 1.1044661672776617 0
143 309 2.3316507975861747 1
157 320 4.0987966652304335 0
286 325 1.325359400733194 1
101 327 5.203262832508095 1
88 329 5.080544369477243 1
130 339 1.8407769454627694 0
60 349 2.061670178918302 1
211 356 1.4971652489763858 0
274 359 4.540583132141498 0
155 368 1.718058482431918 0
242 387 1.325359400733194 1
42 388 5.252350217720435 0
183 394 1.6935147898257479 1
159 395 1.8653206380689396 1
54 398 2.2580197197676637 0
202 407 1.6198837120072371 0
136 410 1.9634954084936207 0
146 412 4.957825906446392 0
234 430 1.5953400194010667 0
126 445 5.080544369477243 1
242 446 1.521708941582556 1
207 471 4.933282213840222 0
254 475 1.6198837120072371 0
144 483 5.203262832508095 0
45 485 5.522330836388308 0
261 490 1.3008157081270237 0
157 493 5.252350217720435 1
173 494 5.252350217720435 1
110 496 5.350524988145116 1
133 502 5.375068680751287 0
59 506 5.66959299202533 0
251 509 5.792311455056181 0
212 512 5.399612373357457 0
86 515 5.792311455056181 1
190 519 5.424156065963627 1
155 527 5.5714182216006485 1
106 532 5.915029918087033 0
50 534 5.939573610693203 1
175 535 5.6941366846315 1
256 541 6.209554229361076 0
219 544 5.743224069843841 1
149 552 6.111379458936394 0
