296
560
500
43
98 176 2.724349879284899 0
80 182 5.8659425328746915 1
155 185 0.39269908169872414 0
251 197 0.9817477042468103 1
68 255 2.282563412373834 0
79 260 5.64504929941916 0
225 290 1.2026409377023426 0
26 293 5.424156065963627 0
92 300 5.792311455056181 1
119 309 0.7853981633974483 1
52 322 5.375068680751287 0
94 322 2.478912953223196 1
82 327 5.6941366846315 1
176 334 1.423534171157875 0
244 336 1.3744467859455345 0
121 341 1.3008157081270237 0
107 346 1.1535535524900022 0
60 347 2.0371264863121317 0
246 359 4.565126824747668 1
119 371 4.246058820867455 0
61 375 5.301437602932776 1
46 380 5.178719139901925 1
88 388 1.9144080232812801 0
241 394 1.3499030933393643 1
14 401 2.110757564130642 1
165 414 1.5953400194010667 0
225 421 4.663301595172349 0
193 448 1.423534171157875 1
109 449 1.9389517158874505 1
134 450 1.8162332528565992 1
86 461 2.0371264863121317 0
151 468 1.7426021750380885 0
239 483 1.030835089459151 0
182 491 1.6935147898257479 0
72 494 5.178719139901925 1
189 508 1.6444274046134073 1
244 514 0.9817477042468103 1
151 530 4.9823695990525625 0
88 536 5.227806525114265 0
199 538 1.5707963267948966 0
52 548 5.399612373357457 1
99 548 5.301437602932776 1
115 550 5.301437602932776 1
