296
560
500
54
103 112 5.375068680751287 0
139 118 0.3190680038802134 0
241 130 1.0062913968529805 1
56 191 2.3071071049800045 0
70 193 5.64504929941916 0
217 224 1.227184630308513 0
84 228 5.841398840268521 1
111 239 0.7853981633974483 1
97 252 0.3436116964863836 0
44 254 5.350524988145116 0
119 257 3.215223731408304 0
170 264 1.4480778637640452 0
112 270 1.2517283229146832 0
235 270 1.3744467859455345 0
101 271 1.1780972450961724 1
237 291 4.589670517353839 1
110 297 4.147884050442774 0
57 303 5.325981295538946 0
91 309 1.6689710972195777 0
79 317 1.9389517158874505 0
227 326 1.3989904785517047 0
158 340 1.5953400194010667 0
217 354 4.663301595172349 0
100 376 1.9389517158874505 1
186 379 1.4480778637640452 1
129 382 1.8653206380689396 0
144 395 1.7916895602504288 0
228 418 1.1780972450961724 0
169 421 1.6935147898257479 1
181 438 1.6444274046134073 1
231 450 1.0799224746714913 1
141 458 5.031456984264903 0
248 459 4.221515128261284 0
77 465 5.252350217720435 0
237 465 4.295146206079795 0
190 468 1.7426021750380885 0
90 475 5.301437602932776 1
106 477 5.325981295538946 1
42 478 5.399612373357457 1
196 487 1.3499030933393643 0
66 489 5.546874528994478 1
215 496 3.9269908169872414 0
19 497 5.767767762450011 1
143 500 5.497787143782138 0
183 503 5.939573610693203 0
121 504 5.522330836388308 1
85 510 5.64504929941916 1
35 515 5.939573610693203 0
103 520 5.792311455056181 1
240 531 3.6324665057131984 0
147 534 5.841398840268521 1
185 535 0.1718058482431918 0
74 538 6.111379458936394 0
209 539 3.2643111166206444 0
