296
560
500
66
155 65 6.111379458936394 0
134 76 2.6998061866787286 1
93 104 2.380738182798515 1
122 104 5.939573610693203 0
19 107 5.2768939103266055 1
169 108 0.2699806186678728 0
183 112 3.3379421944391554 0
15 126 5.203262832508095 1
148 131 2.82252464970958 0
13 146 5.129631754689584 1
53 155 5.424156065963627 1
17 172 5.252350217720435 1
17 185 5.031456984264903 1
192 186 0.7117670855789375 1
169 197 3.215223731408304 1
223 199 3.8288160465625602 0
108 203 5.767767762450011 1
126 224 6.086835766330224 1
11 229 5.154175447295755 1
203 232 1.1290098598838318 0
153 244 0.8835729338221293 1
8 248 5.080544369477243 1
271 251 4.270602513473625 1
221 261 1.2762720155208536 0
89 262 5.497787143782138 1
127 266 0.44178646691106466 0
131 285 1.1044661672776617 1
126 292 2.282563412373834 0
280 294 1.0799224746714913 0
109 307 5.424156065963627 1
12 308 1.88986433067511 1
130 309 1.718058482431918 1
237 326 4.516039439535327 0
61 339 1.7426021750380885 1
20 340 4.957825906446392 0
196 343 1.6935147898257479 1
238 343 1.3499030933393643 0
93 349 4.908738521234052 1
214 355 1.4726215563702154 1
152 356 1.7916895602504288 1
114 361 2.086213871524472 1
33 362 1.7916895602504288 0
245 376 4.516039439535327 0
119 386 2.0371264863121317 0
80 394 5.031456984264903 1
187 407 1.6444274046134073 1
127 408 2.0371264863121317 1
173 410 1.7671458676442586 0
70 420 4.933282213840222 1
137 432 1.9144080232812801 1
68 433 5.056000676871073 1
80 433 5.2768939103266055 1
148 433 1.8162332528565992 1
9 438 4.71238898038469 1
242 444 1.521708941582556 0
21 448 1.2762720155208536 1
59 453 5.325981295538946 1
73 453 5.448699758569798 0
115 475 2.405281875404685 1
155 480 5.031456984264903 0
212 480 1.7671458676442586 1
169 499 2.0371264863121317 0
116 503 5.227806525114265 0
71 512 5.743224069843841 0
169 525 5.080544369477243 1
143 531 5.227806525114265 0
