296
560
500
88
132 11 2.724349879284899 1
109 15 2.6261751088602177 1
67 28 2.3071071049800045 1
116 31 2.356194490192345 0
144 33 5.890486225480862 1
212 35 3.215223731408304 0
193 36 0.04908738521234052 1
174 53 2.82252464970958 0
282 64 4.025165587411922 1
76 79 5.424156065963627 1
286 87 4.246058820867455 1
30 105 5.325981295538946 1
217 114 0.760854470791278 0
197 119 3.2643111166206444 1
136 123 5.792311455056181 1
250 125 3.877903431774901 0
21 136 5.203262832508095 1
155 143 6.135923151542564 1
230 158 1.227184630308513 0
182 165 1.0062913968529805 1
116 182 5.473243451175968 1
158 184 0.6872233929727672 0
244 186 1.3499030933393643 0
156 202 1.2026409377023426 1
152 212 2.3071071049800045 0
132 230 5.350524988145116 1
153 231 1.8162332528565992 1
33 233 1.9634954084936207 1
133 254 1.9880391010997909 1
255 256 4.589670517353839 0
77 262 1.7671458676442586 0
39 264 5.031456984264903 0
128 265 5.129631754689584 1
213 272 1.718058482431918 1
255 273 1.4480778637640452 0
111 277 4.9823695990525625 1
231 282 1.5462526341887264 1
133 283 2.086213871524472 1
169 284 1.8407769454627694 1
52 286 1.8407769454627694 0
31 289 1.9389517158874505 0
103 304 5.006913291658733 0
260 307 4.565126824747668 0
136 313 2.110757564130642 0
97 318 5.056000676871073 1
142 334 2.061670178918302 1
188 337 1.7916895602504288 0
202 337 1.6935147898257479 1
85 343 5.006913291658733 1
283 349 4.71238898038469 1
76 355 4.81056375080937 0
152 357 1.9389517158874505 1
162 359 1.8162332528565992 1
85 361 5.203262832508095 0
103 366 5.2768939103266055 0
253 374 1.5462526341887264 0
73 378 5.2768939103266055 1
24 384 4.6878452877785195 1
104 386 5.350524988145116 0
50 387 0.6135923151542565 1
128 401 2.429825568010856 1
43 404 0.5645049299419159 0
168 408 5.031456984264903 0
222 411 1.8162332528565992 1
265 418 4.8351074434155406 1
181 429 2.086213871524472 0
126 433 5.2768939103266055 0
83 438 5.792311455056181 0
36 445 0.22089323345553233 0
177 457 5.129631754689584 1
154 461 5.252350217720435 0
40 464 0.7117670855789375 1
235 467 5.154175447295755 0
213 472 5.178719139901925 0
46 479 0.3190680038802134 1
141 481 5.620505606812989 1
232 484 2.429825568010856 1
195 491 5.66959299202533 0
120 494 6.135923151542564 0
160 495 5.841398840268521 0
223 500 2.6261751088602177 1
41 503 0.4663301595172349 1
189 506 6.086835766330224 0
210 515 2.8961557275280905 1
106 516 0.07363107781851078 1
55 519 0.3190680038802134 1
72 520 0.07363107781851078 1
191 527 3.043417883165112 1
