296
560
500
60
132 108 0.19634954084936207 0
23 116 5.620505606812989 0
75 140 2.675262494072558 0
62 146 5.915029918087033 0
188 146 0.4908738521234052 1
60 177 2.3071071049800045 1
21 180 5.375068680751287 0
154 197 3.3870295796514958 0
121 204 0.19634954084936207 0
217 215 3.706097583531709 1
105 217 2.675262494072558 1
151 236 0.6872233929727672 1
251 245 0.5645049299419159 0
181 249 0.760854470791278 0
54 254 5.252350217720435 1
79 260 5.66959299202533 1
99 273 6.111379458936394 1
101 295 6.1850105367549055 0
224 299 3.9760782021995817 1
115 309 0.662679700366597 1
240 312 0.7853981633974483 0
68 313 4.7860200582032 0
97 324 1.3008157081270237 1
131 330 1.1535535524900022 0
201 330 1.055378782065321 1
226 334 0.9081166264282996 1
262 335 3.9515345095934116 0
115 350 4.516039439535327 1
107 359 4.3933209765044765 1
175 368 1.1535535524900022 1
144 387 1.3744467859455345 1
125 393 4.319689898685965 1
234 394 1.030835089459151 1
90 400 1.1290098598838318 1
223 401 1.1290098598838318 0
30 406 1.325359400733194 1
166 412 1.4480778637640452 0
57 424 4.368777283898306 0
185 430 1.3989904785517047 1
214 432 1.1780972450961724 1
84 437 1.1780972450961724 1
140 437 4.368777283898306 1
206 440 1.3008157081270237 1
60 450 1.325359400733194 0
158 457 4.589670517353839 0
140 465 4.319689898685965 0
251 469 4.344233591292136 0
146 477 4.466952054322987 0
47 479 1.325359400733194 1
271 482 1.3744467859455345 0
140 483 4.196971435655114 1
213 486 1.7426021750380885 1
184 492 4.76147636559703 0
150 505 4.73693267299086 0
286 505 4.491495746929157 1
159 508 5.080544369477243 1
233 522 4.71238898038469 1
273 522 4.614214209960009 1
142 523 3.706097583531709 1
201 548 5.178719139901925 1
