296
560
500
52
47 16 5.203262832508095 1
89 16 1.8407769454627694 0
103 23 1.1044661672776617 1
89 34 1.9634954084936207 0
248 34 1.0799224746714913 0
100 56 1.6198837120072371 0
74 61 5.105088062083414 1
206 67 4.442408361716817 0
209 81 1.3008157081270237 0
166 82 1.521708941582556 1
23 91 1.5707963267948966 0
186 94 1.3744467859455345 1
63 103 4.7860200582032 1
124 106 1.6689710972195777 1
250 109 1.1535535524900022 0
86 110 1.9389517158874505 1
219 115 4.417864669110647 0
96 136 1.9880391010997909 0
56 148 4.884194828627882 1
261 150 1.2026409377023426 0
165 151 1.5462526341887264 1
105 153 1.88986433067511 1
152 155 1.6689710972195777 0
64 173 5.080544369477243 0
128 174 1.6689710972195777 1
118 179 1.8407769454627694 1
220 183 1.3989904785517047 0
259 201 1.1290098598838318 0
23 218 4.147884050442774 0
74 222 5.227806525114265 1
196 223 1.6935147898257479 1
17 224 3.877903431774901 1
100 226 2.356194490192345 1
141 228 4.908738521234052 0
66 242 5.522330836388308 0
249 246 1.6444274046134073 1
156 247 1.9144080232812801 0
106 251 5.080544369477243 0
157 273 5.006913291658733 1
209 279 5.056000676871073 1
137 284 5.105088062083414 1
195 284 5.056000676871073 0
221 295 5.424156065963627 0
183 303 5.473243451175968 0
128 305 5.497787143782138 0
219 316 5.841398840268521 0
110 317 5.939573610693203 0
177 321 5.988660995905543 0
95 336 6.1850105367549055 0
65 345 6.1850105367549055 0
160 376 3.0925052683774528 0
173 384 2.8716120349219203 1
