296
560
500
50
170 144 6.086835766330224 1
157 147 2.6016314162540475 1
76 158 5.448699758569798 1
114 180 2.356194490192345 1
268 182 0.6381360077604268 0
141 188 5.841398840268521 1
172 212 2.84706834231575 1
75 231 5.424156065963627 1
35 243 2.012582793705961 1
33 256 5.105088062083414 1
214 262 0.662679700366597 1
245 272 3.77972866135022 0
194 275 3.1906800388021335 1
132 284 5.71868037723767 1
157 308 6.135923151542564 0
230 310 1.055378782065321 0
182 323 0.9081166264282996 1
248 333 1.1044661672776617 0
115 346 5.424156065963627 1
152 350 0.2699806186678728 1
161 360 1.1780972450961724 1
138 361 2.012582793705961 1
154 366 2.1598449493429825 0
31 386 1.9880391010997909 1
158 387 1.718058482431918 1
136 390 5.2768939103266055 1
123 395 5.080544369477243 1
227 415 1.5462526341887264 1
40 418 5.031456984264903 0
85 419 1.7426021750380885 0
251 424 1.325359400733194 1
121 430 4.933282213840222 1
287 434 4.368777283898306 0
179 437 1.7671458676442586 1
142 438 2.012582793705961 1
32 439 1.9880391010997909 0
62 445 1.8407769454627694 1
145 462 1.9880391010997909 1
110 474 4.9823695990525625 1
225 479 1.4971652489763858 1
204 481 1.6198837120072371 1
155 488 1.9880391010997909 1
110 503 5.178719139901925 1
181 506 1.718058482431918 1
169 507 1.8407769454627694 1
95 513 4.9823695990525625 0
89 518 4.6878452877785195 1
95 525 5.080544369477243 0
89 536 4.491495746929157 1
123 539 5.2768939103266055 0
