296
560
500
70
158 69 6.111379458936394 1
136 76 2.6261751088602177 1
96 112 2.356194490192345 0
124 112 5.841398840268521 1
271 116 0.8099418560036186 1
159 129 2.7979809571034093 0
56 161 5.399612373357457 1
199 183 0.6381360077604268 1
232 188 3.7551849687440497 1
13 191 5.227806525114265 1
175 197 3.117048960983623 1
116 208 5.6941366846315 1
39 219 5.325981295538946 1
43 225 2.110757564130642 0
137 229 5.988660995905543 1
213 229 1.030835089459151 0
284 244 4.196971435655114 1
164 246 0.859029241215959 1
232 253 1.1290098598838318 0
131 271 2.2334760271614935 1
99 273 5.399612373357457 1
151 278 1.1044661672776617 1
136 287 2.012582793705961 1
142 294 1.6689710972195777 0
148 311 1.7426021750380885 0
121 318 5.154175447295755 1
16 324 1.88986433067511 1
213 331 1.5707963267948966 1
69 344 1.6689710972195777 0
234 348 1.3499030933393643 1
27 353 4.933282213840222 0
167 356 1.7426021750380885 1
106 360 4.884194828627882 1
128 364 1.9634954084936207 1
269 365 4.417864669110647 0
44 374 1.7426021750380885 0
15 375 1.7671458676442586 1
131 389 1.9634954084936207 1
210 399 1.521708941582556 1
97 401 4.957825906446392 1
195 401 1.6689710972195777 0
145 405 1.9144080232812801 1
169 423 1.6935147898257479 1
158 426 1.8162332528565992 1
102 428 5.154175447295755 0
269 433 1.3744467859455345 0
84 438 4.957825906446392 0
79 441 4.589670517353839 1
86 449 4.172427743048944 0
39 456 0.8835729338221293 1
111 466 5.252350217720435 0
243 470 1.6935147898257479 1
58 471 4.0987966652304335 1
134 472 2.3316507975861747 0
183 473 4.933282213840222 0
52 478 4.0987966652304335 0
108 491 5.473243451175968 0
200 492 1.9389517158874505 0
30 495 3.730641276137879 0
146 498 5.105088062083414 0
202 515 5.006913291658733 1
50 519 3.2888548092268146 1
256 525 5.105088062083414 1
95 528 3.0925052683774528 0
181 528 5.105088062083414 1
242 528 5.080544369477243 0
102 542 5.939573610693203 0
174 548 5.473243451175968 0
205 551 5.473243451175968 1
226 555 5.6941366846315 1
