296
560
500
54
144 140 6.037748381117884 0
131 152 2.5770877236478773 1
167 183 0.09817477042468103 0
179 184 3.117048960983623 0
89 190 2.282563412373834 1
34 196 5.252350217720435 1
116 198 5.767767762450011 0
151 206 2.6998061866787286 0
273 216 4.0987966652304335 0
278 235 4.172427743048944 0
55 245 5.301437602932776 1
198 259 0.6135923151542565 0
180 264 3.1661363461959633 0
231 265 3.730641276137879 0
17 271 5.154175447295755 1
118 282 5.64504929941916 1
142 296 6.037748381117884 1
216 299 1.055378782065321 0
284 315 4.196971435655114 1
168 319 0.8344855486097889 0
236 327 1.2026409377023426 0
147 337 0.4172427743048944 0
108 341 5.325981295538946 1
153 354 1.1290098598838318 1
148 361 2.061670178918302 0
152 383 1.6444274046134073 1
130 389 5.129631754689584 1
258 393 4.417864669110647 0
32 402 1.8653206380689396 1
260 407 1.2762720155208536 0
218 408 1.5462526341887264 1
238 420 1.3744467859455345 1
115 427 4.859651136021712 0
85 428 1.6198837120072371 1
177 430 1.6689710972195777 1
43 432 4.884194828627882 0
141 436 1.9389517158874505 1
270 439 4.417864669110647 0
64 452 1.718058482431918 1
37 456 1.8653206380689396 0
113 461 4.908738521234052 0
278 463 4.589670517353839 0
147 468 1.9634954084936207 0
107 473 4.933282213840222 0
217 478 1.521708941582556 1
203 483 1.6444274046134073 0
152 489 1.9389517158874505 0
103 503 4.859651136021712 1
171 508 1.8407769454627694 1
112 509 5.080544369477243 1
177 511 1.6935147898257479 0
127 523 5.129631754689584 1
110 530 4.8351074434155406 0
93 532 4.614214209960009 1
