296
560
500
64
135 111 2.6016314162540475 1
50 134 5.105088062083414 1
89 150 2.2580197197676637 1
45 155 5.203262832508095 1
116 159 5.743224069843841 0
150 166 2.6998061866787286 0
263 166 3.9515345095934116 0
268 182 4.0987966652304335 0
61 205 5.301437602932776 0
283 210 4.196971435655114 1
197 211 0.5890486225480862 1
178 221 3.0925052683774528 0
232 223 3.730641276137879 0
20 232 5.129631754689584 1
120 243 5.64504929941916 0
142 250 6.037748381117884 0
217 256 1.055378782065321 0
285 275 4.196971435655114 1
167 278 0.760854470791278 0
237 283 1.2026409377023426 0
148 295 0.39269908169872414 0
109 301 5.301437602932776 1
153 313 1.055378782065321 1
150 322 2.086213871524472 0
154 341 1.6198837120072371 1
133 347 5.129631754689584 1
259 351 4.466952054322987 0
35 364 1.8162332528565992 1
263 365 1.3008157081270237 0
140 366 1.8407769454627694 1
221 366 1.5462526341887264 1
240 378 1.3499030933393643 1
136 379 4.957825906446392 1
84 384 1.5953400194010667 0
123 387 4.7860200582032 1
180 388 1.6689710972195777 1
47 393 4.8351074434155406 0
143 396 1.88986433067511 1
273 398 4.3933209765044765 0
67 414 1.6689710972195777 1
42 419 1.8162332528565992 0
117 422 4.884194828627882 0
9 426 4.957825906446392 1
151 427 1.9634954084936207 0
111 433 4.908738521234052 0
222 438 1.521708941582556 1
207 439 1.5953400194010667 0
156 449 1.9389517158874505 0
108 462 4.8351074434155406 1
175 464 1.7916895602504288 1
12 470 4.76147636559703 1
181 473 1.6935147898257479 0
109 474 4.884194828627882 1
132 482 5.105088062083414 1
116 489 4.9823695990525625 0
267 493 4.73693267299086 1
18 494 4.6878452877785195 1
255 505 1.5953400194010667 1
116 508 4.908738521234052 0
30 511 4.417864669110647 1
208 514 4.8351074434155406 0
154 529 2.1353012567368124 1
217 531 1.8162332528565992 0
169 533 4.957825906446392 0
