296
560
500
71
104 58 2.552544031041707 0
131 68 2.6016314162540475 1
167 72 2.8716120349219203 0
58 119 5.522330836388308 0
220 140 0.7853981633974483 0
182 143 0.6381360077604268 1
191 154 3.5833791205008576 1
144 159 6.086835766330224 0
230 173 3.877903431774901 0
165 175 0.39269908169872414 1
250 182 1.030835089459151 0
93 183 5.448699758569798 0
74 190 2.1598449493429825 0
22 193 5.301437602932776 0
17 205 2.2089323345553233 0
227 212 1.1780972450961724 0
187 236 1.1780972450961724 1
122 243 5.71868037723767 0
99 254 5.301437602932776 0
144 259 2.110757564130642 1
94 267 2.086213871524472 0
262 267 1.1290098598838318 0
162 273 1.3989904785517047 1
146 276 1.7916895602504288 0
130 280 1.9634954084936207 0
223 285 1.5707963267948966 1
178 301 4.589670517353839 0
134 304 1.9389517158874505 0
215 310 2.012582793705961 0
144 311 1.9144080232812801 0
156 311 1.7916895602504288 0
66 317 5.203262832508095 0
233 317 1.5953400194010667 0
114 319 5.056000676871073 0
255 320 1.2517283229146832 0
86 336 2.061670178918302 0
119 339 5.105088062083414 0
237 339 1.6935147898257479 0
200 343 2.1353012567368124 1
130 344 5.129631754689584 0
181 351 5.301437602932776 0
241 361 1.4480778637640452 0
54 363 2.3071071049800045 0
188 363 5.2768939103266055 0
258 373 4.074252972624263 0
149 377 5.252350217720435 0
225 378 5.522330836388308 1
274 380 3.902447124381071 0
57 385 5.252350217720435 0
183 388 5.546874528994478 0
257 388 3.117048960983623 0
210 394 5.71868037723767 1
22 397 5.473243451175968 0
73 404 5.424156065963627 0
99 407 5.399612373357457 1
123 410 5.522330836388308 0
167 423 5.767767762450011 1
259 425 2.9943304979527716 0
232 429 6.135923151542564 0
193 433 5.988660995905543 0
147 436 5.890486225480862 1
42 442 5.743224069843841 0
104 443 5.767767762450011 1
70 446 5.792311455056181 0
116 453 5.964117303299373 1
54 460 6.086835766330224 1
154 461 6.135923151542564 1
192 463 0.04908738521234052 1
109 476 6.234097921967246 0
214 484 3.1661363461959633 1
183 490 0.02454369260617026 1
