296
560
500
68
62 125 5.448699758569798 1
194 145 3.3624858870453256 1
147 147 6.160466844148735 0
169 157 0.4172427743048944 0
29 175 5.227806525114265 0
93 177 5.424156065963627 0
71 191 2.061670178918302 0
26 195 5.105088062083414 0
233 206 1.1535535524900022 0
193 223 1.1780972450961724 1
124 229 5.64504929941916 0
102 243 5.227806525114265 0
149 243 2.110757564130642 1
99 254 1.9880391010997909 0
167 257 1.3744467859455345 1
151 259 1.7426021750380885 0
135 264 1.9144080232812801 0
271 265 1.0799224746714913 0
236 275 1.4971652489763858 0
184 287 4.565126824747668 0
140 289 1.88986433067511 0
151 296 1.88986433067511 0
162 296 1.6935147898257479 0
223 301 1.9634954084936207 0
187 303 4.7860200582032 0
120 306 5.031456984264903 0
75 309 5.080544369477243 0
243 309 1.5707963267948966 0
187 314 5.006913291658733 0
266 316 1.1780972450961724 0
95 325 1.9634954084936207 0
127 326 5.031456984264903 0
138 331 5.056000676871073 0
248 331 1.6689710972195777 0
210 333 2.086213871524472 1
184 342 5.301437602932776 1
203 355 5.178719139901925 1
253 355 1.4726215563702154 0
40 362 2.184388641949153 0
160 364 5.178719139901925 0
271 367 4.049709280018092 0
238 370 5.546874528994478 1
270 376 3.2643111166206444 1
70 378 5.178719139901925 0
195 378 5.546874528994478 0
223 385 5.767767762450011 1
36 397 5.325981295538946 0
86 397 5.325981295538946 0
112 397 5.325981295538946 1
136 399 5.473243451175968 0
182 419 5.792311455056181 0
275 420 3.067961575771282 0
246 422 6.209554229361076 0
208 425 6.013204688511713 0
163 429 5.792311455056181 1
120 435 5.743224069843841 1
60 439 5.620505606812989 0
86 441 5.71868037723767 0
131 448 5.890486225480862 1
169 455 6.111379458936394 1
208 457 0.07363107781851078 1
70 459 5.988660995905543 1
126 472 6.209554229361076 0
232 479 3.1906800388021335 1
199 485 0.07363107781851078 1
44 496 6.209554229361076 1
65 515 0.09817477042468103 1
96 518 0.02454369260617026 0
