296
560
500
62
124 104 5.841398840268521 0
191 162 0.22089323345553233 0
132 172 5.743224069843841 0
110 175 2.405281875404685 0
210 179 0.7853981633974483 0
236 180 3.6570101983193686 0
265 181 1.1290098598838318 1
284 229 1.2026409377023426 0
145 231 5.964117303299373 0
122 235 5.5714182216006485 0
214 243 1.4971652489763858 0
110 247 2.3071071049800045 0
255 250 1.4971652489763858 0
164 253 2.478912953223196 1
143 267 2.2334760271614935 0
176 272 1.7426021750380885 1
71 290 5.424156065963627 0
140 291 2.2089323345553233 0
116 301 5.350524988145116 0
146 304 2.2580197197676637 0
190 307 4.957825906446392 0
158 308 2.110757564130642 0
230 312 1.8653206380689396 1
83 313 2.3316507975861747 0
272 316 1.521708941582556 0
115 323 5.375068680751287 0
123 332 5.399612373357457 0
214 332 2.3316507975861747 0
43 333 2.5280003384355365 0
174 334 5.227806525114265 0
230 350 1.9634954084936207 0
38 353 5.497787143782138 1
159 356 5.522330836388308 0
188 359 2.478912953223196 1
249 364 1.5707963267948966 0
134 371 5.522330836388308 0
226 374 2.0371264863121317 0
172 375 5.546874528994478 0
48 380 5.64504929941916 0
73 388 5.66959299202533 1
157 393 5.915029918087033 1
224 396 1.8653206380689396 0
96 398 5.792311455056181 0
201 407 5.841398840268521 1
181 414 6.1850105367549055 1
236 415 4.417864669110647 0
35 419 6.086835766330224 0
66 426 6.086835766330224 1
229 428 3.485204350076177 0
132 432 6.111379458936394 0
112 434 6.135923151542564 1
153 445 0.1718058482431918 0
72 448 6.234097921967246 0
193 457 0.3436116964863836 0
105 467 0.22089323345553233 0
220 467 3.485204350076177 0
60 469 0.2945243112740431 1
145 477 0.4663301595172349 1
125 501 0.39269908169872414 1
159 508 3.5588354278946874 1
117 524 0.4663301595172349 0
151 526 0.36815538909255385 0
