296
560
500
63
67 76 2.429825568010856 0
155 76 0.3190680038802134 0
35 80 2.2089323345553233 0
144 119 0.39269908169872414 1
111 127 0.07363107781851078 0
125 142 2.945243112740431 0
168 142 3.5342917352885173 0
187 145 0.6135923151542565 1
242 145 0.5154175447295755 0
81 159 5.743224069843841 0
106 161 6.209554229361076 0
182 181 0.8099418560036186 1
44 209 5.006913291658733 0
155 211 0.859029241215959 1
239 217 0.7363107781851077 0
30 230 1.6935147898257479 0
205 242 1.1044661672776617 1
96 244 5.227806525114265 0
123 244 1.9144080232812801 0
146 256 1.0062913968529805 1
81 264 4.8351074434155406 0
253 267 0.8099418560036186 0
209 271 1.521708941582556 0
229 271 1.1290098598838318 0
171 274 4.147884050442774 0
118 276 1.521708941582556 0
80 279 1.5953400194010667 0
179 289 4.442408361716817 0
243 290 1.423534171157875 0
154 294 1.325359400733194 0
144 301 1.521708941582556 0
183 301 4.663301595172349 0
210 307 1.7916895602504288 1
260 307 1.227184630308513 1
121 314 4.614214209960009 0
277 315 3.5833791205008576 0
191 324 4.884194828627882 1
262 326 5.6941366846315 0
280 328 2.8716120349219203 0
207 330 4.884194828627882 0
247 330 4.957825906446392 1
146 333 4.638757902566179 0
78 334 4.73693267299086 0
101 349 1.5707963267948966 0
239 352 5.350524988145116 1
176 355 4.8351074434155406 0
212 357 5.154175447295755 0
274 377 5.816855147662351 0
86 384 1.8407769454627694 0
242 394 5.595961914206819 0
214 398 5.424156065963627 0
170 402 5.105088062083414 1
97 406 4.81056375080937 0
146 410 5.031456984264903 0
200 414 5.424156065963627 1
117 417 5.031456984264903 0
253 424 5.964117303299373 1
213 437 5.767767762450011 1
161 440 5.375068680751287 1
180 444 5.473243451175968 1
134 454 5.375068680751287 0
255 455 5.841398840268521 1
181 469 5.816855147662351 0
