296
560
500
89
118 19 5.301437602932776 0
101 24 2.110757564130642 0
222 57 1.0799224746714913 1
156 73 5.64504929941916 0
181 84 2.2580197197676637 0
199 100 1.2762720155208536 1
265 100 1.4971652489763858 1
166 110 1.9144080232812801 0
224 124 4.516039439535327 1
258 127 1.9389517158874505 0
173 129 1.88986433067511 0
277 132 1.5953400194010667 0
196 134 1.6689710972195777 0
184 137 1.8653206380689396 0
153 147 5.006913291658733 0
221 150 4.884194828627882 0
98 154 5.178719139901925 0
247 158 2.110757564130642 1
124 164 2.0371264863121317 0
161 166 5.006913291658733 0
172 170 5.056000676871073 0
221 173 5.227806525114265 1
14 176 5.178719139901925 0
235 181 5.227806525114265 0
93 190 2.2580197197676637 0
273 192 5.5714182216006485 1
196 198 5.203262832508095 0
231 205 5.473243451175968 0
256 209 5.767767762450011 1
99 211 5.227806525114265 0
64 224 5.424156065963627 0
116 229 5.399612373357457 0
170 230 5.522330836388308 0
146 233 5.448699758569798 0
280 243 6.209554229361076 0
215 244 5.767767762450011 0
27 246 5.5714182216006485 0
244 246 5.988660995905543 0
195 254 5.792311455056181 1
148 264 5.767767762450011 1
88 266 5.6941366846315 0
117 268 5.743224069843841 0
166 271 5.890486225480862 1
203 274 6.135923151542564 1
244 276 0.1718058482431918 1
102 282 6.037748381117884 1
46 289 5.915029918087033 0
160 293 6.160466844148735 0
230 304 0.1718058482431918 1
271 309 3.3870295796514958 0
72 318 6.160466844148735 1
239 331 0.09817477042468103 0
258 334 3.313398501832985 0
150 341 0.3190680038802134 0
265 342 2.7979809571034093 1
74 343 0.14726215563702155 1
223 347 3.1906800388021335 1
254 353 2.6261751088602177 1
106 355 6.013204688511713 1
234 374 4.71238898038469 0
178 376 3.2888548092268146 0
226 378 3.706097583531709 1
123 380 5.915029918087033 0
198 388 3.5342917352885173 0
134 390 6.1850105367549055 0
107 396 5.792311455056181 1
114 404 0.04908738521234052 0
129 406 3.1906800388021335 0
240 412 3.9760782021995817 0
85 414 5.939573610693203 1
74 432 1.8162332528565992 1
235 432 3.6570101983193686 1
87 436 1.6935147898257479 0
102 442 1.2026409377023426 1
129 449 0.09817477042468103 1
153 450 0.2699806186678728 0
124 458 1.325359400733194 0
141 462 0.5890486225480862 0
240 467 4.565126824747668 0
93 472 4.81056375080937 0
181 481 1.3744467859455345 0
206 489 1.5462526341887264 1
88 492 4.368777283898306 1
100 499 4.147884050442774 1
115 499 4.417864669110647 0
234 501 4.884194828627882 1
163 506 3.8288160465625602 1
88 510 0.5154175447295755 1
107 522 3.706097583531709 1
