296
560
500
69
100 128 2.5034566458293663 0
211 129 0.36815538909255385 0
127 131 2.552544031041707 0
157 141 2.7979809571034093 0
241 175 0.7363107781851077 0
56 190 5.473243451175968 0
185 205 0.5890486225480862 0
220 209 0.8344855486097889 0
141 225 6.037748381117884 0
189 225 3.3624858870453256 0
164 233 0.36815538909255385 0
228 239 3.877903431774901 0
249 251 1.055378782065321 0
89 255 5.424156065963627 0
70 265 2.110757564130642 0
228 280 1.2026409377023426 0
186 297 1.1780972450961724 1
122 307 5.66959299202533 0
145 315 2.2089323345553233 0
100 319 5.252350217720435 0
95 330 2.061670178918302 0
162 336 1.3989904785517047 1
261 337 1.1044661672776617 0
131 341 1.9634954084936207 0
223 347 1.521708941582556 1
279 361 4.246058820867455 0
182 364 4.638757902566179 1
134 366 1.9389517158874505 0
156 372 1.7671458676442586 0
144 373 1.9144080232812801 0
215 375 1.9880391010997909 0
67 383 5.203262832508095 0
114 383 5.056000676871073 0
233 383 1.5462526341887264 0
255 389 1.227184630308513 0
178 392 4.9823695990525625 0
87 401 2.061670178918302 0
119 403 5.080544369477243 0
238 403 1.7671458676442586 0
201 408 2.3071071049800045 1
129 409 5.129631754689584 0
175 417 5.325981295538946 1
184 426 5.424156065963627 1
55 431 2.282563412373834 0
151 438 5.203262832508095 0
241 442 6.037748381117884 1
258 442 3.877903431774901 0
227 445 5.546874528994478 1
180 450 5.546874528994478 1
256 451 3.2888548092268146 1
275 451 3.9515345095934116 0
59 453 5.203262832508095 0
212 461 5.767767762450011 1
73 471 5.399612373357457 0
124 474 5.497787143782138 0
101 476 5.424156065963627 0
169 488 5.792311455056181 1
260 497 3.067961575771282 0
232 499 6.209554229361076 0
195 501 6.013204688511713 0
151 503 5.841398840268521 1
105 510 5.767767762450011 1
43 511 5.6941366846315 0
72 513 5.767767762450011 0
118 528 5.915029918087033 0
53 529 6.086835766330224 1
156 529 6.160466844148735 1
196 533 0.1227184630308513 1
113 552 6.234097921967246 1
