296
560
500
65
121 42 2.552544031041707 0
78 97 5.546874528994478 0
243 126 0.9081166264282996 0
167 131 6.160466844148735 0
212 135 3.3870295796514958 0
191 141 0.5399612373357456 0
111 157 5.497787143782138 0
91 166 2.184388641949153 0
42 168 5.301437602932776 0
27 196 2.1353012567368124 0
249 196 1.2517283229146832 0
207 207 1.227184630308513 1
141 210 5.71868037723767 0
118 221 5.325981295538946 0
163 221 2.2334760271614935 0
112 234 2.086213871524472 0
180 243 1.423534171157875 1
149 246 2.012582793705961 0
242 264 1.5707963267948966 1
152 270 1.9634954084936207 0
200 273 4.663301595172349 1
162 277 1.9389517158874505 0
173 280 1.7916895602504288 0
83 285 5.227806525114265 0
130 287 5.105088062083414 0
234 289 2.0371264863121317 0
195 301 5.006913291658733 0
103 304 2.086213871524472 0
251 304 1.6444274046134073 0
135 308 5.129631754689584 0
272 313 1.2517283229146832 0
146 314 5.129631754689584 0
217 322 2.405281875404685 1
255 327 1.9144080232812801 0
190 329 5.375068680751287 1
70 332 2.282563412373834 0
200 336 5.522330836388308 1
167 347 5.227806525114265 0
73 354 5.252350217720435 0
262 354 1.9634954084936207 1
196 362 5.620505606812989 1
241 364 5.473243451175968 1
38 370 5.399612373357457 0
88 373 5.448699758569798 0
269 374 3.706097583531709 1
225 377 5.890486225480862 1
117 380 5.448699758569798 0
139 380 5.546874528994478 0
182 400 5.841398840268521 1
58 413 5.6941366846315 0
163 413 5.939573610693203 1
206 415 6.135923151542564 0
117 416 5.841398840268521 1
83 417 5.8659425328746915 0
242 417 0.09817477042468103 0
271 420 3.2397674240144743 0
128 428 6.062292073724054 1
66 435 6.037748381117884 1
163 440 6.258641614573416 1
204 447 0.2945243112740431 1
120 461 0.02454369260617026 1
36 472 6.234097921967246 1
24 473 2.773437264497239 1
220 475 3.3624858870453256 1
188 476 0.1718058482431918 1
