296
560
500
62
213 193 0.9081166264282996 0
132 198 6.209554229361076 0
181 205 3.485204350076177 0
155 210 0.5154175447295755 0
77 221 5.546874528994478 0
56 229 2.184388641949153 0
237 236 1.1044661672776617 0
214 264 1.2517283229146832 0
171 277 1.227184630308513 1
104 278 5.71868037723767 0
81 287 5.350524988145116 0
127 296 2.2334760271614935 1
75 299 2.110757564130642 0
143 312 1.423534171157875 1
111 314 2.012582793705961 0
244 325 1.1780972450961724 0
205 333 1.6198837120072371 1
114 339 1.9880391010997909 0
163 340 4.663301595172349 1
124 346 1.9880391010997909 0
136 348 1.8407769454627694 0
260 349 4.295146206079795 0
45 350 5.252350217720435 0
92 355 5.105088062083414 0
195 357 2.061670178918302 0
214 368 1.6689710972195777 0
157 369 5.031456984264903 0
64 370 2.086213871524472 0
235 374 1.325359400733194 0
97 375 5.129631754689584 0
107 381 5.178719139901925 0
179 388 2.2334760271614935 1
217 393 1.9880391010997909 0
152 395 5.399612373357457 1
31 397 2.3071071049800045 0
166 407 5.350524988145116 0
128 414 5.252350217720435 0
34 419 5.252350217720435 0
202 428 5.620505606812989 1
160 433 5.620505606812989 0
49 439 5.424156065963627 0
248 441 3.9515345095934116 1
232 442 3.1906800388021335 0
187 443 5.816855147662351 1
76 447 5.473243451175968 0
99 448 5.546874528994478 0
266 450 3.877903431774901 1
143 472 5.8659425328746915 0
16 479 5.743224069843841 0
124 479 5.890486225480862 1
168 480 6.111379458936394 0
205 481 0.0 0
232 481 3.141592653589793 0
78 482 5.841398840268521 1
45 483 5.841398840268521 0
27 499 6.111379458936394 1
91 502 5.988660995905543 0
126 506 6.209554229361076 1
167 511 0.22089323345553233 1
83 518 0.07363107781851078 0
187 538 3.3379421944391554 1
146 545 0.14726215563702155 0
