296
560
500
56
157 43 3.6570101983193686 0
47 79 2.356194490192345 1
79 94 2.650718801466388 1
86 100 2.6261751088602177 0
51 114 5.743224069843841 0
198 154 1.1535535524900022 1
220 162 1.030835089459151 0
247 174 4.147884050442774 0
126 176 3.3624858870453256 0
87 177 6.209554229361076 1
125 190 3.2888548092268146 0
261 210 1.055378782065321 1
194 213 4.270602513473625 1
155 217 4.025165587411922 0
230 233 4.270602513473625 0
97 235 6.086835766330224 0
139 240 3.730641276137879 1
42 245 1.6935147898257479 1
156 287 1.2517283229146832 1
273 295 0.8835729338221293 0
128 299 1.325359400733194 1
113 309 1.325359400733194 0
258 319 4.147884050442774 0
20 337 1.521708941582556 0
81 337 1.227184630308513 0
9 339 1.9144080232812801 0
144 345 1.227184630308513 1
130 362 4.319689898685965 0
119 366 1.030835089459151 0
265 368 3.9269908169872414 0
16 370 0.9081166264282996 0
151 375 4.368777283898306 1
31 382 4.123340357836604 0
78 386 4.246058820867455 0
174 386 4.221515128261284 0
11 388 4.540583132141498 1
123 397 4.172427743048944 0
148 398 4.147884050442774 0
55 399 4.0987966652304335 1
30 401 3.8533597391687304 0
114 403 4.0987966652304335 0
235 409 3.877903431774901 0
219 410 3.80427235395639 1
23 415 3.3870295796514958 0
98 423 3.9515345095934116 1
142 423 3.902447124381071 0
55 431 3.6079228131070282 1
177 432 3.8533597391687304 0
167 437 3.6570101983193686 1
86 438 3.77972866135022 0
223 455 3.4606606574700063 0
114 460 3.6324665057131984 0
192 471 3.411573272257666 1
66 476 3.436116964863836 0
119 489 3.313398501832985 0
166 503 3.2888548092268146 0
