296
560
500
56
152 23 3.6324665057131984 1
50 62 2.3071071049800045 1
19 68 5.5714182216006485 1
79 76 2.5280003384355365 1
90 87 2.5770877236478773 1
55 96 5.66959299202533 0
205 132 1.1044661672776617 1
226 138 0.9326603190344698 0
133 150 3.2888548092268146 0
257 150 4.049709280018092 0
98 158 6.111379458936394 0
135 165 3.2397674240144743 0
272 184 0.9817477042468103 1
206 185 4.221515128261284 0
164 190 4.000621894805752 0
241 209 4.196971435655114 0
128 216 1.88986433067511 0
139 227 1.2026409377023426 0
55 228 1.6198837120072371 1
171 262 1.2026409377023426 1
143 275 1.2517283229146832 1
129 284 1.2762720155208536 0
274 292 4.0987966652304335 0
18 293 1.7671458676442586 0
99 316 1.1780972450961724 0
38 321 1.4726215563702154 0
163 323 1.1290098598838318 1
28 327 1.8162332528565992 0
147 340 4.246058820867455 1
139 342 0.9817477042468103 0
168 351 4.295146206079795 0
194 359 4.172427743048944 0
99 366 4.196971435655114 0
169 373 4.0987966652304335 0
30 374 5.6941366846315 1
145 374 4.123340357836604 0
82 380 4.000621894805752 0
135 380 4.074252972624263 0
56 383 3.8533597391687304 1
241 383 3.7551849687440497 1
258 383 3.8288160465625602 0
14 386 6.037748381117884 1
166 400 3.8533597391687304 0
45 401 3.1906800388021335 0
122 403 3.877903431774901 1
203 406 3.7551849687440497 0
189 411 3.6324665057131984 1
80 415 3.5588354278946874 1
110 418 3.730641276137879 0
249 429 3.4606606574700063 0
140 438 3.5342917352885173 0
218 445 3.3624858870453256 1
92 458 3.3624858870453256 0
147 468 3.2397674240144743 0
194 479 3.2397674240144743 0
178 544 6.062292073724054 1
