296
560
500
58
98 61 2.3316507975861747 0
133 79 2.6016314162540475 1
143 86 2.650718801466388 0
106 99 5.71868037723767 0
254 139 1.1535535524900022 1
276 143 0.9572040116406401 0
141 164 6.209554229361076 1
182 164 3.411573272257666 0
181 179 3.3379421944391554 0
249 197 4.246058820867455 1
209 202 3.9760782021995817 0
147 220 5.939573610693203 1
198 225 3.77972866135022 0
169 228 1.8407769454627694 0
97 230 1.6689710972195777 1
208 273 1.227184630308513 0
185 286 1.325359400733194 1
58 289 1.8162332528565992 0
169 295 1.2762720155208536 0
76 320 1.4726215563702154 0
30 321 2.1353012567368124 0
138 321 1.227184630308513 0
66 324 1.8653206380689396 0
39 331 2.184388641949153 0
202 333 1.2026409377023426 1
188 347 4.295146206079795 0
177 350 1.030835089459151 0
74 355 0.859029241215959 0
208 359 4.368777283898306 1
89 367 4.123340357836604 0
232 369 4.196971435655114 0
136 371 4.221515128261284 0
67 372 4.172427743048944 1
181 381 4.172427743048944 0
206 382 4.123340357836604 0
115 385 4.074252972624263 1
90 386 3.77972866135022 0
171 387 4.123340357836604 0
277 393 3.77972866135022 1
81 399 3.2643111166206444 0
25 403 5.841398840268521 1
157 407 3.9269908169872414 1
201 408 3.902447124381071 0
235 415 3.8533597391687304 0
114 416 3.6079228131070282 1
144 420 3.7551849687440497 0
225 420 3.6570101983193686 1
174 443 3.5833791205008576 0
250 454 3.3870295796514958 1
122 459 3.436116964863836 0
178 473 3.313398501832985 0
67 475 2.9697868053466014 1
51 481 6.135923151542564 0
225 486 3.2643111166206444 0
236 503 6.258641614573416 0
259 503 3.141592653589793 0
110 510 0.8835729338221293 1
207 523 0.09817477042468103 1
