296
560
500
57
115 59 3.141592653589793 0
81 60 6.209554229361076 0
65 138 2.1598449493429825 0
29 141 1.9634954084936207 0
224 142 0.5645049299419159 0
77 146 2.2089323345553233 0
178 156 0.4908738521234052 0
193 160 3.5833791205008576 0
203 160 0.7117670855789375 1
49 172 5.325981295538946 0
146 200 2.9943304979527716 0
223 207 3.877903431774901 1
152 214 2.945243112740431 0
263 214 3.877903431774901 1
110 215 5.841398840268521 1
185 225 3.6324665057131984 0
182 255 3.411573272257666 1
163 264 1.5953400194010667 0
139 268 5.375068680751287 1
179 276 0.9817477042468103 1
215 293 0.859029241215959 0
93 295 1.2517283229146832 1
197 313 0.9081166264282996 1
168 317 1.030835089459151 0
185 327 0.9081166264282996 0
175 329 4.221515128261284 0
233 347 0.7853981633974483 0
167 366 0.859029241215959 0
80 368 1.423534171157875 0
222 371 3.9760782021995817 0
272 375 3.8533597391687304 0
248 376 4.000621894805752 1
214 378 0.6381360077604268 0
109 391 1.1044661672776617 0
253 399 3.77972866135022 0
100 400 1.4726215563702154 0
229 407 3.8288160465625602 0
65 411 1.88986433067511 0
78 415 1.8653206380689396 0
182 415 3.9269908169872414 0
222 416 3.7551849687440497 0
118 423 0.4908738521234052 0
258 423 3.4606606574700063 0
136 429 3.80427235395639 0
167 436 3.706097583531709 1
217 436 3.5342917352885173 0
115 441 5.399612373357457 1
146 442 3.4606606574700063 1
69 454 5.056000676871073 1
106 458 5.66959299202533 1
208 460 3.411573272257666 0
140 462 2.8716120349219203 0
180 466 3.2643111166206444 1
245 467 3.117048960983623 0
95 487 5.595961914206819 0
259 493 2.84706834231575 0
202 502 2.9697868053466014 0
