296
560
500
61
101 18 2.84706834231575 0
65 23 5.890486225480862 0
242 60 0.6872233929727672 0
216 77 0.8099418560036186 1
100 100 0.0 1
138 102 3.436116964863836 0
139 117 3.411573272257666 0
220 119 3.9269908169872414 1
262 129 4.000621894805752 1
51 137 1.6689710972195777 1
171 140 3.77972866135022 1
106 153 5.988660995905543 1
161 153 3.5342917352885173 0
133 155 2.3316507975861747 0
150 161 2.8961557275280905 0
146 169 0.7117670855789375 1
120 188 1.2026409377023426 0
15 189 1.7426021750380885 0
182 189 1.055378782065321 0
154 199 1.1535535524900022 1
126 202 4.417864669110647 0
136 206 1.1044661672776617 0
42 224 1.325359400733194 1
26 226 1.7426021750380885 0
104 228 1.055378782065321 0
179 234 0.9817477042468103 0
37 254 1.0799224746714913 0
187 263 4.172427743048944 1
54 266 4.074252972624263 0
213 268 4.049709280018092 0
234 269 0.5399612373357456 0
28 271 5.743224069843841 1
111 271 4.123340357836604 1
156 281 4.025165587411922 0
16 282 5.988660995905543 1
84 282 3.9760782021995817 1
184 282 4.000621894805752 0
279 282 3.77972866135022 0
55 283 3.5833791205008576 0
262 283 3.6570101983193686 1
146 286 4.000621894805752 0
239 286 3.77972866135022 1
49 297 3.215223731408304 0
221 303 3.5833791205008576 1
181 304 3.730641276137879 0
135 306 3.80427235395639 1
87 313 3.5833791205008576 1
204 313 3.5342917352885173 1
120 317 3.6570101983193686 0
267 328 3.411573272257666 0
152 336 3.4606606574700063 0
232 349 3.3624858870453256 0
97 354 3.3624858870453256 0
155 364 3.215223731408304 0
207 375 3.215223731408304 0
90 396 3.0925052683774528 0
156 421 0.09817477042468103 0
143 429 0.1718058482431918 1
185 429 3.215223731408304 0
142 458 3.509748042682347 1
142 495 2.429825568010856 1
