296
560
500
64
159 63 6.037748381117884 0
130 73 2.405281875404685 0
98 76 2.356194490192345 0
216 79 0.2454369260617026 0
89 84 5.595961914206819 0
202 92 3.141592653589793 0
207 100 0.2945243112740431 1
121 104 5.71868037723767 0
137 133 2.3071071049800045 0
177 148 2.6261751088602177 1
183 154 2.5770877236478773 0
148 169 5.71868037723767 0
272 203 0.9326603190344698 0
284 216 4.049709280018092 1
191 229 6.234097921967246 1
228 229 3.411573272257666 0
228 244 3.3379421944391554 0
29 260 2.110757564130642 0
54 264 1.9880391010997909 0
253 268 4.074252972624263 0
18 276 5.2768939103266055 0
192 287 5.890486225480862 1
135 292 1.8653206380689396 1
237 293 3.7551849687440497 1
249 342 1.423534171157875 1
78 354 1.9634954084936207 1
219 355 1.4726215563702154 1
202 360 1.4726215563702154 0
168 386 1.3989904785517047 1
85 388 1.9389517158874505 0
97 388 1.6198837120072371 0
46 393 2.3071071049800045 0
56 400 2.2580197197676637 0
227 400 1.3744467859455345 1
27 414 5.448699758569798 0
198 414 1.1780972450961724 0
208 415 4.442408361716817 1
90 417 1.0062913968529805 0
38 426 5.350524988145116 1
229 429 4.516039439535327 1
104 431 4.246058820867455 0
80 434 5.8659425328746915 1
158 436 4.344233591292136 1
251 441 4.344233591292136 0
63 447 6.062292073724054 1
128 447 4.147884050442774 1
100 448 3.80427235395639 0
198 449 4.319689898685965 0
269 450 0.8099418560036186 0
222 452 4.319689898685965 0
187 453 4.196971435655114 0
94 463 3.2643111166206444 0
38 467 5.816855147662351 1
266 471 4.074252972624263 0
169 473 4.025165587411922 1
213 476 4.025165587411922 0
126 482 3.6570101983193686 1
154 488 3.8533597391687304 0
245 488 4.000621894805752 0
234 492 3.80427235395639 1
30 494 5.964117303299373 0
180 512 3.6570101983193686 0
128 527 3.4606606574700063 0
181 544 3.3379421944391554 0
