296
560
500
61
113 83 2.6261751088602177 0
229 102 0.6872233929727672 1
95 115 5.8659425328746915 0
176 119 3.3379421944391554 0
176 134 0.4663301595172349 0
105 156 2.478912953223196 1
136 167 2.724349879284899 0
141 181 2.724349879284899 0
105 191 5.816855147662351 0
224 237 0.9081166264282996 0
272 239 0.9817477042468103 0
250 245 1.1044661672776617 0
236 249 4.025165587411922 1
136 261 0.0 1
174 262 3.411573272257666 0
10 267 2.110757564130642 0
173 277 3.3624858870453256 0
206 296 3.9515345095934116 1
246 296 4.221515128261284 1
88 317 1.7426021750380885 1
165 317 2.3316507975861747 0
140 318 5.8659425328746915 1
281 320 4.270602513473625 1
188 323 3.706097583531709 1
175 340 1.3499030933393643 1
206 365 1.325359400733194 1
47 370 1.9389517158874505 0
177 381 1.3499030933393643 1
160 388 1.3499030933393643 0
12 403 2.380738182798515 0
51 408 1.9634954084936207 0
62 408 1.5462526341887264 0
130 410 1.3499030933393643 1
23 411 2.356194490192345 0
191 427 1.2762720155208536 1
57 437 1.030835089459151 0
162 441 1.0799224746714913 0
172 441 4.344233591292136 1
70 451 4.270602513473625 0
46 452 5.915029918087033 1
196 455 4.417864669110647 1
123 460 4.319689898685965 1
30 462 6.1850105367549055 1
218 465 4.270602513473625 0
67 468 3.902447124381071 0
95 471 4.147884050442774 1
237 472 0.7363107781851077 0
165 474 4.221515128261284 0
190 477 4.196971435655114 0
155 479 4.147884050442774 0
60 482 3.3624858870453256 0
238 488 4.025165587411922 1
259 493 3.902447124381071 0
138 498 3.9760782021995817 1
182 501 3.9760782021995817 0
93 504 3.730641276137879 1
122 510 3.8288160465625602 0
215 510 3.9269908169872414 0
204 514 3.730641276137879 1
149 533 3.6324665057131984 0
96 546 3.485204350076177 0
