296
560
500
57
159 113 3.5588354278946874 0
125 114 3.215223731408304 0
121 130 0.2699806186678728 0
53 153 2.3316507975861747 0
86 172 2.5770877236478773 1
95 183 2.552544031041707 1
60 193 5.6941366846315 0
182 224 0.7853981633974483 0
232 229 0.9817477042468103 0
198 234 3.902447124381071 0
205 235 1.055378782065321 1
260 239 4.074252972624263 0
136 253 3.313398501832985 0
99 256 6.160466844148735 1
138 268 3.2397674240144743 0
275 274 0.9817477042468103 1
209 284 4.172427743048944 1
169 290 3.902447124381071 0
245 309 4.221515128261284 1
156 310 3.6570101983193686 0
135 311 2.380738182798515 0
108 312 5.841398840268521 1
57 326 1.6444274046134073 1
143 335 1.2762720155208536 1
171 361 1.1780972450961724 0
149 377 1.2762720155208536 1
14 386 1.7671458676442586 1
275 390 4.0987966652304335 1
106 414 1.2026409377023426 1
39 419 1.4726215563702154 0
170 419 1.1535535524900022 0
28 422 1.7916895602504288 0
142 440 1.0062913968529805 0
42 450 1.1780972450961724 1
175 450 4.295146206079795 1
198 458 4.196971435655114 0
23 464 2.110757564130642 0
101 464 4.196971435655114 0
171 472 4.147884050442774 0
147 473 4.147884050442774 0
264 476 3.8288160465625602 1
37 477 3.8533597391687304 0
78 478 4.049709280018092 1
136 478 4.0987966652304335 0
16 481 5.792311455056181 1
244 481 3.7551849687440497 1
52 482 3.9269908169872414 0
48 498 3.2643111166206444 0
167 498 3.877903431774901 0
124 501 3.877903431774901 1
201 504 3.80427235395639 0
192 510 3.6079228131070282 1
82 513 3.5833791205008576 1
111 516 3.730641276137879 0
252 527 3.411573272257666 0
139 536 3.5588354278946874 0
221 544 3.3624858870453256 1
