296
560
500
59
37 130 2.380738182798515 0
133 144 3.4606606574700063 0
35 149 5.71868037723767 0
125 164 0.7117670855789375 0
195 174 0.9817477042468103 0
138 175 3.7551849687440497 0
115 180 3.3379421944391554 1
171 187 1.030835089459151 1
146 190 1.0062913968529805 1
62 196 5.988660995905543 0
116 198 0.8835729338221293 0
88 221 0.760854470791278 0
26 254 5.129631754689584 0
69 261 1.718058482431918 0
176 262 4.295146206079795 1
136 268 1.3499030933393643 0
86 274 1.3989904785517047 1
68 277 1.7916895602504288 1
78 291 1.8162332528565992 1
175 294 1.2517283229146832 1
147 302 1.3499030933393643 0
18 304 1.6198837120072371 1
23 306 1.4971652489763858 0
32 308 1.521708941582556 0
111 320 1.718058482431918 1
32 327 4.6878452877785195 1
140 328 1.4480778637640452 0
156 332 4.491495746929157 1
37 340 0.9817477042468103 0
127 343 1.5707963267948966 1
172 349 1.325359400733194 0
92 354 2.2580197197676637 1
29 367 1.1780972450961724 1
14 372 1.4480778637640452 1
76 378 3.1661363461959633 0
49 386 0.04908738521234052 0
141 388 1.6689710972195777 0
103 390 2.2334760271614935 1
159 391 1.423534171157875 0
38 393 0.7363107781851077 0
31 418 0.7853981633974483 0
101 423 2.5770877236478773 1
191 423 1.4726215563702154 1
132 427 2.061670178918302 0
38 443 4.147884050442774 1
99 446 5.2768939103266055 1
75 453 5.8659425328746915 0
140 453 5.031456984264903 1
195 454 2.2580197197676637 0
12 459 3.9269908169872414 0
173 467 5.105088062083414 1
117 468 5.2768939103266055 0
140 469 5.325981295538946 0
185 469 5.203262832508095 0
77 477 0.02454369260617026 0
158 489 5.841398840268521 0
62 492 3.509748042682347 0
23 498 3.5833791205008576 0
113 500 5.890486225480862 0
