296
560
500
40
159 129 5.595961914206819 0
121 152 5.399612373357457 1
159 175 2.282563412373834 0
72 176 5.252350217720435 1
161 194 5.620505606812989 0
248 201 0.44178646691106466 0
64 205 2.1353012567368124 0
243 222 3.2643111166206444 1
41 235 5.252350217720435 1
132 236 2.061670178918302 0
243 238 0.8344855486097889 0
192 242 5.915029918087033 0
216 267 0.662679700366597 0
154 299 5.227806525114265 0
199 306 1.7671458676442586 0
214 316 1.3989904785517047 1
197 322 1.8407769454627694 1
207 336 1.9144080232812801 1
145 341 1.6935147898257479 1
110 343 1.8407769454627694 0
62 347 2.012582793705961 0
159 347 1.5462526341887264 0
150 349 1.5462526341887264 0
233 361 1.7671458676442586 0
191 369 5.080544369477243 0
49 374 5.154175447295755 0
158 374 4.663301595172349 1
163 379 1.0799224746714913 0
182 384 5.424156065963627 0
182 386 5.350524988145116 0
177 394 5.890486225480862 1
216 394 2.380738182798515 1
97 404 1.7916895602504288 0
152 404 1.3008157081270237 1
134 407 1.521708941582556 1
197 416 3.215223731408304 0
170 423 0.02454369260617026 0
162 426 0.6872233929727672 1
147 451 0.8344855486097889 0
153 483 4.147884050442774 0
