296
560
500
60
110 170 2.356194490192345 0
205 183 3.436116964863836 0
109 189 5.6941366846315 0
201 206 0.662679700366597 0
212 214 3.6815538909255388 0
188 220 3.313398501832985 1
245 225 0.9817477042468103 1
219 229 1.0062913968529805 1
77 232 2.0371264863121317 0
135 236 5.988660995905543 0
190 238 0.9081166264282996 0
160 261 0.7117670855789375 0
99 292 5.203262832508095 0
250 303 4.295146206079795 1
208 307 1.3499030933393643 0
158 311 1.3989904785517047 1
141 316 1.8162332528565992 1
150 328 1.7916895602504288 1
248 333 1.227184630308513 1
219 341 1.3744467859455345 0
91 343 1.6444274046134073 1
96 345 1.521708941582556 0
59 347 1.7671458676442586 0
105 347 1.521708941582556 0
15 348 1.9880391010997909 0
132 355 4.908738521234052 1
182 360 1.718058482431918 1
104 367 4.71238898038469 1
212 367 1.4726215563702154 0
130 370 4.663301595172349 1
229 372 4.466952054322987 1
110 377 1.055378782065321 0
198 384 1.5707963267948966 1
245 391 1.325359400733194 0
164 393 2.282563412373834 1
17 398 1.88986433067511 1
102 405 1.2026409377023426 1
86 409 1.4480778637640452 1
51 410 1.6689710972195777 0
147 416 3.1906800388021335 0
120 423 0.1227184630308513 0
212 428 1.6689710972195777 0
174 429 2.2580197197676637 1
110 430 0.7853981633974483 0
231 430 1.4971652489763858 0
102 455 0.7853981633974483 0
172 461 2.5770877236478773 1
202 467 2.086213871524472 0
110 481 4.147884050442774 1
170 485 5.252350217720435 1
145 486 5.890486225480862 1
210 493 5.031456984264903 1
83 496 4.246058820867455 0
186 508 5.301437602932776 0
42 509 0.7853981633974483 0
209 509 5.325981295538946 0
33 515 4.417864669110647 1
180 532 5.939573610693203 1
94 536 3.6570101983193686 0
63 542 3.706097583531709 0
