296
560
500
71
68 108 3.018874190558942 0
150 123 0.44178646691106466 1
121 136 0.6135923151542565 0
99 144 0.6135923151542565 1
69 146 2.9206994201342606 1
74 161 0.4908738521234052 0
199 170 4.565126824747668 1
211 171 4.7860200582032 1
23 183 5.5714182216006485 0
57 193 0.2699806186678728 0
155 200 3.902447124381071 1
251 202 1.0062913968529805 0
214 206 4.270602513473625 0
240 207 4.074252972624263 0
246 218 1.1780972450961724 0
121 219 0.9817477042468103 0
167 227 0.859029241215959 1
55 228 1.3989904785517047 0
76 239 1.055378782065321 1
144 246 0.9326603190344698 0
58 248 1.325359400733194 1
14 251 4.71238898038469 0
238 255 4.025165587411922 1
73 257 1.3499030933393643 1
150 268 1.030835089459151 1
164 268 4.049709280018092 1
237 269 3.902447124381071 0
115 273 1.2517283229146832 1
187 280 0.859029241215959 0
140 288 1.1290098598838318 1
40 289 1.0799224746714913 1
257 290 4.565126824747668 0
246 292 4.074252972624263 0
35 301 0.9817477042468103 1
25 302 1.1780972450961724 1
112 308 1.8162332528565992 1
48 315 4.196971435655114 1
76 317 4.957825906446392 0
56 318 0.5890486225480862 0
75 318 5.252350217720435 0
192 320 1.055378782065321 0
173 324 1.2517283229146832 0
241 331 0.8835729338221293 0
233 334 1.1044661672776617 1
137 336 1.7426021750380885 1
107 338 2.7979809571034093 0
148 344 1.4726215563702154 1
61 348 0.7117670855789375 1
85 349 6.111379458936394 1
180 359 1.5707963267948966 0
47 361 0.9326603190344698 1
81 367 0.3190680038802134 0
247 377 4.76147636559703 0
199 382 4.589670517353839 1
12 383 1.1535535524900022 0
233 384 4.7860200582032 1
157 391 4.908738521234052 1
84 392 0.39269908169872414 0
203 395 5.006913291658733 0
182 404 4.933282213840222 0
141 405 5.375068680751287 0
230 406 5.473243451175968 0
102 413 3.6815538909255388 1
152 429 5.816855147662351 0
39 431 0.760854470791278 0
194 433 5.473243451175968 0
84 441 3.730641276137879 0
146 445 2.9697868053466014 0
113 469 3.043417883165112 0
76 477 3.2888548092268146 0
90 496 2.552544031041707 1
