296
560
500
69
74 19 5.203262832508095 0
122 21 2.012582793705961 0
120 32 1.88986433067511 0
126 35 1.3989904785517047 1
225 41 4.368777283898306 1
184 49 1.423534171157875 0
134 52 1.5707963267948966 1
114 53 1.88986433067511 1
123 67 1.9144080232812801 1
57 70 1.6935147898257479 0
24 71 1.8653206380689396 0
75 75 1.5953400194010667 0
66 77 1.5953400194010667 0
222 79 1.3499030933393643 1
192 84 1.423534171157875 0
100 88 4.957825906446392 0
149 95 1.8162332528565992 0
72 98 4.76147636559703 1
106 100 5.105088062083414 0
187 105 1.5707963267948966 1
77 107 1.1780972450961724 0
198 111 4.589670517353839 1
168 123 1.6935147898257479 1
131 129 2.405281875404685 1
10 133 1.8653206380689396 0
213 136 1.3744467859455345 0
49 137 1.521708941582556 1
67 137 1.2517283229146832 1
112 150 3.2397674240144743 0
87 152 0.19634954084936207 1
73 162 0.8099418560036186 0
139 163 2.3071071049800045 1
178 167 1.7916895602504288 0
196 170 1.5462526341887264 0
146 171 2.086213871524472 1
63 185 0.859029241215959 0
135 185 5.252350217720435 0
133 197 2.650718801466388 1
166 203 2.184388641949153 0
69 211 4.221515128261284 1
130 220 5.325981295538946 1
42 223 4.246058820867455 0
106 224 5.939573610693203 0
173 235 5.129631754689584 0
142 238 5.399612373357457 1
17 252 3.6815538909255388 0
167 252 5.522330836388308 1
202 252 5.350524988145116 0
50 264 3.706097583531709 0
184 267 6.013204688511713 0
139 273 6.013204688511713 0
20 276 3.6324665057131984 1
176 313 0.5645049299419159 1
41 330 0.39269908169872414 0
152 339 0.5154175447295755 0
246 342 4.859651136021712 1
228 361 5.129631754689584 1
214 375 4.540583132141498 1
231 390 1.1535535524900022 1
189 396 1.718058482431918 1
213 399 1.1780972450961724 0
136 414 3.6324665057131984 0
178 421 4.565126824747668 1
51 431 4.9823695990525625 1
245 447 4.442408361716817 0
55 456 4.8351074434155406 1
188 465 3.9515345095934116 0
205 470 3.8288160465625602 0
179 471 3.902447124381071 1
