296
560
500
57
121 135 2.3071071049800045 0
216 143 3.3870295796514958 0
122 154 5.64504929941916 0
204 184 3.2643111166206444 1
259 184 0.9081166264282996 1
234 190 0.9326603190344698 1
96 199 2.012582793705961 1
205 202 0.8344855486097889 0
153 204 5.915029918087033 0
181 229 0.7117670855789375 0
159 258 0.09817477042468103 1
269 259 4.196971435655114 1
165 263 1.055378782065321 0
118 264 5.129631754689584 0
229 271 1.3008157081270237 0
182 281 1.3499030933393643 1
164 284 1.7671458676442586 1
272 290 1.1290098598838318 1
175 297 1.7671458676442586 1
241 303 1.227184630308513 0
113 312 1.5707963267948966 1
131 313 1.4971652489763858 1
77 316 1.7671458676442586 0
122 321 1.3499030933393643 1
208 328 1.6689710972195777 1
236 329 1.325359400733194 0
255 333 4.368777283898306 1
129 337 4.540583132141498 1
274 346 1.1044661672776617 0
139 347 1.0062913968529805 1
224 347 1.4971652489763858 1
150 360 4.246058820867455 1
192 361 2.2089323345553233 1
128 376 1.1290098598838318 1
70 377 1.5953400194010667 0
111 379 1.3744467859455345 1
175 386 3.141592653589793 0
266 388 1.325359400733194 0
150 389 0.14726215563702155 1
244 389 1.5462526341887264 0
203 393 2.1353012567368124 1
212 400 1.8653206380689396 1
138 402 0.662679700366597 0
240 425 1.9880391010997909 0
132 427 0.6872233929727672 0
252 449 4.933282213840222 1
205 450 5.154175447295755 1
140 451 4.0987966652304335 1
181 459 5.767767762450011 0
115 466 4.0987966652304335 0
253 466 5.301437602932776 0
228 467 5.227806525114265 0
188 482 6.160466844148735 0
225 493 5.841398840268521 1
89 495 3.5342917352885173 0
173 497 3.411573272257666 0
131 506 3.5588354278946874 0
