296
560
500
57
42 176 5.546874528994478 0
133 176 3.509748042682347 0
125 198 0.6872233929727672 0
136 207 3.730641276137879 0
115 215 3.3379421944391554 1
169 218 1.0062913968529805 1
144 223 1.0062913968529805 1
63 232 5.988660995905543 0
113 233 0.859029241215959 0
88 261 0.760854470791278 0
25 287 5.227806525114265 0
63 289 0.1227184630308513 1
173 293 4.295146206079795 1
134 304 1.3744467859455345 0
84 313 1.3499030933393643 1
66 315 1.7426021750380885 1
172 325 1.2517283229146832 1
77 327 1.7426021750380885 1
17 333 1.6444274046134073 1
145 338 1.325359400733194 0
25 339 1.4726215563702154 1
34 339 1.5462526341887264 1
59 353 4.884194828627882 1
137 362 1.423534171157875 0
109 363 1.6935147898257479 1
153 363 4.466952054322987 1
30 364 4.6878452877785195 1
64 370 4.9823695990525625 0
58 373 4.614214209960009 1
36 377 1.1044661672776617 0
169 380 1.227184630308513 0
65 383 4.908738521234052 0
125 383 1.5462526341887264 1
91 396 2.1353012567368124 1
29 404 1.1780972450961724 1
12 405 1.4480778637640452 1
72 407 5.154175447295755 0
54 415 4.368777283898306 0
49 421 6.258641614573416 1
158 421 1.423534171157875 0
136 424 1.6689710972195777 1
103 428 2.184388641949153 1
38 431 0.760854470791278 0
30 453 0.7853981633974483 0
101 462 2.5770877236478773 1
131 464 2.086213871524472 0
36 475 4.172427743048944 1
100 483 5.252350217720435 1
144 486 5.006913291658733 0
77 489 5.841398840268521 0
172 497 5.154175447295755 1
118 499 5.227806525114265 0
139 505 5.424156065963627 1
74 509 0.02454369260617026 0
161 516 5.743224069843841 0
64 517 3.4606606574700063 1
110 524 5.890486225480862 1
