296
560
500
55
130 177 2.3316507975861747 0
225 189 3.436116964863836 0
128 199 5.64504929941916 0
221 210 0.7363107781851077 0
232 220 3.7551849687440497 0
211 226 3.2888548092268146 1
264 230 0.9081166264282996 1
241 235 0.9817477042468103 1
100 240 2.0371264863121317 0
160 244 5.939573610693203 0
214 244 0.9081166264282996 0
186 267 0.6872233929727672 0
125 303 5.129631754689584 0
272 306 4.270602513473625 1
234 315 1.3499030933393643 0
186 316 1.3499030933393643 1
169 321 1.7671458676442586 1
179 333 1.718058482431918 1
272 341 1.227184630308513 1
245 349 1.2762720155208536 0
119 350 1.5953400194010667 1
133 351 1.4971652489763858 0
124 352 1.4480778637640452 0
83 357 1.7426021750380885 0
162 359 4.884194828627882 1
212 366 1.6689710972195777 1
240 375 1.423534171157875 0
255 376 4.442408361716817 1
131 382 4.638757902566179 0
140 387 0.9817477042468103 0
228 391 1.4971652489763858 1
270 396 1.2762720155208536 0
196 400 2.1353012567368124 1
133 416 1.1290098598838318 1
180 417 3.0925052683774528 1
75 420 1.6198837120072371 0
116 422 1.3744467859455345 1
156 428 6.1850105367549055 1
208 435 2.184388641949153 1
244 436 1.6444274046134073 0
260 440 1.423534171157875 0
145 443 0.6381360077604268 0
137 467 0.7363107781851077 0
207 468 2.5034566458293663 1
236 476 2.061670178918302 0
206 493 5.227806525114265 1
146 494 4.0987966652304335 1
183 500 5.816855147662351 0
117 509 4.147884050442774 0
219 518 5.301437602932776 0
242 523 5.227806525114265 1
181 525 0.07363107781851078 0
168 540 3.4606606574700063 0
213 541 5.915029918087033 1
125 546 3.6324665057131984 0
