296
560
500
66
114 45 3.3870295796514958 0
187 84 0.7363107781851077 0
25 88 2.429825568010856 0
36 99 5.890486225480862 0
16 118 2.380738182798515 0
136 121 0.8835729338221293 0
243 134 3.8533597391687304 0
229 142 0.859029241215959 0
42 161 2.184388641949153 0
224 162 1.0062913968529805 0
165 171 4.049709280018092 0
112 173 3.3379421944391554 0
90 182 2.380738182798515 0
25 184 5.350524988145116 0
36 194 2.086213871524472 0
159 206 4.0987966652304335 0
122 207 3.485204350076177 1
27 208 5.2768939103266055 0
211 218 1.227184630308513 0
89 239 1.7426021750380885 0
99 246 1.3989904785517047 0
196 259 4.196971435655114 0
41 261 5.105088062083414 0
122 266 1.055378782065321 0
109 270 1.055378782065321 0
98 271 1.3499030933393643 0
88 274 1.8162332528565992 0
203 283 4.172427743048944 0
14 285 5.129631754689584 0
227 296 4.221515128261284 0
98 298 1.5462526341887264 0
207 304 3.9515345095934116 1
257 305 4.049709280018092 0
45 306 5.252350217720435 0
132 309 4.147884050442774 0
223 323 3.77972866135022 1
101 325 5.473243451175968 0
117 326 3.6570101983193686 0
181 327 3.7551849687440497 1
214 329 3.5833791205008576 0
148 332 3.7551849687440497 1
256 332 3.6324665057131984 1
198 341 3.436116964863836 0
93 347 6.135923151542564 0
130 353 3.1661363461959633 0
254 354 3.3379421944391554 0
162 355 3.3870295796514958 0
54 357 5.595961914206819 0
29 359 5.522330836388308 0
191 359 3.313398501832985 1
215 366 3.018874190558942 0
28 371 5.767767762450011 1
68 375 5.8659425328746915 0
144 375 3.067961575771282 0
102 383 6.1850105367549055 1
187 384 2.9697868053466014 0
126 394 2.9206994201342606 1
23 395 5.988660995905543 0
119 408 6.013204688511713 0
106 410 2.773437264497239 0
175 410 2.82252464970958 0
72 428 5.939573610693203 1
174 430 6.013204688511713 0
109 434 6.037748381117884 1
133 452 2.9206994201342606 0
39 476 2.9206994201342606 0
