296
560
500
61
130 57 3.313398501832985 1
206 98 0.7117670855789375 0
45 109 2.429825568010856 0
54 122 5.8659425328746915 0
35 140 2.2580197197676637 0
262 145 3.8288160465625602 0
157 152 0.7853981633974483 0
251 157 0.8344855486097889 0
247 177 1.0062913968529805 0
64 184 2.1598449493429825 0
189 185 3.9515345095934116 0
136 190 3.2643111166206444 0
113 201 2.3316507975861747 0
48 207 5.325981295538946 0
185 219 4.000621894805752 0
147 223 3.436116964863836 1
234 233 1.2026409377023426 0
222 274 4.196971435655114 0
148 281 1.0799224746714913 0
65 282 5.105088062083414 0
137 290 1.1044661672776617 0
125 292 1.3989904785517047 0
109 294 1.8653206380689396 1
231 294 4.221515128261284 1
36 307 5.154175447295755 0
250 311 4.270602513473625 0
123 317 1.521708941582556 0
231 319 4.000621894805752 1
278 319 4.074252972624263 0
14 322 5.031456984264903 0
157 326 4.172427743048944 0
69 327 5.252350217720435 0
248 340 3.80427235395639 1
205 344 3.77972866135022 1
237 346 3.6324665057131984 0
170 349 3.77972866135022 1
140 350 3.3870295796514958 1
278 354 3.5833791205008576 0
221 358 3.411573272257666 0
116 367 6.111379458936394 0
276 369 3.2397674240144743 0
152 371 3.117048960983623 0
185 374 3.3870295796514958 0
212 377 3.2888548092268146 1
78 378 5.546874528994478 0
238 378 2.9943304979527716 1
53 379 5.546874528994478 0
51 392 5.767767762450011 1
167 395 3.0925052683774528 0
92 396 5.841398840268521 0
208 403 2.945243112740431 0
123 404 6.135923151542564 1
45 416 5.988660995905543 0
196 430 2.82252464970958 0
127 431 2.724349879284899 0
196 449 5.988660995905543 0
128 454 6.086835766330224 1
35 469 6.037748381117884 0
153 472 2.9206994201342606 0
58 495 2.9697868053466014 0
194 500 2.7979809571034093 1
