296
560
500
60
81 120 2.8716120349219203 0
171 128 0.36815538909255385 0
18 147 5.743224069843841 0
233 168 0.3436116964863836 0
234 186 0.7117670855789375 0
20 198 2.110757564130642 0
35 200 5.522330836388308 0
23 226 1.88986433067511 0
130 235 2.84706834231575 0
185 244 3.6815538909255388 0
241 244 0.859029241215959 0
112 257 1.9634954084936207 0
63 259 1.7916895602504288 0
156 263 3.1906800388021335 1
57 284 4.957825906446392 0
240 286 3.9269908169872414 0
256 301 3.902447124381071 1
141 307 1.4480778637640452 1
282 314 3.9760782021995817 0
175 318 0.7117670855789375 0
267 327 3.6815538909255388 1
165 328 0.760854470791278 0
155 335 1.055378782065321 0
140 344 1.4480778637640452 1
98 348 4.73693267299086 0
197 357 3.8533597391687304 0
251 357 3.3870295796514958 1
161 360 1.1044661672776617 0
272 365 3.043417883165112 0
35 372 1.521708941582556 0
219 375 3.411573272257666 1
80 379 4.7860200582032 0
190 386 2.9697868053466014 1
266 387 2.945243112740431 1
171 388 5.325981295538946 0
241 392 3.018874190558942 0
115 393 4.957825906446392 0
63 402 4.6878452877785195 0
205 402 2.6998061866787286 0
173 409 5.8659425328746915 0
272 416 2.6261751088602177 0
230 420 2.6998061866787286 0
140 436 5.227806525114265 0
192 445 5.767767762450011 1
221 445 2.5280003384355365 1
160 447 5.497787143782138 0
272 447 2.478912953223196 0
56 457 4.884194828627882 1
223 466 5.620505606812989 1
276 467 5.71868037723767 0
207 471 2.380738182798515 0
68 474 5.203262832508095 0
95 476 5.178719139901925 0
127 489 5.620505606812989 1
220 491 5.6941366846315 1
183 498 5.497787143782138 1
153 499 2.5280003384355365 0
247 501 2.5770877236478773 0
158 507 5.6941366846315 1
95 526 5.66959299202533 0
