296
560
500
64
123 20 3.4606606574700063 0
38 53 2.5280003384355365 0
199 61 0.7117670855789375 0
45 71 5.964117303299373 0
30 81 2.380738182798515 0
251 105 3.8288160465625602 0
277 109 3.9515345095934116 0
151 114 0.7853981633974483 0
243 119 0.9081166264282996 0
56 132 2.2580197197676637 0
239 137 0.9817477042468103 0
258 142 4.049709280018092 1
267 144 0.8835729338221293 0
178 146 3.9269908169872414 1
127 150 3.3379421944391554 0
36 155 5.424156065963627 0
102 161 2.356194490192345 0
177 177 3.9760782021995817 0
140 183 3.485204350076177 1
227 192 1.1535535524900022 0
112 217 1.7671458676442586 1
54 228 5.203262832508095 0
215 232 4.196971435655114 0
140 238 1.030835089459151 0
129 245 1.0799224746714913 0
117 248 1.3989904785517047 0
100 249 1.9389517158874505 1
225 250 4.196971435655114 1
26 251 5.129631754689584 0
247 266 4.172427743048944 0
277 268 3.9269908169872414 0
115 271 1.521708941582556 0
58 274 5.325981295538946 0
227 275 3.9269908169872414 1
151 282 4.147884050442774 0
117 290 1.5707963267948966 1
245 290 3.6324665057131984 1
234 296 3.4606606574700063 0
201 298 3.6815538909255388 1
276 298 3.411573272257666 0
135 303 3.313398501832985 1
168 304 3.6815538909255388 1
219 309 3.313398501832985 0
277 312 3.0925052683774528 0
111 316 6.1850105367549055 0
147 322 3.1906800388021335 0
42 324 5.5714182216006485 0
68 324 5.66959299202533 0
183 324 3.3379421944391554 0
212 325 3.1906800388021335 1
237 325 2.9697868053466014 1
42 336 5.792311455056181 1
166 342 3.0925052683774528 0
86 345 5.939573610693203 1
118 349 6.1850105367549055 1
206 352 2.945243112740431 1
145 355 2.9697868053466014 0
39 359 6.013204688511713 0
144 370 6.013204688511713 0
196 371 2.84706834231575 0
125 374 2.7979809571034093 0
198 387 5.988660995905543 0
154 410 2.8961557275280905 0
197 429 2.773437264497239 0
