296
560
500
57
141 136 0.2454369260617026 1
82 163 6.086835766330224 0
150 163 3.313398501832985 0
226 199 0.662679700366597 0
64 209 2.429825568010856 0
79 219 5.915029918087033 0
17 222 2.3071071049800045 1
57 237 2.282563412373834 0
272 253 0.6135923151542565 0
180 255 0.8344855486097889 0
267 271 0.9081166264282996 0
81 285 2.2089323345553233 0
205 288 3.9760782021995817 1
154 291 3.2888548092268146 0
67 303 5.350524988145116 0
130 303 2.380738182798515 0
204 320 4.025165587411922 0
167 324 3.4606606574700063 1
255 331 1.1044661672776617 0
137 359 1.8407769454627694 1
244 369 4.246058820867455 1
13 375 2.0371264863121317 0
79 379 5.178719139901925 0
165 380 1.0799224746714913 0
157 383 1.2026409377023426 1
140 388 1.4480778637640452 0
251 390 4.172427743048944 1
122 395 1.9144080232812801 1
51 401 5.178719139901925 0
251 414 3.902447124381071 1
137 415 1.521708941582556 0
31 417 5.105088062083414 1
173 425 4.172427743048944 0
80 426 5.301437602932776 0
137 431 1.6198837120072371 1
261 440 3.436116964863836 0
223 441 3.706097583531709 1
185 448 3.77972866135022 1
152 449 3.3870295796514958 1
241 457 3.2888548092268146 1
128 465 6.111379458936394 0
163 469 3.0925052683774528 0
229 469 3.141592653589793 1
199 470 3.313398501832985 0
84 471 5.64504929941916 1
60 478 5.5714182216006485 0
59 488 5.8659425328746915 1
32 491 5.64504929941916 0
104 492 5.8659425328746915 0
179 492 3.067961575771282 0
227 500 2.9943304979527716 1
141 503 6.234097921967246 0
159 505 3.018874190558942 0
56 510 6.037748381117884 0
158 520 5.988660995905543 0
138 524 2.724349879284899 0
74 531 2.8961557275280905 0
