296
560
500
64
132 120 0.2699806186678728 1
71 147 6.111379458936394 0
140 147 3.313398501832985 0
218 187 0.7363107781851077 0
55 193 2.429825568010856 0
69 203 5.890486225480862 0
47 222 2.282563412373834 0
273 236 3.8533597391687304 0
169 239 0.859029241215959 0
260 246 0.8099418560036186 0
255 265 1.030835089459151 0
71 269 2.184388641949153 0
193 272 4.025165587411922 1
143 274 3.3379421944391554 0
119 285 2.356194490192345 0
57 288 5.350524988145116 0
192 305 4.074252972624263 0
154 307 3.4606606574700063 1
240 321 1.2026409377023426 0
124 344 1.7916895602504288 1
229 360 4.295146206079795 1
151 363 1.1290098598838318 0
70 364 5.129631754689584 0
140 373 1.1535535524900022 0
128 374 1.4480778637640452 0
112 379 1.88986433067511 1
235 382 4.246058820867455 1
42 388 5.154175447295755 0
255 401 4.295146206079795 0
125 402 1.521708941582556 0
22 405 5.080544369477243 1
233 406 4.049709280018092 1
161 412 4.147884050442774 0
71 413 5.2768939103266055 0
126 418 1.5953400194010667 1
251 427 3.80427235395639 1
207 430 3.8288160465625602 1
240 434 3.6815538909255388 0
140 435 3.3624858870453256 1
172 435 3.80427235395639 1
223 447 3.509748042682347 0
117 452 6.160466844148735 0
151 457 3.117048960983623 0
185 460 3.411573272257666 0
77 464 5.5714182216006485 0
211 464 3.313398501832985 1
52 465 5.5714182216006485 0
237 472 2.9943304979527716 0
51 476 5.816855147662351 1
92 481 5.841398840268521 0
22 482 5.595961914206819 0
166 482 3.0925052683774528 0
123 490 6.209554229361076 1
207 492 2.9206994201342606 0
44 502 5.988660995905543 0
148 503 2.9697868053466014 1
125 519 2.82252464970958 0
195 519 2.8716120349219203 0
143 522 5.964117303299373 1
64 525 2.945243112740431 0
91 530 5.988660995905543 0
71 533 6.111379458936394 1
134 538 6.111379458936394 1
196 540 5.988660995905543 1
