296
560
500
64
140 101 3.3870295796514958 0
211 140 0.7363107781851077 0
58 158 5.890486225480862 0
263 163 3.9515345095934116 0
166 181 0.9081166264282996 0
269 193 3.877903431774901 0
253 200 0.9572040116406401 0
249 218 1.0799224746714913 0
66 223 2.2089323345553233 0
140 224 3.313398501832985 1
181 225 4.000621894805752 0
268 226 4.123340357836604 1
277 229 0.9817477042468103 0
112 242 2.282563412373834 0
50 244 5.350524988145116 0
62 253 2.086213871524472 0
186 256 4.000621894805752 0
151 263 3.4606606574700063 1
52 269 5.2768939103266055 0
234 273 1.2026409377023426 0
220 314 4.295146206079795 0
148 320 1.0799224746714913 0
64 322 5.129631754689584 0
125 328 1.4480778637640452 0
137 329 1.1535535524900022 0
108 333 1.8653206380689396 1
225 336 4.270602513473625 0
122 357 1.6689710972195777 0
18 358 5.105088062083414 1
246 360 4.319689898685965 1
157 366 4.172427743048944 0
227 366 4.025165587411922 0
35 368 4.957825906446392 0
67 369 5.252350217720435 0
127 372 1.423534171157875 0
245 384 3.9269908169872414 1
202 385 3.877903431774901 1
235 390 3.730641276137879 0
136 391 3.5588354278946874 1
164 393 3.80427235395639 0
273 400 3.6570101983193686 0
114 407 6.160466844148735 0
221 408 3.509748042682347 1
147 413 3.141592653589793 0
71 416 5.5714182216006485 1
184 417 3.411573272257666 0
208 420 3.313398501832985 1
47 422 5.5714182216006485 0
233 424 3.0925052683774528 1
48 431 5.8659425328746915 1
19 437 5.595961914206819 0
88 437 5.841398840268521 0
161 438 3.0925052683774528 0
118 446 6.1850105367549055 1
200 448 2.945243112740431 0
40 457 6.013204688511713 0
122 475 2.7979809571034093 0
190 476 2.82252464970958 0
64 480 2.9206994201342606 0
86 487 5.988660995905543 0
66 490 6.111379458936394 1
189 496 6.013204688511713 0
128 498 6.062292073724054 1
146 517 2.9697868053466014 0
