296
560
500
59
170 127 3.3379421944391554 0
246 169 0.7853981633974483 0
81 171 2.5770877236478773 0
91 183 5.8659425328746915 0
73 198 2.3316507975861747 0
200 207 0.9326603190344698 0
97 244 2.2334760271614935 0
280 247 1.0799224746714913 0
220 253 4.074252972624263 1
173 255 3.411573272257666 0
146 263 2.429825568010856 0
80 265 5.399612373357457 0
181 288 3.509748042682347 1
220 289 4.0987966652304335 0
270 305 1.3008157081270237 1
159 315 1.055378782065321 1
144 319 1.8653206380689396 0
91 341 5.178719139901925 0
174 343 1.1535535524900022 0
249 344 4.319689898685965 0
151 351 1.521708941582556 0
163 353 1.2026409377023426 0
138 357 1.9634954084936207 0
61 364 5.203262832508095 0
252 365 4.319689898685965 0
41 379 5.129631754689584 1
146 379 1.9634954084936207 0
181 391 4.221515128261284 0
86 392 5.350524988145116 0
272 393 4.368777283898306 1
252 396 4.0987966652304335 0
268 413 4.000621894805752 1
145 414 5.64504929941916 1
227 414 3.9515345095934116 1
187 418 3.8288160465625602 0
260 419 3.730641276137879 0
135 429 6.209554229361076 0
243 431 3.5342917352885173 0
170 437 3.1906800388021335 0
94 439 5.64504929941916 0
205 443 3.4606606574700063 0
71 444 5.5714182216006485 1
230 448 3.3870295796514958 1
255 453 3.141592653589793 1
71 455 5.841398840268521 0
39 456 5.546874528994478 0
107 457 5.915029918087033 0
181 463 3.141592653589793 0
137 468 6.234097921967246 1
59 476 6.013204688511713 0
219 476 3.018874190558942 0
84 493 2.9206994201342606 1
139 498 2.84706834231575 0
208 503 2.8961557275280905 0
105 508 6.013204688511713 0
84 517 6.111379458936394 0
143 522 6.111379458936394 1
204 523 6.086835766330224 0
162 543 3.018874190558942 0
