296
560
500
39
179 124 3.067961575771282 1
51 131 5.5714182216006485 1
103 140 5.915029918087033 1
165 144 0.14726215563702155 0
96 177 5.890486225480862 1
29 186 5.497787143782138 1
214 187 3.6570101983193686 1
177 219 0.7363107781851077 1
132 233 0.19634954084936207 1
188 258 1.1290098598838318 1
105 262 5.8659425328746915 1
146 285 1.2026409377023426 1
17 289 5.2768939103266055 0
236 292 1.1535535524900022 1
96 301 5.767767762450011 1
138 303 3.2888548092268146 1
35 304 5.325981295538946 0
151 318 4.270602513473625 1
193 319 1.3744467859455345 0
162 352 1.8407769454627694 1
117 361 2.110757564130642 1
182 364 1.718058482431918 1
111 371 5.154175447295755 1
207 397 1.3989904785517047 0
201 407 1.718058482431918 1
60 415 5.497787143782138 0
74 461 5.792311455056181 1
195 462 5.2768939103266055 0
174 463 5.399612373357457 1
132 466 5.595961914206819 0
97 482 5.988660995905543 0
201 482 6.086835766330224 1
139 487 5.939573610693203 0
46 502 6.086835766330224 1
147 509 6.258641614573416 0
77 514 6.209554229361076 1
17 515 3.0925052683774528 1
114 535 3.0925052683774528 0
52 545 3.067961575771282 1
