296
560
500
34
236 185 3.6079228131070282 1
161 206 3.018874190558942 1
232 209 0.662679700366597 1
38 213 5.620505606812989 1
144 220 0.04908738521234052 1
83 230 5.767767762450011 1
216 241 0.7117670855789375 0
198 261 3.6079228131070282 1
83 264 5.743224069843841 1
166 295 0.7117670855789375 0
122 310 6.258641614573416 1
183 331 1.1044661672776617 1
100 343 5.6941366846315 1
144 358 1.1044661672776617 1
230 366 1.1044661672776617 1
139 377 3.018874190558942 1
99 388 5.620505606812989 0
154 393 4.196971435655114 1
196 393 1.2762720155208536 1
121 402 2.012582793705961 1
31 411 5.2768939103266055 0
167 421 1.5707963267948966 1
157 436 1.7671458676442586 1
188 439 1.4971652489763858 1
153 454 4.884194828627882 1
251 464 0.9326603190344698 1
216 467 1.227184630308513 0
213 481 1.4971652489763858 1
83 511 5.301437602932776 0
238 524 3.509748042682347 0
218 536 5.325981295538946 0
254 538 2.9943304979527716 1
200 540 5.178719139901925 1
235 545 6.037748381117884 0
