296
560
500
36
194 178 3.043417883165112 1
65 187 5.5714182216006485 1
184 195 0.09817477042468103 1
121 196 5.890486225480862 1
248 217 0.662679700366597 0
113 233 5.915029918087033 1
46 239 5.522330836388308 1
230 242 3.6324665057131984 1
192 281 0.8099418560036186 0
150 287 0.2945243112740431 1
123 314 5.939573610693203 1
205 314 1.1780972450961724 0
160 340 1.2517283229146832 1
31 341 5.325981295538946 0
248 348 1.227184630308513 1
55 360 5.325981295538946 1
150 362 3.0925052683774528 0
163 376 4.417864669110647 1
207 376 1.4480778637640452 1
127 383 2.110757564130642 0
162 398 1.7916895602504288 1
178 405 1.8407769454627694 0
132 410 2.0371264863121317 1
191 423 1.718058482431918 1
122 430 5.129631754689584 1
150 437 5.056000676871073 1
216 456 1.3744467859455345 0
17 465 5.6941366846315 0
209 467 1.6935147898257479 1
73 472 5.473243451175968 0
22 516 5.890486225480862 1
207 518 5.227806525114265 0
187 521 5.325981295538946 1
141 527 5.595961914206819 0
108 542 6.013204688511713 0
151 547 5.915029918087033 0
