296
560
500
36
178 177 2.9206994201342606 1
173 194 0.0 1
50 204 5.424156065963627 1
108 204 5.743224069843841 1
226 236 3.5588354278946874 1
112 241 5.792311455056181 1
34 260 5.399612373357457 1
198 282 0.760854470791278 0
156 293 0.19634954084936207 1
209 318 1.1780972450961724 1
129 324 5.816855147662351 1
166 344 1.1535535524900022 1
253 345 1.2026409377023426 1
32 360 5.252350217720435 0
125 361 5.816855147662351 1
155 370 2.7979809571034093 1
52 374 5.350524988145116 0
174 378 4.221515128261284 1
214 383 1.3499030933393643 0
52 393 2.184388641949153 1
60 398 5.301437602932776 0
187 418 1.7671458676442586 1
206 424 1.6198837120072371 1
264 447 1.055378782065321 1
231 459 1.325359400733194 0
225 468 1.5707963267948966 1
89 479 5.497787143782138 1
251 498 1.1535535524900022 1
223 519 5.080544369477243 1
260 521 3.1906800388021335 1
208 526 5.473243451175968 1
44 529 5.8659425328746915 1
109 530 5.816855147662351 1
171 533 5.424156065963627 0
179 548 5.816855147662351 1
135 551 5.939573610693203 0
