296
560
500
25
145 217 3.141592653589793 1
156 241 0.14726215563702155 1
97 271 2.6016314162540475 1
160 286 0.19634954084936207 1
92 289 5.964117303299373 1
154 309 3.2397674240144743 1
40 318 5.448699758569798 1
137 359 0.19634954084936207 0
49 361 5.301437602932776 1
165 378 0.6381360077604268 0
107 388 5.988660995905543 1
231 392 0.6135923151542565 1
100 429 5.301437602932776 1
149 429 0.760854470791278 1
220 443 0.760854470791278 1
148 448 2.5034566458293663 1
167 453 3.730641276137879 1
118 470 5.056000676871073 1
202 472 1.030835089459151 0
226 477 0.9572040116406401 1
276 489 0.7363107781851077 1
61 501 4.884194828627882 1
276 501 0.9081166264282996 0
171 505 1.1535535524900022 1
179 520 4.221515128261284 1
