296
560
500
27
263 272 3.5833791205008576 1
256 296 0.6381360077604268 1
203 299 3.0925052683774528 1
79 310 5.5714182216006485 0
129 315 5.890486225480862 1
189 319 0.14726215563702155 0
247 335 0.760854470791278 0
125 350 5.939573610693203 1
50 361 5.5714182216006485 1
238 364 3.730641276137879 1
21 393 1.9880391010997909 0
201 400 0.8344855486097889 0
155 413 0.14726215563702155 0
211 429 1.2026409377023426 0
125 440 5.767767762450011 1
31 443 1.4726215563702154 1
39 456 5.203262832508095 0
255 463 1.1290098598838318 0
122 472 5.841398840268521 1
167 489 3.6570101983193686 0
136 493 2.2580197197676637 0
211 494 1.4480778637640452 0
48 499 5.325981295538946 0
141 502 1.9389517158874505 1
183 522 1.8653206380689396 1
257 536 4.540583132141498 0
199 537 1.6689710972195777 1
