296
560
500
33
182 189 0.8099418560036186 0
166 208 3.9269908169872414 0
86 215 3.2643111166206444 1
148 229 0.8344855486097889 1
67 231 0.2454369260617026 0
125 257 0.859029241215959 1
112 276 3.730641276137879 1
231 287 0.662679700366597 0
198 291 4.0987966652304335 1
72 311 0.7117670855789375 0
30 327 0.19634954084936207 0
84 338 1.0799224746714913 0
240 365 3.730641276137879 1
129 374 1.0799224746714913 1
246 395 0.6381360077604268 0
95 408 1.1290098598838318 0
218 409 0.9326603190344698 1
217 424 3.9760782021995817 0
69 425 1.2762720155208536 1
28 427 1.3499030933393643 1
242 436 4.0987966652304335 0
97 451 1.2517283229146832 1
230 455 3.80427235395639 0
171 473 0.6381360077604268 1
137 480 0.9817477042468103 0
135 492 1.2762720155208536 1
235 509 3.6079228131070282 0
42 515 4.76147636559703 1
164 516 1.3744467859455345 0
175 517 0.5399612373357456 1
49 527 4.9823695990525625 0
169 537 1.3744467859455345 1
181 543 0.9572040116406401 0
