296
560
500
54
209 164 1.1780972450961724 1
226 190 3.77972866135022 1
255 200 4.000621894805752 0
264 200 1.325359400733194 1
185 221 2.945243112740431 1
114 224 5.939573610693203 1
176 226 6.209554229361076 1
266 228 4.295146206079795 1
259 232 3.877903431774901 0
284 241 4.565126824747668 1
243 259 0.8835729338221293 0
62 261 5.5714182216006485 0
108 266 5.915029918087033 0
38 274 5.031456984264903 1
52 277 5.375068680751287 1
225 277 3.730641276137879 1
30 288 4.9823695990525625 1
190 309 0.859029241215959 1
36 310 5.105088062083414 1
142 326 0.1718058482431918 0
213 328 1.1044661672776617 1
41 335 5.252350217720435 0
154 355 1.0799224746714913 1
108 356 5.71868037723767 1
138 360 1.1535535524900022 0
123 372 2.2334760271614935 1
145 372 1.3989904785517047 1
242 373 1.227184630308513 0
131 384 1.6444274046134073 1
132 385 1.5462526341887264 1
119 394 2.061670178918302 0
51 398 1.7426021750380885 0
201 402 1.3989904785517047 0
58 411 5.2768939103266055 1
113 415 2.110757564130642 0
175 416 1.6689710972195777 1
274 420 4.466952054322987 1
51 426 5.080544369477243 0
128 439 1.8162332528565992 0
157 439 1.6935147898257479 0
192 444 1.718058482431918 1
128 456 4.908738521234052 0
159 456 4.81056375080937 0
114 464 1.9389517158874505 0
228 465 1.4726215563702154 0
276 468 4.73693267299086 0
65 470 5.227806525114265 1
242 471 4.540583132141498 0
56 480 4.614214209960009 1
117 481 5.129631754689584 1
70 488 5.178719139901925 0
104 494 5.252350217720435 1
227 506 4.81056375080937 1
197 515 2.110757564130642 0
