296
560
500
54
115 109 3.411573272257666 1
228 129 3.730641276137879 0
147 169 3.3624858870453256 1
76 175 2.478912953223196 1
140 177 0.5154175447295755 1
86 184 6.037748381117884 1
217 196 3.8288160465625602 0
110 199 2.6998061866787286 1
195 208 0.8835729338221293 1
176 221 0.9326603190344698 0
178 250 1.1535535524900022 1
160 268 1.3744467859455345 0
195 281 1.2517283229146832 1
183 289 1.3744467859455345 0
81 295 1.3499030933393643 0
220 298 1.227184630308513 1
117 307 4.6878452877785195 0
69 308 1.423534171157875 0
58 309 1.5462526341887264 0
148 311 1.9389517158874505 1
206 319 1.3499030933393643 0
117 320 4.466952054322987 0
165 320 1.7916895602504288 1
177 320 1.6444274046134073 0
128 327 4.9823695990525625 1
190 338 1.6444274046134073 1
100 355 0.3190680038802134 1
203 357 1.6198837120072371 0
226 368 1.2026409377023426 0
137 374 2.945243112740431 0
80 376 1.0062913968529805 0
93 376 0.7117670855789375 0
120 381 5.743224069843841 0
135 387 3.141592653589793 1
213 388 1.7671458676442586 0
223 401 1.3008157081270237 0
141 405 2.650718801466388 0
106 407 4.074252972624263 1
221 417 1.325359400733194 0
241 423 4.0987966652304335 1
233 433 3.1661363461959633 1
211 434 5.66959299202533 0
184 440 5.252350217720435 0
147 449 5.448699758569798 0
111 454 3.3870295796514958 0
75 456 3.77972866135022 1
192 460 5.71868037723767 1
114 461 5.915029918087033 1
169 466 5.5714182216006485 0
197 480 5.964117303299373 1
161 482 5.890486225480862 0
102 489 3.141592653589793 1
165 504 6.135923151542564 0
195 504 3.067961575771282 1
