296
560
500
56
168 120 3.3624858870453256 1
100 123 2.5280003384355365 1
162 128 0.5154175447295755 1
108 133 6.062292073724054 1
128 148 2.6998061866787286 1
238 150 3.8533597391687304 0
216 160 0.9081166264282996 1
196 170 0.9572040116406401 0
64 190 2.086213871524472 0
197 199 1.227184630308513 1
182 214 1.4480778637640452 1
56 226 1.88986433067511 1
213 230 1.3008157081270237 1
200 236 1.3989904785517047 0
99 244 1.3499030933393643 0
237 250 1.227184630308513 1
77 256 1.5707963267948966 0
88 256 1.4480778637640452 0
134 256 4.71238898038469 0
164 257 1.9634954084936207 1
194 265 1.6935147898257479 0
181 266 1.8162332528565992 1
134 267 4.466952054322987 0
223 269 1.3744467859455345 0
145 273 4.957825906446392 1
202 284 1.6689710972195777 0
55 301 1.423534171157875 0
117 303 0.22089323345553233 1
219 303 1.6444274046134073 0
153 320 2.82252464970958 0
243 320 1.227184630308513 0
110 323 0.662679700366597 0
97 324 1.0062913968529805 0
228 336 1.7916895602504288 0
156 350 2.6261751088602177 0
238 351 1.4480778637640452 0
117 356 4.147884050442774 0
255 374 4.049709280018092 1
246 379 3.706097583531709 0
224 383 5.620505606812989 0
197 386 5.301437602932776 0
161 395 5.424156065963627 0
92 402 3.8288160465625602 1
72 403 3.877903431774901 0
204 407 5.792311455056181 1
181 412 5.595961914206819 0
209 427 6.037748381117884 1
173 428 5.939573610693203 0
61 433 3.1661363461959633 0
118 436 3.1661363461959633 1
207 445 2.945243112740431 0
179 450 6.111379458936394 0
88 452 3.018874190558942 1
99 458 6.160466844148735 0
201 496 2.945243112740431 0
184 510 6.209554229361076 1
