296
560
500
55
131 71 3.2888548092268146 1
164 131 3.3624858870453256 1
95 133 2.552544031041707 1
159 140 0.5645049299419159 1
101 144 6.086835766330224 1
122 159 2.6998061866787286 1
232 168 3.902447124381071 1
210 173 0.9326603190344698 1
190 183 0.9817477042468103 0
58 198 2.110757564130642 0
190 211 1.227184630308513 1
129 218 1.8162332528565992 1
175 227 1.4480778637640452 1
53 237 1.9144080232812801 0
205 242 1.325359400733194 1
193 250 1.4480778637640452 0
91 253 1.3989904785517047 0
229 263 1.2517283229146832 1
48 265 1.8162332528565992 0
68 265 1.5953400194010667 0
80 265 1.4971652489763858 0
157 269 2.012582793705961 1
186 279 1.718058482431918 0
32 280 5.031456984264903 1
173 280 1.8653206380689396 1
214 282 1.3744467859455345 0
134 287 5.056000676871073 1
194 300 1.718058482431918 0
45 307 1.4971652489763858 0
107 313 0.3190680038802134 1
210 318 1.6935147898257479 0
143 331 2.945243112740431 0
98 332 0.7363107781851077 0
87 333 1.0799224746714913 0
232 333 1.227184630308513 0
126 338 5.792311455056181 0
142 344 3.141592653589793 1
218 349 1.8407769454627694 0
146 361 2.6261751088602177 0
227 365 1.5707963267948966 0
106 366 4.172427743048944 0
213 397 5.66959299202533 0
185 400 5.350524988145116 0
148 407 5.497787143782138 0
57 411 3.8533597391687304 0
80 412 3.8288160465625602 1
193 420 5.816855147662351 1
169 425 5.620505606812989 0
161 440 5.964117303299373 0
196 441 6.013204688511713 1
104 445 3.1661363461959633 1
194 458 2.9943304979527716 0
166 462 6.135923151542564 0
72 467 3.117048960983623 0
83 467 6.209554229361076 0
