296
560
500
43
136 170 3.215223731408304 0
65 187 2.748893571891069 1
125 188 0.2454369260617026 0
63 200 6.160466844148735 1
116 214 0.3190680038802134 0
13 229 1.9144080232812801 1
21 236 5.497787143782138 1
48 236 2.012582793705961 1
135 237 0.5645049299419159 1
166 251 0.6381360077604268 1
199 251 0.5645049299419159 1
135 262 0.8344855486097889 1
161 265 0.7853981633974483 0
198 276 0.7363107781851077 0
171 297 1.030835089459151 1
192 304 1.030835089459151 0
143 305 1.2762720155208536 1
164 305 1.1535535524900022 1
22 306 1.4480778637640452 0
221 308 1.030835089459151 1
134 314 1.6444274046134073 1
258 317 4.000621894805752 0
125 321 4.221515128261284 1
247 328 1.1044661672776617 1
131 331 4.516039439535327 1
82 332 0.7117670855789375 0
41 342 1.2517283229146832 0
133 344 4.6878452877785195 1
81 349 0.7853981633974483 0
70 353 0.9081166264282996 0
173 363 2.1598449493429825 0
54 366 1.1290098598838318 0
130 368 6.086835766330224 1
194 382 1.88986433067511 0
136 388 0.2699806186678728 0
250 390 4.71238898038469 0
131 398 0.44178646691106466 0
268 402 5.006913291658733 1
165 408 3.485204350076177 1
224 419 4.908738521234052 0
251 421 5.056000676871073 0
256 437 5.301437602932776 0
161 476 2.3316507975861747 0
