296
560
500
27
137 329 3.2397674240144743 1
133 338 0.36815538909255385 1
77 351 5.939573610693203 1
214 353 3.730641276137879 0
101 360 2.5280003384355365 1
194 361 0.760854470791278 0
173 375 0.8344855486097889 0
179 405 1.0799224746714913 1
166 422 1.325359400733194 1
198 433 1.1780972450961724 1
186 441 1.2517283229146832 0
84 457 1.227184630308513 0
122 462 4.565126824747668 0
153 464 1.8653206380689396 1
74 470 1.325359400733194 0
213 471 1.227184630308513 0
166 475 1.6935147898257479 0
131 479 4.859651136021712 0
177 480 1.5953400194010667 0
119 487 4.319689898685965 1
128 494 5.080544369477243 0
216 510 1.4971652489763858 1
208 512 1.7671458676442586 1
109 513 0.19634954084936207 1
148 527 2.724349879284899 0
104 534 0.6381360077604268 0
91 536 1.0062913968529805 0
