296
560
500
52
107 160 3.3379421944391554 1
62 225 2.6261751088602177 1
130 227 3.411573272257666 1
121 235 0.5645049299419159 1
67 238 6.135923151542564 1
195 258 3.8288160465625602 1
12 264 2.282563412373834 1
88 264 2.724349879284899 1
174 269 0.8344855486097889 1
153 280 0.9572040116406401 0
25 288 2.1353012567368124 0
154 311 1.2026409377023426 1
93 315 1.3744467859455345 1
19 326 1.9389517158874505 0
93 328 1.6444274046134073 1
139 334 1.4971652489763858 1
169 339 1.2762720155208536 1
156 348 1.423534171157875 0
54 350 1.423534171157875 0
13 354 1.88986433067511 0
201 354 1.227184630308513 0
32 360 1.6444274046134073 0
43 361 1.5462526341887264 0
89 363 4.71238898038469 0
119 366 1.9389517158874505 1
88 377 4.516039439535327 0
179 377 1.3499030933393643 0
135 381 1.8653206380689396 1
110 382 5.105088062083414 0
148 383 1.7671458676442586 0
91 396 4.8351074434155406 0
9 397 1.5462526341887264 0
161 398 1.7671458676442586 1
67 411 0.39269908169872414 1
174 415 1.718058482431918 0
58 430 0.7853981633974483 0
47 431 1.1290098598838318 0
103 431 2.84706834231575 0
183 444 1.8407769454627694 0
63 462 4.221515128261284 0
104 463 2.724349879284899 0
150 494 5.325981295538946 0
11 503 3.9760782021995817 1
33 505 4.000621894805752 1
106 508 5.522330836388308 0
67 510 3.5833791205008576 0
71 516 6.037748381117884 1
155 516 5.743224069843841 1
128 519 5.64504929941916 1
122 532 5.939573610693203 1
48 541 3.3624858870453256 0
37 548 0.07363107781851078 1
