296
560
500
59
103 76 3.1906800388021335 1
137 140 3.3379421944391554 1
70 146 2.5034566458293663 1
132 149 0.4908738521234052 1
74 159 5.964117303299373 1
206 166 3.7551849687440497 1
96 176 2.5280003384355365 0
184 176 0.7363107781851077 1
167 190 0.8835729338221293 0
24 191 2.2089323345553233 1
39 214 2.061670178918302 0
171 221 1.1290098598838318 1
112 231 1.3008157081270237 1
158 241 1.3989904785517047 1
113 243 1.5462526341887264 1
188 247 1.1780972450961724 1
37 251 1.8407769454627694 0
180 256 1.3499030933393643 1
219 259 1.1044661672776617 0
75 270 1.3499030933393643 0
142 280 1.9144080232812801 1
34 281 1.7671458676442586 0
54 281 1.5707963267948966 0
64 283 1.423534171157875 0
201 285 1.2517283229146832 0
159 291 1.7671458676442586 1
172 291 1.6689710972195777 0
20 294 4.957825906446392 1
112 295 4.491495746929157 0
125 299 5.006913291658733 0
185 307 1.6198837120072371 1
33 324 1.4480778637640452 0
200 326 1.6198837120072371 0
93 328 0.3190680038802134 1
132 346 2.3071071049800045 0
87 350 0.7117670855789375 0
75 351 0.9817477042468103 0
211 353 1.718058482431918 0
114 355 6.1850105367549055 0
127 359 3.2888548092268146 0
136 377 2.6016314162540475 0
99 380 4.0987966652304335 1
10 400 4.491495746929157 1
180 410 5.2768939103266055 0
140 422 5.473243451175968 0
47 425 3.9269908169872414 0
23 427 3.6324665057131984 0
70 428 3.8288160465625602 1
102 428 3.4606606574700063 0
188 430 5.6941366846315 1
107 434 5.915029918087033 1
164 437 5.5714182216006485 0
193 451 6.037748381117884 1
157 453 5.890486225480862 0
32 454 3.1906800388021335 0
95 456 3.1906800388021335 0
65 475 3.0925052683774528 1
160 475 6.111379458936394 0
77 481 6.209554229361076 0
