296
560
500
43
129 93 3.3379421944391554 1
124 107 0.5154175447295755 0
180 128 0.7853981633974483 0
92 139 2.6016314162540475 0
167 142 0.8835729338221293 0
44 149 5.522330836388308 1
162 173 1.1290098598838318 1
102 185 1.2026409377023426 1
148 192 1.3744467859455345 1
181 202 1.227184630308513 1
168 212 1.325359400733194 0
66 220 1.3499030933393643 0
45 230 1.5707963267948966 0
55 233 1.3744467859455345 0
98 234 4.614214209960009 1
194 239 1.325359400733194 0
163 242 1.6444274046134073 0
151 243 1.8162332528565992 1
177 262 1.6689710972195777 1
20 267 1.4480778637640452 1
13 274 4.663301595172349 0
83 276 0.4172427743048944 1
195 278 1.6444274046134073 1
122 297 2.9697868053466014 0
78 298 0.7853981633974483 0
66 300 1.030835089459151 0
103 304 5.792311455056181 0
121 310 3.117048960983623 1
127 326 2.6016314162540475 0
85 331 4.147884050442774 0
178 361 5.2768939103266055 0
130 372 5.497787143782138 0
35 377 3.9760782021995817 1
62 377 3.8533597391687304 1
95 377 3.4606606574700063 0
14 378 4.049709280018092 1
178 381 5.546874528994478 1
99 383 5.915029918087033 1
152 388 5.5714182216006485 0
143 404 5.890486225480862 0
182 405 5.890486225480862 0
87 409 3.1906800388021335 1
151 424 6.135923151542564 0
