296
560
500
52
211 98 3.436116964863836 1
88 107 2.429825568010856 1
106 119 5.8659425328746915 1
175 139 3.141592653589793 0
146 148 6.258641614573416 1
70 151 5.595961914206819 1
90 153 2.380738182798515 0
128 167 2.5034566458293663 0
194 168 0.8099418560036186 1
106 180 5.6941366846315 1
80 195 2.2089323345553233 1
214 195 1.0799224746714913 1
121 211 5.743224069843841 1
180 212 1.1780972450961724 1
123 221 2.282563412373834 1
103 243 5.473243451175968 1
202 243 1.4726215563702154 1
140 249 2.110757564130642 0
143 258 1.7426021750380885 1
41 260 2.061670178918302 0
201 262 4.589670517353839 1
181 267 1.5953400194010667 0
153 274 1.7426021750380885 1
217 279 1.521708941582556 1
90 289 5.203262832508095 1
123 312 2.1598449493429825 1
181 316 1.7916895602504288 0
113 327 5.252350217720435 1
205 339 1.7671458676442586 1
136 341 2.110757564130642 1
148 354 1.9634954084936207 1
224 358 1.521708941582556 0
42 380 5.473243451175968 1
213 387 1.6444274046134073 0
104 391 2.405281875404685 0
144 393 2.061670178918302 1
94 401 5.424156065963627 0
58 420 5.6941366846315 0
185 427 2.1353012567368124 0
124 440 5.325981295538946 0
63 448 5.964117303299373 0
169 453 5.227806525114265 0
91 456 5.743224069843841 0
110 463 5.6941366846315 0
186 464 5.325981295538946 0
46 471 0.04908738521234052 0
126 474 5.66959299202533 1
152 480 5.6941366846315 0
70 489 3.1906800388021335 0
96 490 6.062292073724054 0
176 490 5.915029918087033 1
103 512 6.258641614573416 0
