296
560
500
54
176 66 3.411573272257666 1
73 93 5.792311455056181 1
217 108 0.7853981633974483 0
141 112 3.043417883165112 1
114 119 6.1850105367549055 1
36 128 5.546874528994478 1
167 137 0.760854470791278 1
41 142 2.3316507975861747 1
183 165 1.0062913968529805 0
49 173 2.1353012567368124 1
151 180 1.0799224746714913 1
93 184 5.66959299202533 1
95 195 2.2089323345553233 1
175 205 1.3499030933393643 1
79 215 5.399612373357457 1
238 215 1.2517283229146832 1
121 218 1.2517283229146832 0
177 227 4.466952054322987 1
157 232 1.4971652489763858 0
130 240 1.6689710972195777 1
21 241 1.9880391010997909 1
194 244 1.4480778637640452 1
69 258 5.178719139901925 1
161 281 1.718058482431918 0
186 305 1.6935147898257479 1
117 310 2.0371264863121317 1
131 321 1.9144080232812801 1
205 321 1.423534171157875 0
197 350 1.5953400194010667 0
89 360 2.3316507975861747 0
129 360 1.9880391010997909 1
21 369 5.424156065963627 0
79 372 5.375068680751287 0
205 382 1.6935147898257479 1
172 389 2.0371264863121317 0
45 394 5.595961914206819 0
219 397 1.7671458676442586 1
112 408 5.2768939103266055 0
156 419 5.227806525114265 0
51 423 5.792311455056181 0
204 423 5.031456984264903 1
78 427 5.66959299202533 0
175 428 5.2768939103266055 0
99 432 5.620505606812989 0
185 442 5.71868037723767 1
114 443 5.620505606812989 1
142 446 5.620505606812989 0
38 449 6.135923151542564 0
167 454 5.890486225480862 1
82 461 6.013204688511713 0
65 462 3.067961575771282 0
176 470 6.209554229361076 0
139 478 6.062292073724054 1
97 483 6.160466844148735 0
