296
560
500
53
171 87 3.485204350076177 1
65 109 5.8659425328746915 1
132 130 3.0925052683774528 1
205 130 0.8099418560036186 1
107 135 6.234097921967246 1
36 151 2.405281875404685 1
159 157 0.8099418560036186 1
173 184 1.030835089459151 0
39 187 2.184388641949153 1
140 197 1.1044661672776617 1
81 199 5.71868037723767 1
83 210 2.2580197197676637 1
163 222 1.3499030933393643 1
66 229 5.473243451175968 1
227 232 1.2517283229146832 1
165 244 4.466952054322987 1
144 249 1.4726215563702154 0
101 251 1.9634954084936207 1
116 254 1.6444274046134073 1
182 263 1.4480778637640452 1
56 271 5.203262832508095 1
149 299 1.7671458676442586 0
174 320 1.6935147898257479 1
103 324 2.061670178918302 1
118 335 1.9389517158874505 1
194 338 1.4726215563702154 0
184 368 1.5707963267948966 0
75 374 2.3316507975861747 0
115 375 2.012582793705961 1
64 386 5.399612373357457 0
193 401 1.718058482431918 1
214 403 1.227184630308513 1
158 407 2.061670178918302 0
31 409 5.5714182216006485 0
206 412 1.718058482431918 1
98 424 5.252350217720435 0
143 435 5.178719139901925 0
37 438 5.816855147662351 0
187 438 5.031456984264903 0
65 442 5.64504929941916 0
162 445 5.2768939103266055 0
87 447 5.5714182216006485 0
101 459 5.595961914206819 1
172 459 5.767767762450011 1
22 464 6.160466844148735 0
128 464 5.64504929941916 0
155 471 5.8659425328746915 1
68 477 6.037748381117884 0
50 478 3.067961575771282 0
162 487 0.0 0
125 495 6.062292073724054 1
83 499 6.209554229361076 0
77 508 2.9697868053466014 1
