296
560
500
52
73 14 5.325981295538946 1
174 18 4.344233591292136 1
155 30 1.423534171157875 0
126 36 1.5462526341887264 1
195 42 1.423534171157875 1
67 61 5.056000676871073 1
163 80 1.6689710972195777 0
103 85 2.012582793705961 1
190 102 1.5953400194010667 1
120 112 1.9389517158874505 1
89 115 5.154175447295755 1
212 120 1.3499030933393643 0
135 122 1.8162332528565992 1
205 153 1.4971652489763858 0
136 166 1.88986433067511 1
97 168 2.2089323345553233 0
88 180 5.2768939103266055 0
31 182 5.325981295538946 0
183 195 1.9634954084936207 0
58 207 5.448699758569798 0
123 219 5.178719139901925 0
169 226 5.129631754689584 0
189 235 5.203262832508095 0
64 238 5.743224069843841 0
21 239 5.890486225480862 0
90 242 5.5714182216006485 0
113 244 5.497787143782138 0
199 248 5.5714182216006485 1
130 254 5.497787143782138 1
156 256 5.5714182216006485 0
184 261 5.792311455056181 1
52 264 6.135923151542564 0
30 272 6.160466844148735 0
99 275 5.939573610693203 0
79 277 3.0925052683774528 0
190 277 6.013204688511713 0
154 289 5.939573610693203 1
114 297 6.086835766330224 0
202 302 0.8344855486097889 0
142 313 6.037748381117884 0
112 339 0.04908738521234052 0
59 342 2.773437264497239 0
168 351 2.9697868053466014 0
131 352 3.1906800388021335 1
119 363 2.945243112740431 0
244 372 4.81056375080937 1
153 374 2.3071071049800045 0
92 384 2.724349879284899 1
126 389 2.3316507975861747 0
136 389 1.8653206380689396 1
110 402 2.086213871524472 1
118 406 1.718058482431918 0
