296
560
500
28
175 270 3.2397674240144743 0
97 275 5.743224069843841 0
144 277 0.0 1
186 282 0.662679700366597 0
123 297 2.5034566458293663 0
102 310 5.6941366846315 1
207 323 1.0062913968529805 0
67 332 5.301437602932776 0
178 335 1.0799224746714913 0
70 340 2.1353012567368124 1
116 344 5.66959299202533 1
116 358 2.2334760271614935 1
200 362 1.3499030933393643 1
103 374 5.424156065963627 1
202 385 4.466952054322987 1
182 394 1.521708941582556 0
154 398 1.6444274046134073 1
219 407 1.4726215563702154 1
92 420 5.178719139901925 1
186 444 1.7671458676442586 0
126 445 2.110757564130642 1
210 468 1.6935147898257479 1
110 472 5.227806525114265 1
141 473 2.061670178918302 1
155 483 1.9144080232812801 1
113 524 2.282563412373834 0
151 528 2.0371264863121317 1
103 537 5.325981295538946 0
