296
560
500
54
200 113 3.3624858870453256 0
163 116 0.1227184630308513 1
93 121 2.405281875404685 1
203 123 0.7117670855789375 0
137 135 2.6016314162540475 0
120 144 5.767767762450011 1
54 150 5.5714182216006485 0
87 164 2.2334760271614935 1
222 168 1.030835089459151 0
130 178 5.816855147662351 1
189 180 1.1290098598838318 1
215 207 1.3499030933393643 0
153 217 1.3008157081270237 0
212 222 4.417864669110647 1
55 227 2.086213871524472 1
191 235 1.5462526341887264 0
161 246 1.7671458676442586 1
97 253 5.252350217720435 1
226 253 1.521708941582556 0
193 285 1.8162332528565992 0
145 308 2.110757564130642 1
217 314 1.7671458676442586 1
157 323 1.9880391010997909 1
237 333 1.521708941582556 0
112 360 2.3316507975861747 0
47 361 5.448699758569798 0
153 363 2.061670178918302 1
226 364 1.6689710972195777 0
101 372 5.399612373357457 0
67 387 5.595961914206819 1
232 399 1.8162332528565992 1
197 400 2.110757564130642 0
253 403 1.4480778637640452 1
133 415 5.2768939103266055 0
32 416 6.062292073724054 0
73 423 5.890486225480862 0
181 426 5.252350217720435 0
97 431 5.767767762450011 0
123 437 5.620505606812989 0
227 439 5.154175447295755 1
198 441 5.325981295538946 0
135 445 5.66959299202533 0
58 451 0.07363107781851078 1
206 455 5.8659425328746915 1
34 456 0.02454369260617026 1
162 457 5.71868037723767 0
105 466 6.062292073724054 0
187 467 5.939573610693203 1
80 472 3.3624858870453256 1
192 483 0.02454369260617026 0
157 488 6.135923151542564 1
112 489 0.0 0
137 509 0.02454369260617026 0
103 531 0.2454369260617026 0
