296
560
500
49
181 140 3.3870295796514958 1
54 160 2.380738182798515 1
72 171 5.743224069843841 1
152 183 3.141592653589793 0
115 196 6.086835766330224 1
158 198 0.4908738521234052 1
32 201 5.522330836388308 1
59 203 2.356194490192345 1
100 213 2.405281875404685 1
80 231 5.5714182216006485 1
186 233 0.8835729338221293 0
51 251 2.2089323345553233 1
159 256 1.030835089459151 1
99 262 5.71868037723767 1
185 273 1.227184630308513 0
185 290 4.270602513473625 1
137 305 1.521708941582556 0
166 306 1.4971652489763858 0
23 310 2.012582793705961 1
205 315 1.423534171157875 1
101 341 2.1353012567368124 1
171 354 1.7916895602504288 0
86 363 5.2768939103266055 1
197 375 1.6935147898257479 1
122 383 2.110757564130642 1
136 394 1.9634954084936207 1
218 396 1.4480778637640452 0
208 425 1.5462526341887264 0
134 432 1.9880391010997909 1
89 435 2.356194490192345 0
21 439 5.448699758569798 0
81 444 5.399612373357457 0
218 462 1.7671458676442586 1
48 466 5.5714182216006485 0
181 466 2.086213871524472 0
115 484 5.2768939103266055 0
165 494 5.227806525114265 0
53 497 5.841398840268521 0
215 501 5.080544369477243 1
79 503 5.6941366846315 0
107 506 5.5714182216006485 0
185 506 5.2768939103266055 0
121 519 5.620505606812989 1
194 520 5.6941366846315 1
41 521 6.234097921967246 0
149 523 5.6941366846315 0
177 532 5.8659425328746915 1
69 538 3.1661363461959633 0
87 538 6.013204688511713 0
