296
560
500
47
123 98 3.067961575771282 0
92 109 6.160466844148735 1
137 117 0.5890486225480862 0
73 130 2.380738182798515 0
54 145 5.546874528994478 1
163 153 0.9326603190344698 1
135 163 0.9817477042468103 0
27 172 2.0371264863121317 1
70 176 5.595961914206819 1
160 190 1.2517283229146832 1
104 202 2.184388641949153 1
106 214 1.6689710972195777 0
165 215 4.3933209765044765 1
98 217 2.061670178918302 1
143 217 1.3744467859455345 0
102 226 1.7916895602504288 0
179 232 1.3499030933393643 0
87 248 1.9389517158874505 1
54 253 5.080544369477243 1
93 267 2.012582793705961 1
152 268 1.6444274046134073 0
73 282 5.105088062083414 1
180 289 1.5953400194010667 1
109 298 1.9880391010997909 1
76 303 5.129631754689584 1
124 308 1.8162332528565992 1
203 311 1.3744467859455345 0
196 342 1.4971652489763858 0
86 353 2.1598449493429825 0
125 353 1.88986433067511 1
16 354 5.129631754689584 1
18 367 5.227806525114265 0
75 370 5.252350217720435 0
21 375 5.325981295538946 1
173 382 1.9634954084936207 0
45 391 5.424156065963627 1
114 405 5.129631754689584 0
160 412 5.129631754689584 0
179 424 5.203262832508095 0
57 425 5.66959299202533 0
107 429 5.448699758569798 0
78 435 5.620505606812989 1
190 436 5.424156065963627 1
123 439 5.473243451175968 1
146 443 5.595961914206819 0
46 451 6.111379458936394 0
171 451 5.792311455056181 1
