296
560
500
40
185 94 3.3870295796514958 1
190 172 0.5645049299419159 1
222 178 3.6815538909255388 0
174 182 3.215223731408304 1
271 194 0.9572040116406401 0
201 208 0.760854470791278 1
105 218 2.086213871524472 1
258 226 1.055378782065321 1
246 230 3.9515345095934116 1
176 234 2.9943304979527716 0
129 256 1.8653206380689396 0
68 271 1.9144080232812801 0
163 281 1.3499030933393643 1
212 283 1.3744467859455345 1
170 294 1.2026409377023426 1
210 298 4.491495746929157 1
262 300 1.0799224746714913 0
73 305 1.8407769454627694 0
182 325 4.319689898685965 1
280 328 4.246058820867455 1
139 334 1.227184630308513 1
80 335 1.6198837120072371 0
251 345 4.196971435655114 1
209 348 0.8099418560036186 1
55 362 1.5953400194010667 0
113 365 1.1044661672776617 0
248 378 3.9515345095934116 1
165 396 3.9760782021995817 1
60 399 1.4726215563702154 0
240 403 3.877903431774901 1
56 414 4.73693267299086 0
246 426 3.5342917352885173 0
130 430 3.9515345095934116 1
213 447 3.436116964863836 1
198 463 3.3379421944391554 0
234 465 3.215223731408304 1
129 486 3.5833791205008576 0
135 500 0.3190680038802134 0
149 519 3.4606606574700063 1
191 527 3.1661363461959633 1
