296
560
500
32
152 145 3.5342917352885173 1
227 170 0.7853981633974483 1
151 219 0.6381360077604268 1
133 226 3.2643111166206444 1
184 230 3.77972866135022 0
228 251 1.0062913968529805 0
60 254 2.1598449493429825 1
158 254 0.8835729338221293 1
123 273 2.82252464970958 0
81 292 1.9634954084936207 0
237 317 4.196971435655114 0
117 330 1.227184630308513 1
241 343 1.1290098598838318 1
214 355 1.0799224746714913 0
129 363 4.368777283898306 1
87 369 1.2762720155208536 1
27 370 1.6935147898257479 0
230 379 4.246058820867455 1
162 388 0.9081166264282996 0
201 394 4.246058820867455 1
60 401 1.1780972450961724 0
191 427 4.049709280018092 0
110 434 4.049709280018092 1
184 447 3.9515345095934116 1
228 461 3.9515345095934116 0
76 473 3.9760782021995817 1
188 474 3.706097583531709 0
155 494 3.5588354278946874 1
212 499 3.5588354278946874 1
140 510 3.411573272257666 0
174 516 3.3379421944391554 1
208 537 3.1906800388021335 1
