296
560
500
33
151 88 3.6815538909255388 1
186 94 3.877903431774901 1
130 154 3.5342917352885173 1
206 180 0.760854470791278 1
261 223 3.9515345095934116 1
128 230 0.6135923151542565 1
111 237 3.313398501832985 1
162 241 3.7551849687440497 0
208 260 0.9817477042468103 0
41 262 2.1598449493429825 1
136 265 0.8344855486097889 1
102 284 2.773437264497239 0
259 289 1.030835089459151 0
61 303 1.9144080232812801 0
219 326 4.172427743048944 0
97 339 1.1780972450961724 1
223 351 1.1044661672776617 1
197 363 1.0799224746714913 0
112 374 4.319689898685965 1
69 378 1.2026409377023426 1
213 387 4.221515128261284 1
142 401 0.859029241215959 1
185 402 4.196971435655114 1
44 410 1.1290098598838318 0
175 434 4.000621894805752 0
96 443 4.000621894805752 1
170 456 3.9269908169872414 1
213 469 3.9515345095934116 0
173 482 3.6815538909255388 0
142 503 3.5588354278946874 1
196 513 3.5588354278946874 0
127 518 3.3870295796514958 0
159 525 3.3624858870453256 1
