296
560
500
40
216 59 3.877903431774901 1
271 119 1.2517283229146832 1
81 124 2.5770877236478773 1
163 124 3.6079228131070282 1
180 127 1.1044661672776617 1
207 153 4.246058820867455 0
170 161 1.3499030933393643 1
131 163 3.1906800388021335 0
84 166 2.356194490192345 0
112 187 1.2762720155208536 0
233 196 1.5462526341887264 0
99 204 1.8653206380689396 1
51 244 1.7916895602504288 1
89 255 4.957825906446392 1
13 261 1.8162332528565992 0
211 261 4.73693267299086 1
199 285 1.6444274046134073 1
168 288 1.6444274046134073 0
101 295 1.3989904785517047 1
239 304 1.3989904785517047 0
41 314 4.442408361716817 1
136 315 4.7860200582032 1
169 315 4.73693267299086 1
117 340 4.565126824747668 1
217 345 1.6689710972195777 1
232 357 1.0799224746714913 1
98 358 4.417864669110647 1
224 358 1.3989904785517047 0
210 370 4.81056375080937 1
231 379 1.2026409377023426 0
89 382 4.147884050442774 0
160 383 4.3933209765044765 0
50 385 4.025165587411922 1
129 392 4.319689898685965 1
32 397 3.8533597391687304 0
61 417 3.7551849687440497 1
96 425 3.9515345095934116 1
155 430 4.3933209765044765 1
114 447 1.0062913968529805 1
223 474 5.080544369477243 0
