296
560
500
62
131 22 1.9880391010997909 0
168 32 0.9572040116406401 0
64 40 1.9880391010997909 0
160 53 1.4480778637640452 1
165 64 1.325359400733194 1
210 64 1.4726215563702154 1
61 76 1.9389517158874505 1
207 78 4.589670517353839 1
270 95 1.2762720155208536 1
175 102 4.466952054322987 1
66 106 1.718058482431918 1
131 106 1.325359400733194 1
201 131 0.9326603190344698 1
102 135 1.2517283229146832 0
246 136 4.319689898685965 1
25 137 2.012582793705961 1
42 137 1.6935147898257479 0
26 156 1.8653206380689396 0
237 167 4.0987966652304335 1
43 170 1.423534171157875 0
150 173 4.0987966652304335 1
32 189 1.5953400194010667 0
224 189 4.000621894805752 1
20 192 1.8653206380689396 0
112 208 4.074252972624263 1
226 216 3.706097583531709 0
256 227 4.049709280018092 0
192 236 3.6079228131070282 1
173 251 3.485204350076177 0
56 255 3.6815538909255388 1
209 258 3.3379421944391554 1
99 268 3.730641276137879 0
247 286 3.411573272257666 1
225 312 1.423534171157875 1
164 318 3.2397674240144743 1
205 322 1.4971652489763858 0
251 323 4.81056375080937 0
228 334 1.3744467859455345 0
246 336 4.540583132141498 1
252 343 4.81056375080937 0
222 353 1.6935147898257479 1
124 354 2.1353012567368124 1
156 356 1.8162332528565992 1
127 365 2.061670178918302 0
209 368 4.73693267299086 1
75 378 4.516039439535327 0
154 384 1.7671458676442586 1
228 385 1.9389517158874505 0
84 389 4.7860200582032 1
191 394 1.718058482431918 0
200 395 4.8351074434155406 1
216 401 5.129631754689584 0
150 406 1.5953400194010667 0
176 413 4.859651136021712 1
135 415 1.7671458676442586 0
83 417 4.491495746929157 1
145 445 4.540583132141498 0
189 445 1.6689710972195777 0
140 449 4.123340357836604 1
175 455 4.908738521234052 1
159 473 4.221515128261284 0
216 474 4.9823695990525625 0
