296
560
500
49
234 38 3.3379421944391554 1
95 56 5.546874528994478 1
61 72 2.3071071049800045 1
24 94 5.375068680751287 0
65 112 2.2580197197676637 1
248 121 0.662679700366597 1
278 123 3.7551849687440497 1
225 127 3.215223731408304 1
47 134 5.375068680751287 1
252 157 0.9326603190344698 1
152 162 2.1353012567368124 1
217 175 2.773437264497239 0
63 195 2.1353012567368124 1
176 197 1.9880391010997909 0
105 212 1.9880391010997909 1
17 217 2.0371264863121317 1
210 228 1.423534171157875 0
254 240 1.4480778637640452 1
106 250 1.9634954084936207 1
251 255 4.614214209960009 1
219 273 4.491495746929157 1
111 276 1.7426021750380885 1
177 281 1.325359400733194 1
62 282 2.086213871524472 0
244 304 0.9572040116406401 1
87 308 1.7426021750380885 0
147 309 1.2517283229146832 0
288 309 4.319689898685965 1
69 310 2.061670178918302 1
69 329 1.9389517158874505 0
280 341 4.0987966652304335 1
86 344 1.4480778637640452 0
195 346 4.123340357836604 1
267 363 4.025165587411922 1
73 368 1.5953400194010667 0
64 373 2.061670178918302 1
156 381 4.049709280018092 1
267 390 3.77972866135022 0
57 399 5.620505606812989 1
71 399 3.9515345095934116 1
233 409 3.6570101983193686 1
215 424 3.509748042682347 0
45 425 6.086835766330224 1
97 427 3.6079228131070282 1
252 432 3.3624858870453256 1
139 440 3.7551849687440497 0
149 457 0.7363107781851077 0
57 471 2.380738182798515 1
155 471 3.877903431774901 0
