296
560
500
39
165 87 3.5342917352885173 1
244 119 0.8344855486097889 1
157 166 0.662679700366597 1
138 173 3.2397674240144743 1
194 173 3.77972866135022 1
64 203 2.1598449493429825 1
166 206 0.9081166264282996 1
238 210 1.0799224746714913 1
129 222 2.7979809571034093 0
82 240 1.9880391010997909 1
20 258 2.012582793705961 0
116 270 1.5462526341887264 1
245 272 4.270602513473625 0
125 279 1.3008157081270237 0
167 282 1.4480778637640452 1
17 294 1.9144080232812801 1
164 295 4.589670517353839 1
248 303 1.2026409377023426 1
225 313 1.227184630308513 1
132 318 4.442408361716817 1
88 324 1.3008157081270237 1
26 325 1.6935147898257479 0
159 346 1.055378782065321 1
244 354 4.344233591292136 0
66 355 1.1780972450961724 1
206 357 4.295146206079795 1
196 385 4.147884050442774 1
108 388 4.074252972624263 1
249 404 4.0987966652304335 1
186 408 4.025165587411922 1
73 426 4.000621894805752 1
186 427 3.80427235395639 1
225 431 4.025165587411922 1
153 452 3.6324665057131984 1
134 473 3.4606606574700063 1
202 474 3.706097583531709 1
171 478 3.4606606574700063 1
57 488 3.6079228131070282 0
199 496 3.2643111166206444 0
