296
560
500
23
209 110 3.4606606574700063 1
211 188 0.6381360077604268 1
191 193 3.2397674240144743 1
243 198 3.77972866135022 0
222 220 0.9572040116406401 0
119 223 2.184388641949153 1
178 239 2.6261751088602177 0
141 259 2.012582793705961 0
76 275 1.9880391010997909 0
169 287 1.4971652489763858 1
173 298 1.325359400733194 1
217 298 1.4726215563702154 1
67 311 1.9389517158874505 0
214 312 4.614214209960009 1
134 331 1.3989904785517047 0
183 337 4.466952054322987 1
75 344 1.6689710972195777 1
209 364 0.9572040116406401 1
112 366 1.2762720155208536 0
58 368 1.6198837120072371 1
158 402 4.0987966652304335 1
122 437 4.025165587411922 1
199 464 3.6079228131070282 1
